,x,y,z,px,py,pz,Bx,By,Bz,Ex,Ey,Ez
0,-0.0701050839036574,-0.43088409064506944,-4.317458444295432,0.7384813227029567,0.032737853161045063,1.9975789969468867,0.0,-0.0,0.0,0.0,0.0,0.0
1,-0.8229547489390341,0.3298381422088236,-1.1691930837135431,-0.06617881396305511,-0.14820070560927964,2.000134311216937,0.0,-0.0,0.0,0.0,0.0,0.0
2,0.17231273052575918,0.29104195303138725,-3.060747095120274,-0.5965948187425253,0.11262527324637843,1.9984682535009504,0.0,-0.0,0.0,0.0,0.0,0.0
3,-0.8241774791912181,-0.5492368041823125,-3.6334725547273363,0.25531182717679735,-0.3734547567877335,1.9995842036382945,0.0,-0.0,0.0,0.0,0.0,0.0
4,0.7295415365845797,-0.45575299053194834,-0.5932408919085326,0.121327538509406,0.130179259513007,2.002259160052728,0.0,-0.0,0.0,0.0,0.0,0.0
5,-0.763298642471653,0.21123359416742551,-4.036276280954523,0.752976399671234,0.42842863403914855,2.0016541516920814,0.0,-0.0,0.0,0.0,0.0,0.0
6,0.023893576765230642,-0.042975681515676135,-0.914105639289868,0.23486825289374366,-0.14862579867106215,2.001516028295394,0.0,-0.0,0.0,0.0,0.0,0.0
7,-0.1208782451497426,-0.02799377346872163,-2.8910473689061176,-0.4524279740648427,-0.4854406464445573,2.000640624280964,0.0,-0.0,0.0,0.0,0.0,0.0
8,-0.6643203054116069,0.3638408612613943,-0.8948444958152352,-0.27528736152543754,-0.45214090545528235,1.9969033934005351,0.0,-0.0,0.0,0.0,0.0,0.0
9,0.3359491119809729,-0.25192363761382447,-3.139920104347876,-0.9505832670040026,-0.12914404590662293,1.9999072635061115,0.0,-0.0,0.0,0.0,0.0,0.0
10,0.6893308533425234,-0.21540090446048848,-1.351494227257976,-0.8143807775483969,0.3011416580797055,2.001602968196179,0.0,-0.0,0.0,0.0,0.0,0.0
11,-0.30360941281314113,-0.6054437499872102,-4.09119206427349,0.6690205607373299,-0.5447000153549477,2.0010455869376464,0.0,-0.0,0.0,0.0,0.0,0.0
12,-0.5351752281984015,0.6347244952590437,-2.080691067792324,0.4346793185987601,-0.6530011180243565,2.0009135095062835,0.0,-0.0,0.0,0.0,0.0,0.0
13,-0.796702974774969,-0.2671769309337909,-2.462850827937495,-0.4829308119999605,0.3666694358916727,1.999985016328151,0.0,-0.0,0.0,0.0,0.0,0.0
14,-0.31223831095723126,-0.05323283300057234,-4.249398996021373,-0.23872428918629673,-0.8411401399815948,2.001620972922257,0.0,-0.0,0.0,0.0,0.0,0.0
15,0.3258242909471276,0.47191379448420767,-3.470769717849772,-0.8794464846292036,0.02546126161801889,2.0025385173262475,0.0,-0.0,0.0,0.0,0.0,0.0
16,0.20528678527397004,0.46995930082595466,-2.6267198810167196,-0.5706514207201507,-0.5211967935352315,1.999754746099629,0.0,-0.0,0.0,0.0,0.0,0.0
17,0.037550290649748186,0.7002982852505414,-2.2876850154200095,-0.8730164705856828,-0.010395092767040436,2.002239124137318,0.0,-0.0,0.0,0.0,0.0,0.0
18,-0.7036658995754206,0.6915438355745207,-4.417054957110292,0.3679018894139229,0.3848098715969834,2.0003071641101045,0.0,-0.0,0.0,0.0,0.0,0.0
19,0.12672462776261778,-0.2698031514821541,-2.0018623376138986,-0.9223302648473153,-0.0403163753136826,1.9980396850433895,0.0,-0.0,0.0,0.0,0.0,0.0
20,0.49612593925015736,0.7714776369132279,-0.7904555313312379,0.5448709259807597,-0.5727238771276383,1.9974213754344707,0.0,-0.0,0.0,0.0,0.0,0.0
21,0.46042047262130487,-0.21103534621731637,-2.9103273762711233,0.9256338712397052,-0.2716688360742951,1.9992950831117415,0.0,-0.0,0.0,0.0,0.0,0.0
22,-0.5227792196035302,0.812894336044365,-3.7839559669887763,-0.2598812484631315,0.25635978113653063,2.00197837388062,0.0,-0.0,0.0,0.0,0.0,0.0
23,-0.4117243917849984,0.4142224679199263,-0.22341767502654045,-0.4117989188318795,0.28217972672908914,2.002706648293003,0.0,-0.0,0.0,0.0,0.0,0.0
24,0.06162112744888847,0.8806538143530798,-2.806893284523456,-0.10372844896988524,-0.1809336781782257,2.0000329501536656,0.0,-0.0,0.0,0.0,0.0,0.0
25,-0.04666733057707138,-0.5304716273398128,-0.6089360065373048,-0.40100124385507613,0.46982273345320386,1.9966256543695249,0.0,-0.0,0.0,0.0,0.0,0.0
26,-0.6924821117621264,-0.10906218231252918,-4.372744993699171,-0.41914627755943995,0.7222912423540122,1.9997751860639683,0.0,-0.0,0.0,0.0,0.0,0.0
27,-0.20289458253186005,0.07961443207602682,-3.2259878156403334,0.664505901915901,0.25637982812391497,1.99740489409389,0.0,-0.0,0.0,0.0,0.0,0.0
28,0.3135291677288301,-0.16415479798733518,-3.423056515537946,-0.5698424485720535,-0.7149327932405777,2.0010159499169653,0.0,-0.0,0.0,0.0,0.0,0.0
29,-0.6823530491821486,0.6970200027743412,0.15189630398393036,-0.9115231645880142,0.17975171210580657,2.002675635819357,-1.9453132642784274e-14,-1.8978787743528448e-14,-0.0,-0.00044446082956395235,0.0004350521723577787,-0.00036323739322598707
30,-0.8096340434576591,-0.0783206730970644,-3.1359177354374297,-0.6768974647138519,0.060593123162037674,2.001183918191489,0.0,-0.0,0.0,0.0,0.0,0.0
31,0.263480322893636,-0.2512062062641451,-1.5001174607300667,0.26755677620137386,0.7286704129163386,1.9976196179295695,0.0,-0.0,0.0,0.0,0.0,0.0
32,0.00019235967994005,-0.9293271973385085,-0.07496415585544,0.8541385578218988,-0.39646036171000204,2.00085658697278,0.0,-0.0,0.0,0.0,0.0,0.0
33,-0.33522108172323933,-0.43781620929233783,-3.130464346556403,-0.13689486401351397,-0.77845066276815,1.998873770607773,0.0,-0.0,0.0,0.0,0.0,0.0
34,-0.3702633198310779,0.11570977495888013,-1.7564016189372829,-0.12740165760454264,-0.8522762813788997,1.9998577670787652,0.0,-0.0,0.0,0.0,0.0,0.0
35,0.6329048485210537,-0.3601517946934581,-3.315955475041161,0.7930369320405415,0.19693272124469247,2.0021708517303693,0.0,-0.0,0.0,0.0,0.0,0.0
36,0.39287853733770683,-0.5442413115783341,-1.4683342575490306,-0.5505722504213247,0.5030660458125191,1.9983739136395422,0.0,-0.0,0.0,0.0,0.0,0.0
37,-0.7741832442180541,0.36109914374550917,-2.4419167599686973,0.31703277345519704,-0.5474597451808793,1.9995954712726605,0.0,-0.0,0.0,0.0,0.0,0.0
38,-0.3858115945195315,0.07425184764779424,-0.8846559551807122,0.7247276053596065,-0.38962845362810705,2.00005710613412,0.0,-0.0,0.0,0.0,0.0,0.0
39,-0.042896407385045715,0.9917700990463166,-0.10717735278257388,0.18895536778715444,0.8676600322287118,2.0022010583864835,0.0,-0.0,0.0,0.0,0.0,0.0
40,0.31489387109147743,-0.921225958984434,-1.2665003819292693,-0.2895514853491198,0.6719953582246618,2.0000197660818464,0.0,-0.0,0.0,0.0,0.0,0.0
41,-0.2524862852056362,0.26768027719538856,-0.2828660674049655,0.921805645749075,-0.05593617840633943,1.998071286512225,0.0,-0.0,0.0,0.0,0.0,0.0
42,0.8712704188986582,0.3761429685761391,-0.9512282020571429,-0.6007368107901829,-0.7372586785790549,1.9983580025141536,0.0,-0.0,0.0,0.0,0.0,0.0
43,-0.4312483717744639,-0.09965605945203405,-2.5347448615913493,-0.4659189101708712,0.09738491807208799,2.000930358490466,0.0,-0.0,0.0,0.0,0.0,0.0
44,-0.23225537849722114,-0.39362612130600205,-4.337862285432915,0.6410160458719645,-0.021262862567628528,1.9972688962759468,0.0,-0.0,0.0,0.0,0.0,0.0
45,-0.5791857613246755,0.08458635327085713,-2.3587208459114395,0.33797803807217663,-0.5369985019472345,1.9989806593934418,0.0,-0.0,0.0,0.0,0.0,0.0
46,-0.8602282784789805,-0.19624687584543873,-1.9411386873258676,-0.805068674395443,0.44196665454547357,1.9976486115410328,0.0,-0.0,0.0,0.0,0.0,0.0
47,-0.75577435653905,-0.24571011765173534,-3.5837204418206006,0.26051244094470716,-0.032480979903084184,1.9992719591790666,0.0,-0.0,0.0,0.0,0.0,0.0
48,0.3451888068052393,-0.0855891599617103,-4.318243487510384,-0.45541865984243635,-0.5210249167060881,1.9987370601098107,0.0,-0.0,0.0,0.0,0.0,0.0
49,0.8682418522009502,-0.1131766910135855,-2.207862271147991,-0.7249236600412202,-0.5334240626718463,1.9989511436932685,0.0,-0.0,0.0,0.0,0.0,0.0
50,0.5928246254087961,-0.12151977063731689,0.24445065412100486,0.9004012356812624,0.08483126746051024,1.9995894567752435,5.513329698705748e-15,1.0349871810291093e-15,-0.0,0.0001266058023461664,-2.63871022836492e-05,-4.7849968196431945e-05
51,-0.604150852532625,0.41886676461449207,0.019966557622365173,0.4526351157784255,-0.8652284972231874,2.00197065921291,-6.178214397256187e-15,-6.9126161751578e-15,-0.0,-0.00014262492848350202,0.00015971184147027566,-0.0006577773767844553
52,0.2570045711484027,-0.16288213258573433,-1.9670929154463048,0.6786481665312653,0.14610582164867472,1.996840316825889,0.0,-0.0,0.0,0.0,0.0,0.0
53,-0.5326050756942861,0.6300374542398537,-1.2841086138594098,0.5402297444704359,0.24608200675111466,1.9978224890760738,0.0,-0.0,0.0,0.0,0.0,0.0
54,0.3100870168822805,0.04869550623020804,-3.369614661764364,0.5988261074896296,-0.400216881076558,2.0040432931015855,0.0,-0.0,0.0,0.0,0.0,0.0
55,0.9599532701526808,0.015995855364587613,-0.938626433611129,-0.06917360782651906,-0.07095297338908932,2.0000087051584794,0.0,-0.0,0.0,0.0,0.0,0.0
56,0.8194382277948081,0.16853405823268863,-0.7377730400384069,0.4754349993743992,-0.3561759116163559,1.9986544922454321,0.0,-0.0,0.0,0.0,0.0,0.0
57,-0.28038481232100526,-0.6371323487610916,-2.6677342350410065,-0.3920871559148366,0.7820034414553249,2.0017760204090314,0.0,-0.0,0.0,0.0,0.0,0.0
58,0.9992147298196855,-0.019297751060345102,-2.6197269637638927,0.10259242584323497,-0.807672403347637,2.0006433854401267,0.0,-0.0,0.0,0.0,0.0,0.0
59,0.1430840383478776,-0.7678836684571402,-0.299737036113426,0.10556860375398332,-0.5612442382946344,2.0043298423184615,0.0,-0.0,0.0,0.0,0.0,0.0
60,0.26959779864109035,0.16035661120775369,-2.489455806891773,0.3593115592605142,-0.606387458698957,2.0010624171908273,0.0,-0.0,0.0,0.0,0.0,0.0
61,-0.08948012725142003,0.811737079770851,-4.29954901839033,0.34062902815669394,-0.6070977550618091,1.9998086650951161,0.0,-0.0,0.0,0.0,0.0,0.0
62,-0.056209343433553126,-0.35219642308132526,0.014020879515989555,-0.4064891575026786,0.3136316650238453,2.002204649719452,1.7375734519763176e-14,5.78082992106692e-15,-0.0,0.0003878242548107834,-0.00013249629567875133,-0.0006489149795823118
63,0.0750411734369314,0.4089515054962613,-1.0346533038302654,0.34304646988416587,-0.1212313641361865,2.0036721794008026,0.0,-0.0,0.0,0.0,0.0,0.0
64,-0.6187943356631305,0.43991781547422687,-3.17163573679743,-0.6770861312472478,-0.14103126088197435,1.9989028816637255,0.0,-0.0,0.0,0.0,0.0,0.0
65,0.46473731809087,-0.8237197143328732,-0.5596740500112247,-0.764462862717404,-0.40100870273255496,1.9999299928062637,0.0,-0.0,0.0,0.0,0.0,0.0
66,0.5458033292979528,0.5414762340074668,-4.077728340148162,-0.11177883752851116,-0.17884597182699802,2.0024657194835123,0.0,-0.0,0.0,0.0,0.0,0.0
67,-0.28725279368501544,0.11256225723346601,-4.208919370261863,0.4039733431938209,-0.8936454211213691,1.997666171467362,0.0,-0.0,0.0,0.0,0.0,0.0
68,0.2791976397783522,-0.04899004044841422,-3.911647680929172,0.3390806049193096,0.9129193249177294,2.0020645877049086,0.0,-0.0,0.0,0.0,0.0,0.0
69,0.4091893185207956,-0.8018894125175436,-2.465251481693505,0.4611429613857058,-0.7634526028348901,2.000312734830521,0.0,-0.0,0.0,0.0,0.0,0.0
70,-0.8382917081455196,0.52394616710802,-3.5389074573715815,0.6223650044462568,0.4821845880131159,2.0021278197324137,0.0,-0.0,0.0,0.0,0.0,0.0
71,-0.3803184066537588,0.8232776987036812,-2.4040230039891646,-0.4289399334147174,0.4197539745728739,2.0016175951300483,0.0,-0.0,0.0,0.0,0.0,0.0
72,-0.39007959993559144,-0.6020843093773698,-1.2220400616582323,-0.10903285428707221,-0.617699245904567,2.0004762033830636,0.0,-0.0,0.0,0.0,0.0,0.0
73,-0.49661213467893384,-0.8357609471473313,-4.3564076020858336,0.7414137401104511,-0.232550035624688,2.000725300350994,0.0,-0.0,0.0,0.0,0.0,0.0
74,-0.9529957746467929,0.08113145966245144,-0.1427883823516601,0.5391735967810165,0.8293200475091418,1.9986904959540306,0.0,-0.0,0.0,0.0,0.0,0.0
75,-0.822199928569474,0.37669758283144295,-0.20119689564127777,-0.042098570079697466,-0.07657407222406917,2.001157048498972,0.0,-0.0,0.0,0.0,0.0,0.0
76,-0.548098440743278,-0.6585248359456325,-4.355790786208263,0.26082734270460284,0.7466057862583128,2.0008799795330012,0.0,-0.0,0.0,0.0,0.0,0.0
77,-0.571771730426275,0.43241534516934554,-2.9687694218668073,0.562387331913147,0.33236738538520155,2.0036329184038917,0.0,-0.0,0.0,0.0,0.0,0.0
78,-0.1844488931509743,-0.7548855176481843,-2.726237657396437,-0.7459601990251585,0.2829099592661322,2.0000721403149884,0.0,-0.0,0.0,0.0,0.0,0.0
79,0.14556146417088503,-0.47164403117085846,-1.8651087875885366,-0.07803928081828311,0.3282219729332405,2.0006818740960637,0.0,-0.0,0.0,0.0,0.0,0.0
80,0.22157796511856162,-0.1184451259040695,-2.1103841855519367,0.763624303047793,-0.12467966493270109,1.998166370991484,0.0,-0.0,0.0,0.0,0.0,0.0
81,0.8244084611653671,0.5623083290223502,-1.740544210182536,0.7866710628310376,-0.5746741964544273,2.0023408843974906,0.0,-0.0,0.0,0.0,0.0,0.0
82,-0.6438918224471998,0.27537833262308553,-4.230010311264643,0.7693375573059971,-0.5771500599404362,2.001390510392498,0.0,-0.0,0.0,0.0,0.0,0.0
83,0.4575211061178822,0.37868689389483606,-0.25843811155712937,-0.19331308665825267,0.9539881388556611,2.0032118132445906,0.0,-0.0,0.0,0.0,0.0,0.0
84,0.7703961991872826,0.3548559405133158,-2.8319694292045186,0.33050961323518663,0.8117670830982588,2.000168426746413,0.0,-0.0,0.0,0.0,0.0,0.0
85,-0.4573822985784103,-0.8353918309119378,-0.3028818963362638,-0.0007075961398856471,0.33387705560594777,1.9977141530062794,0.0,-0.0,0.0,0.0,0.0,0.0
86,-0.5643790993606815,0.26863310923064543,-0.442041488131696,0.5202274684975596,-0.008067366362926454,2.000073757533414,0.0,-0.0,0.0,0.0,0.0,0.0
87,-0.8799530072992254,-0.03693423057969252,-3.4892960629943106,-0.32994732025371054,-0.3419141234346514,1.9951909631068385,0.0,-0.0,0.0,0.0,0.0,0.0
88,-0.07657845500794312,-0.7822222544780747,0.4602634242560084,-0.04573448967249516,0.15554605416387926,2.001901943071666,-6.334328282548646e-15,1.7442763880173884e-14,-5.303995589372273e-228,-0.00014482441824714722,-0.0004000269029950839,0.0005786675766499854
89,-0.802824337323465,-0.18598596048038574,-3.2192119498764535,-0.07144423654959059,-0.8582295860294408,2.0027216551756846,0.0,-0.0,0.0,0.0,0.0,0.0
90,-0.1385744635857101,0.41283775826602526,-2.115086913673729,-0.5635147041366158,0.26939983864236516,2.001807561717407,0.0,-0.0,0.0,0.0,0.0,0.0
91,-0.6928233219784762,-0.5332461047366956,0.19680997441263276,0.596036990110975,0.25711357748833796,1.998268552115268,-1.6764761632159026e-14,1.3310832130845513e-14,0.0,-0.0003848004830594359,-0.0003062995134035259,2.4059938145401568e-05
92,-0.8009766651048305,-0.1511851292217284,-0.44506066489452145,0.48238225381328154,-0.7425707773914036,2.000520655859437,0.0,-0.0,0.0,0.0,0.0,0.0
93,-0.41650873889065665,-0.12627538331671526,-0.95295317716646,0.14451576375697142,-0.6307713865522924,2.000229120902629,0.0,-0.0,0.0,0.0,0.0,0.0
94,0.7050479238126625,0.24845807877363107,-4.000457942330506,0.7735001150233366,-0.2795688907604283,1.9986496715806006,0.0,-0.0,0.0,0.0,0.0,0.0
95,-0.3350365547780296,-0.7424131808972316,-0.024011444969952885,-0.47726956043154184,0.041488611753472036,1.997816234321782,0.0,-0.0,0.0,0.0,0.0,0.0
96,-0.5412249992233497,0.6577699145850591,-1.1249475642014968,0.46543484342900604,0.017618208432636992,2.0004658120514294,0.0,-0.0,0.0,0.0,0.0,0.0
97,0.9750452490436932,-0.17060909892817036,-0.22110593490860442,0.6436788246065246,0.18138262783361958,1.999600435463932,0.0,-0.0,0.0,0.0,0.0,0.0
98,-0.31052119232827197,-0.37842731907109933,-2.4359944999021086,0.8193204757229298,0.21398033394354785,1.9981230123152331,0.0,-0.0,0.0,0.0,0.0,0.0
99,0.9684646098532116,0.08401472141718147,-0.1978617888981277,0.25448848762971993,-0.40068878896647314,1.9972701214695021,0.0,-0.0,0.0,0.0,0.0,0.0
100,-0.2968447536107952,-0.25139668208435045,-1.6630648133437889,-0.46097080405390034,0.06098063545705448,1.9954601611915999,0.0,-0.0,0.0,0.0,0.0,0.0
101,-0.27219249634372084,0.05859517253459498,-3.9995397973047306,-0.2650915302819329,-0.578796962642593,2.000993589942836,0.0,-0.0,0.0,0.0,0.0,0.0
102,0.5288464204456512,0.47562612036547597,-0.7538496092375584,0.1074211215462766,0.745128250859614,1.9990141722472843,0.0,-0.0,0.0,0.0,0.0,0.0
103,0.4791319284717827,-0.6997731321670577,-2.480621143559232,-0.017873975024560354,0.3995714946946773,1.9976709859104023,0.0,-0.0,0.0,0.0,0.0,0.0
104,-0.7945358748795056,-0.3593843501974202,-3.0393778233025377,-0.7886917945333731,0.5636626592116485,1.99775220032349,0.0,-0.0,0.0,0.0,0.0,0.0
105,0.5841536804024522,0.2138538181951983,-3.094065953780588,-0.9422764313173365,-0.2567173848079897,1.9997247828654356,0.0,-0.0,0.0,0.0,0.0,0.0
106,0.2972938313364173,0.2914848836673346,-3.4527283101929074,0.35834306242922526,-0.8280768340490418,1.9969507720253037,0.0,-0.0,0.0,0.0,0.0,0.0
107,0.09954414166866973,-0.5884071397950691,-0.7364575550573486,-0.4083012135540527,-0.1417787078226073,2.0027324554540193,0.0,-0.0,0.0,0.0,0.0,0.0
108,-0.5358771986267491,0.0871312595190768,-3.019642232091474,0.8882245188713204,-0.16162664717245057,2.0006830086183505,0.0,-0.0,0.0,0.0,0.0,0.0
109,0.8116986057849495,0.3512898023430154,-1.3427882441792363,0.5277916439460187,0.4080824155190605,2.0010192279329204,0.0,-0.0,0.0,0.0,0.0,0.0
110,0.7579981503490062,-0.3543888615586014,-3.427675625190703,0.20669541724056822,0.3824167942121703,2.0006170694874323,0.0,-0.0,0.0,0.0,0.0,0.0
111,-0.5989695752139815,-0.11736571961797222,-4.368064134119271,-0.3446138344288583,0.5063555312926031,1.9965141552529027,0.0,-0.0,0.0,0.0,0.0,0.0
112,-0.651503785660476,-0.2990567462552257,-0.1077422447102574,-0.5296199112879599,0.21584288368914742,2.0018329490888287,0.0,-0.0,0.0,0.0,0.0,0.0
113,-0.3306094431286943,0.6901657764106446,-1.8950863315668969,0.011200202468573263,0.44540740665062895,2.0038507817933935,0.0,-0.0,0.0,0.0,0.0,0.0
114,-0.4699244660635396,0.41165505106986894,0.25134479509688323,0.8501526882164872,-0.5123369479472274,2.0017935409358807,-6.034830740935645e-15,-1.272605844825337e-14,0.0,-0.00013853515191842187,0.00028924578874151013,2.207277631575372e-05
115,0.47024105520752535,0.2963022817232891,-3.5662786763335315,0.7191527232708381,0.6004421801513098,1.9986403166561821,0.0,-0.0,0.0,0.0,0.0,0.0
116,-0.7945147091170899,0.06246055619362341,-0.021562696985871484,0.5978683054289363,0.5962290513871555,2.000846951565595,0.0,-0.0,0.0,0.0,0.0,0.0
117,-0.25544957423197956,-0.857295273763646,-2.428507991622361,-0.7142783672609053,0.4752604489903035,2.001042361334475,0.0,-0.0,0.0,0.0,0.0,0.0
118,-0.8312691893149923,0.26347370353175753,0.013844603160904509,0.43264535384846986,0.5707623517415398,1.999196681453896,2.5630887324247093e-14,-5.1283914874628e-14,0.0,0.0006121777671410721,0.0012453879356903647,0.00015854726812459516
119,0.3757686575022482,-0.3209169598818717,-3.7629493857942875,0.8645871080549401,0.1043164636921191,1.9976592752777922,0.0,-0.0,0.0,0.0,0.0,0.0
120,0.3598797946715461,0.6745738455801902,-2.726069844032797,0.2641895930379739,-0.07823942078101151,1.9982488058440184,0.0,-0.0,0.0,0.0,0.0,0.0
121,0.039142567666612824,-0.5675862626491213,-4.333308847726462,-0.10019078391900882,0.008156726035200658,2.0016999354638445,0.0,-0.0,0.0,0.0,0.0,0.0
122,0.8648057513557174,0.09018256387318165,-0.4261904778949146,-0.6362195063695111,0.5222405190365983,1.998365688438615,0.0,-0.0,0.0,0.0,0.0,0.0
123,0.7045167995435527,-0.2517407389666493,-4.299105169284222,-0.8584464572093669,0.21306832414349863,1.9985176471279387,0.0,-0.0,0.0,0.0,0.0,0.0
124,-0.6601595390519841,-0.04382889746380438,-0.5041352367779053,-0.01771101990609773,0.009032387130861262,2.000508410044306,0.0,-0.0,0.0,0.0,0.0,0.0
125,0.27116648356684836,-0.13649932620542846,-0.4049742446173435,-0.2328902261782616,0.14910599714721468,2.000391434783455,0.0,-0.0,0.0,0.0,0.0,0.0
126,-0.08439396594366276,-0.3343942448387517,-2.894697255573147,-0.6892958640313865,-0.43307993342868967,2.001378903217554,0.0,-0.0,0.0,0.0,0.0,0.0
127,-0.6708692877277788,-0.1046950303615712,-4.353661658548027,-0.13741727983714153,0.12197547038462513,1.9978513604641583,0.0,-0.0,0.0,0.0,0.0,0.0
128,0.7750111426532876,-0.16189467779638883,-1.9627502939545451,0.19771496482990766,-0.6146990420244074,2.0019230928160248,0.0,-0.0,0.0,0.0,0.0,0.0
129,-0.0378826509360393,0.7441695779958131,-1.1858891837944159,0.8287917207931774,-0.03496419554240858,1.9966659516264595,0.0,-0.0,0.0,0.0,0.0,0.0
130,0.12354846099062596,0.2136419787188098,-4.395133085791423,0.07492238015144762,-0.19161697877474945,2.0013630366119792,0.0,-0.0,0.0,0.0,0.0,0.0
131,0.6914801708091328,-0.4506100949204038,-0.1197730729678206,-0.46185507774071066,0.05718437840473281,2.0024354135501823,0.0,-0.0,0.0,0.0,0.0,0.0
132,0.4624797578643255,0.7919398831971509,0.23725001049557742,-0.14121224970096613,0.7982511074301917,1.9974939715606554,1.659148981139076e-14,-1.9944669090634915e-14,-0.0,0.00038277228365311117,0.0004570324207182838,-0.000324708845489627
133,0.26814280056771644,-0.24592131311521245,0.42243629988652726,-0.7802121376754185,-0.20314309367651923,1.9981226944200392,1.634078353031571e-14,5.8691489383924006e-15,-3.677378985532122e-250,0.0003757205213437044,-0.00013500645516978106,0.0007923073682246251
134,-0.8431029616005216,0.5145382345961916,-0.07409911176281567,-0.007522959412057126,0.08258896136786387,2.0009511001052696,0.0,-0.0,0.0,0.0,0.0,0.0
135,0.0008924629839559065,0.7387510288535503,-2.7468093856122713,-0.34470890748764005,-0.4275751664455113,2.0017068665750744,0.0,-0.0,0.0,0.0,0.0,0.0
136,0.8748640267170358,-0.45764411186431536,0.11887730631130225,-0.3463304952928972,-0.882831420172709,2.0007355735052403,2.4439056268695245e-14,1.3673773245703202e-14,-0.0,0.0005545059467847953,-0.0003108442383769844,-0.0002167756356809459
137,-0.2952642842109391,0.5931335887243888,-3.8590959543396854,0.25888413839480356,0.6599846057311144,2.000161030942274,0.0,-0.0,0.0,0.0,0.0,0.0
138,-0.08168518271756324,-0.7460688050364445,0.28560841339176235,0.918085626109914,-0.25601506104418537,2.0025768577147205,-1.3872771402838891e-14,1.9616994871227268e-14,0.0,-0.0003181719384900735,-0.00044852277178926523,7.532232844825516e-05
139,-0.7334493279690036,-0.5589553511153037,-0.5904847392469208,0.4443182152746699,-0.10966302820876413,2.002869666138692,0.0,-0.0,0.0,0.0,0.0,0.0
140,0.11157823736888095,0.3438697952852427,-3.760127193677356,0.358501072929354,-0.26394958088201903,1.997913535022927,0.0,-0.0,0.0,0.0,0.0,0.0
141,0.4760126116955509,-0.5001877870942536,-4.297005337892045,-0.4299282893768662,0.7515658780105389,2.0014223482919458,0.0,-0.0,0.0,0.0,0.0,0.0
142,0.2775325443648674,0.953942797083814,-0.1591506865308964,-0.512478271362572,-0.4951198142448072,2.0006700866555276,0.0,-0.0,0.0,0.0,0.0,0.0
143,0.5572153055420094,0.36446233047675997,-0.802668222684039,0.7388499506504032,0.3085928920111743,1.9995526563515593,0.0,-0.0,0.0,0.0,0.0,0.0
144,-0.7010388242819624,0.06557699023660102,-1.4562776061250957,-0.5935885336785923,-0.023201906379944952,2.0010813367211733,0.0,-0.0,0.0,0.0,0.0,0.0
145,-0.3759217866772869,-0.1490327396035128,-1.3940355522522858,0.5221385778491587,-0.46546479698716814,2.0014526312121474,0.0,-0.0,0.0,0.0,0.0,0.0
146,0.051499994776781174,0.09674698525714842,-3.1250641763917693,-0.3262825179322792,-0.5818156035719335,1.9984158362727826,0.0,-0.0,0.0,0.0,0.0,0.0
147,-0.8859691707540645,0.1365514130816139,-1.0713423110838192,0.026363037190049714,-0.7631156883722179,2.00241607944873,0.0,-0.0,0.0,0.0,0.0,0.0
148,-0.41071967691560046,-0.2856730277713502,-3.570174728788809,0.5898707172841836,0.43768521934712484,2.0039098071526813,0.0,-0.0,0.0,0.0,0.0,0.0
149,0.41535076044301356,-0.016274154930609807,-3.277285725301848,-0.2471208685854045,-0.23301019888411642,1.9993031008785471,0.0,-0.0,0.0,0.0,0.0,0.0
150,-0.2916129222913479,-0.03295735108265161,-4.468649039786093,0.6882182984975227,-0.4074696400030609,2.0029784868807288,0.0,-0.0,0.0,0.0,0.0,0.0
151,-0.14873306841544337,0.5755850499454764,-2.836973230992182,-0.8176761480971093,0.4906057533877279,2.0008035984850525,0.0,-0.0,0.0,0.0,0.0,0.0
152,-0.24707815620819915,0.9975349709714687,0.19434270096289985,0.2188255829698027,0.3569972343962039,2.000998668919856,-1.109170570294263e-14,-2.847455761453105e-14,0.0,-0.0002550550377418161,0.0006528497631877244,1.5546855859439024e-06
153,-0.36094861984885374,-0.6148414429166129,-2.1866315761985935,-0.13001634354102432,0.2439812620559575,1.9975514891793937,0.0,-0.0,0.0,0.0,0.0,0.0
154,-0.6215289075529423,0.08482972534150235,-2.0219567752725207,-0.7349115218059961,0.19461092623158843,1.9993519093810421,0.0,-0.0,0.0,0.0,0.0,0.0
155,-0.8699231637459873,0.4579686019948764,-3.0528930646092953,-0.41839773252202367,0.36134869892129,1.9994870845331323,0.0,-0.0,0.0,0.0,0.0,0.0
156,-0.3558509728170743,-0.6753723792722287,-1.5830191279871135,-0.7684447282105287,-0.3111012777319505,1.9954566311366464,0.0,-0.0,0.0,0.0,0.0,0.0
157,0.2569709996272465,0.45692205909757305,-1.1999892539031678,0.46665678194553,0.7175418915428028,2.00203831143757,0.0,-0.0,0.0,0.0,0.0,0.0
158,0.10684307543194023,0.05713366557529264,-0.3884133769940453,-0.18505087345222382,0.36432399316271197,2.002370420936994,0.0,-0.0,0.0,0.0,0.0,0.0
159,-0.022088766263814733,0.5371623480109805,-2.1333773256087993,-0.8009951518078227,-0.30247620664647196,1.996587747028866,0.0,-0.0,0.0,0.0,0.0,0.0
160,0.027556715002131072,-0.2029997416712399,-0.1672755412161125,-0.49376986759177316,-0.25754237418745274,1.996971190114436,0.0,-0.0,0.0,0.0,0.0,0.0
161,-0.9251273331511186,-0.23833531300843314,-2.473512241928826,0.8750866722322954,-0.28591660999859475,1.9992661665393203,0.0,-0.0,0.0,0.0,0.0,0.0
162,0.32661595450198416,0.8392487461123946,-1.5665825200069705,-0.07389684961983949,0.40811017574600444,1.9964610118406776,0.0,-0.0,0.0,0.0,0.0,0.0
163,-0.291709658723113,0.5799266680480042,-2.1944917587794515,0.4463863342170598,0.7713142078018064,2.0015053495691624,0.0,-0.0,0.0,0.0,0.0,0.0
164,0.048295723054574705,0.2807740775655005,-0.6914200550110006,0.2697390713897095,0.9116544433395746,2.002406787772689,0.0,-0.0,0.0,0.0,0.0,0.0
165,0.22086797791243026,0.8116760552853264,-0.29769190980543664,0.4756791686773404,0.6969070245291914,2.0005481282558093,0.0,-0.0,0.0,0.0,0.0,0.0
166,0.18582933472901117,-0.3924033142661748,-1.834823980896443,-0.7193066908509868,-0.6370562947560998,1.9969801785253265,0.0,-0.0,0.0,0.0,0.0,0.0
167,-0.8778876864116432,-0.1163592268622641,-4.08763611222772,-0.392612765302321,-0.009465471264954962,2.000035157984907,0.0,-0.0,0.0,0.0,0.0,0.0
168,-0.533294230419404,0.5112265503613419,-2.067768657072559,-0.3153667976385076,0.9372372838666507,2.0009894229079035,0.0,-0.0,0.0,0.0,0.0,0.0
169,0.5886569878132369,0.3140360010964058,-0.17769509105816816,-0.9021863709990116,0.08858790044529577,1.9966964939857441,0.0,-0.0,0.0,0.0,0.0,0.0
170,0.5112961937308287,0.04888394856169655,-2.5309729429990004,-0.2656219755620995,-0.8099688833228248,2.0001027879237436,0.0,-0.0,0.0,0.0,0.0,0.0
171,-0.11805048520421797,0.20901081443261393,-3.3428236222772276,0.7872530073123346,0.3431317985817485,2.0001206224434633,0.0,-0.0,0.0,0.0,0.0,0.0
172,0.4544135588465129,0.6669535627063135,-0.8920568370975973,0.32934279197063693,-0.6474550820629196,1.9980429165349822,0.0,-0.0,0.0,0.0,0.0,0.0
173,-0.6864452927925037,-0.16429662521013477,-3.0227498636933383,0.4182760177749836,-0.17064350535426648,1.998021900345694,0.0,-0.0,0.0,0.0,0.0,0.0
174,0.4848487180726553,0.6935742398980007,-2.128544883226876,-0.15317300199340217,-0.9312593258726233,1.9961118063452659,0.0,-0.0,0.0,0.0,0.0,0.0
175,-0.14589567963417155,0.01760023518394436,-3.1186387963464695,0.3379487777457462,0.08932817532986083,1.9989399194612962,0.0,-0.0,0.0,0.0,0.0,0.0
176,-0.7946390438405228,0.4632901930194999,-0.6545050189000027,0.20359474731681584,0.8776595536341447,1.998760768026721,0.0,-0.0,0.0,0.0,0.0,0.0
177,0.06974344429268275,-0.11619916737164417,-4.202011012957255,0.4186304040641045,0.46349408749473386,2.000665102417979,0.0,-0.0,0.0,0.0,0.0,0.0
178,0.5776274501057758,-0.014255654953264321,-1.6416012880137825,-0.8522787070813168,0.06376811256408609,2.000073851599963,0.0,-0.0,0.0,0.0,0.0,0.0
179,-0.2802282041507776,0.27453610703076137,-3.252371383522993,0.01777169533857129,-0.5260517258989905,1.9982201614146522,0.0,-0.0,0.0,0.0,0.0,0.0
180,0.6350745518304363,0.6134799947035364,-3.4737608890462277,0.982481370368258,0.07784881533361056,1.9998506706759502,0.0,-0.0,0.0,0.0,0.0,0.0
181,0.9368506124369871,0.08734400499138101,-3.9994740134097295,0.26164116383150626,-0.9446575011455305,1.9979415628493038,0.0,-0.0,0.0,0.0,0.0,0.0
182,-0.13072888306703215,0.9048103816688896,-0.08447039945509524,-0.9160479405919252,-0.1470203181315276,2.001424437055386,0.0,-0.0,0.0,0.0,0.0,0.0
183,-0.09050054073400488,-0.2425406595728156,-3.9994717804624154,-0.0385803631022247,-0.03413630241819487,1.9968167940176715,0.0,-0.0,0.0,0.0,0.0,0.0
184,-0.24060576572331951,-0.2593883904057569,-2.357646038143244,-0.027492787603928284,0.6235009420584198,1.9955250853092403,0.0,-0.0,0.0,0.0,0.0,0.0
185,-0.7350339314911343,-0.5548027546074105,0.1302449000746791,0.3274187809920998,-0.7303709823133978,1.9980648637026508,-1.960066322494201e-14,1.6478995739373733e-14,-0.0,-0.00045075859864637395,-0.00037794366646980816,-6.524671910399549e-05
186,0.3652669509388041,-0.5424564508850295,-4.030757435269772,-0.7239887968722913,-0.17214492182196198,2.0018838349068337,0.0,-0.0,0.0,0.0,0.0,0.0
187,0.10636709373583082,0.8778005886472017,-2.1284540109916468,0.4659465800345983,0.8463578170069624,1.9993492714685899,0.0,-0.0,0.0,0.0,0.0,0.0
188,-0.5975528821735767,0.7598699444588355,-4.207097250875452,0.7792913451253557,-0.5149933127549375,1.9968617498533308,0.0,-0.0,0.0,0.0,0.0,0.0
189,-0.22741855274730677,-0.7695317411233106,-3.97091142318653,0.017915254621540453,0.8665618013983686,1.997072488473826,0.0,-0.0,0.0,0.0,0.0,0.0
190,-0.5709104104030417,-0.1969962216126743,-2.693462501286119,0.2296649601073676,-0.10678625480367437,2.001240209606643,0.0,-0.0,0.0,0.0,0.0,0.0
191,0.5181372349006044,0.7091036069840576,-2.7320169087663126,0.1250651208249381,0.7615010667608018,1.9997510686100213,0.0,-0.0,0.0,0.0,0.0,0.0
192,-0.7278142446620498,0.31710532019877036,-3.395837926846794,0.3464986657283007,0.2141134868358384,2.0028581975140938,0.0,-0.0,0.0,0.0,0.0,0.0
193,0.53836143660801,0.6906304963533262,-1.7474576465579035,0.5133788141303876,0.3898765364112052,2.0001653829725647,0.0,-0.0,0.0,0.0,0.0,0.0
194,0.11126014245050014,-0.88632574057024,-3.4084714398082574,-0.6208210023483973,-0.20655760383936575,2.00302022320642,0.0,-0.0,0.0,0.0,0.0,0.0
195,-0.5690795429494921,0.1369993543272945,-1.2255671070414915,-0.08323290544748345,0.5898990031034311,2.003614068924409,0.0,-0.0,0.0,0.0,0.0,0.0
196,0.859290410942054,0.329666062633746,-2.5914243696307504,-0.4193070952073268,0.4570076580712439,1.9970098549941515,0.0,-0.0,0.0,0.0,0.0,0.0
197,0.8141648439576873,-0.010602801055922382,-3.4248022937782596,0.9243973102509591,-0.1079026165596034,1.9988301795617796,0.0,-0.0,0.0,0.0,0.0,0.0
198,-0.7699195159430254,-0.22762568781405293,0.18155320198448927,0.20298579820877014,-0.20310500719668065,2.0022385385776498,-2.1393412896765502e-14,4.377166961667722e-15,-0.0,-0.0004920313168982409,-0.00010134656534999101,-0.0003460561135382362
199,-0.3787612434319686,-0.22128035880825833,-2.453827237404895,-0.9010017966453713,-0.09920532845109321,1.9976223730476232,0.0,-0.0,0.0,0.0,0.0,0.0
200,0.27926213979648623,0.8987759831425066,-0.9210691416580716,0.015317594674239586,-0.8727840500829688,1.996375491562695,0.0,-0.0,0.0,0.0,0.0,0.0
201,-0.08255261755116135,0.6727609877963052,-2.0729564137760006,-0.2420458454278769,0.015983750349530118,2.0000714354389006,0.0,-0.0,0.0,0.0,0.0,0.0
202,-0.2651679240721787,-0.5604730311025033,-0.5627028219450028,-0.4983064590647293,-0.5742943567035806,2.000088783683148,0.0,-0.0,0.0,0.0,0.0,0.0
203,0.9839608388550432,0.02618461957382295,-4.481439615554393,0.3455918632626227,-0.022400979868963965,2.003650831004712,0.0,-0.0,0.0,0.0,0.0,0.0
204,0.34563581032633434,0.5013741821488961,-2.665801246445105,-0.37979344964851713,-0.8974797529987818,2.0004635939986786,0.0,-0.0,0.0,0.0,0.0,0.0
205,-0.5417338461655723,-0.6206765751288221,-4.462172941131764,-0.16051658575281785,-0.30598351144464975,1.9989126737367573,0.0,-0.0,0.0,0.0,0.0,0.0
206,0.044824416763975174,-0.41386821933106527,-0.16254209700575717,-0.5941030514190101,0.34408772475195626,2.0018109486223077,0.0,-0.0,0.0,0.0,0.0,0.0
207,0.28171316933176616,-0.6970823005616992,-3.1885524622140147,0.3564467399768291,-0.4137938852299885,2.002299389931068,0.0,-0.0,0.0,0.0,0.0,0.0
208,0.30415398686636874,0.28743544628803525,-1.9735193460881304,-0.5721578192795869,0.4046451564968707,1.9992207691252175,0.0,-0.0,0.0,0.0,0.0,0.0
209,0.5768813639479191,0.5935853866756123,0.04721920352015169,-0.0634102458392436,0.5558298208399296,2.0009159872309272,1.8834672125242068e-14,-1.1093292190164771e-14,-0.0,0.00043171592897691573,0.00025509802704913153,-0.00035476258549072546
210,-0.16611368027330353,0.738192481207751,-1.8700616532556995,-0.5554931598204054,0.633973479839863,2.001451521822768,0.0,-0.0,0.0,0.0,0.0,0.0
211,-0.08529595557602652,0.19324703962660994,-2.503022118098925,-0.7943421445228703,0.313816191349001,1.997454358708694,0.0,-0.0,0.0,0.0,0.0,0.0
212,-0.1142588192724577,-0.8645890763119554,-1.2123042580300116,-0.6839586960304296,-0.23312531631179143,1.9968068688179312,0.0,-0.0,0.0,0.0,0.0,0.0
213,-0.7332317963421942,-0.12346786442135979,-3.8941685369268555,0.1450485471751607,-0.6924850268132582,2.004759938931424,0.0,-0.0,0.0,0.0,0.0,0.0
214,-0.017492854099626087,0.8859218840307248,-2.1740215208216442,0.7468683273735871,0.3947479180520292,1.9973667598339584,0.0,-0.0,0.0,0.0,0.0,0.0
215,0.033913590418654334,0.6057171730636465,-3.8678761389789753,0.3239261419345353,-0.15622117025037366,1.999922892420714,0.0,-0.0,0.0,0.0,0.0,0.0
216,0.40146059363360365,-0.16437959626107204,-0.769062512429924,0.6124038750922717,0.3467887599270044,2.002389510005146,0.0,-0.0,0.0,0.0,0.0,0.0
217,0.1941080441064987,-0.5854102482983387,-3.994554513318191,0.4541132957072157,-0.6466424687718668,1.9992144053209415,0.0,-0.0,0.0,0.0,0.0,0.0
218,-0.17469144829436797,-0.8521121706405257,-0.521002213330655,-0.14196930269965186,-0.7082493306998144,2.0003526929311097,0.0,-0.0,0.0,0.0,0.0,0.0
219,-0.05144260054568399,-0.17228739678386504,-4.223809856579716,-0.034831184593467915,-0.4123956075705248,2.0012408179848786,0.0,-0.0,0.0,0.0,0.0,0.0
220,0.17797393097289851,-0.5493083138044607,-3.33859566354914,-0.6677852545511248,-0.7038916076240943,1.9980943082786955,0.0,-0.0,0.0,0.0,0.0,0.0
221,0.339957465014987,0.31691768030863565,-2.470624386156844,-0.6466660448724858,0.41778878556087595,1.9987934317113838,0.0,-0.0,0.0,0.0,0.0,0.0
222,0.020643240015724526,-0.1943606196628805,-3.041718910225119,-0.799634269098142,0.051816158420495036,1.9991602461949614,0.0,-0.0,0.0,0.0,0.0,0.0
223,-0.6709728817514553,0.1326041695894017,-3.7679149255747917,0.06962130384652206,0.1739987219219695,1.9969379730747172,0.0,-0.0,0.0,0.0,0.0,0.0
224,-0.6173983600605748,-0.35280369051457555,-0.8202038063244544,0.5129290238667679,-0.7539733671825782,2.0028553252109664,0.0,-0.0,0.0,0.0,0.0,0.0
225,-0.19676892483545871,-0.49005399928857357,-2.839015626102056,-0.9349607120043952,-0.04535417725216501,2.0001994126740903,0.0,-0.0,0.0,0.0,0.0,0.0
226,-0.5921054515850062,0.08627604776203038,-4.131082317743163,-0.9540101163769754,0.21216740812163182,1.9963925230936224,0.0,-0.0,0.0,0.0,0.0,0.0
227,0.16341717054073274,-0.896411771463945,-3.2173113755217897,0.33419445541664866,0.04025665446443217,1.997796406545552,0.0,-0.0,0.0,0.0,0.0,0.0
228,-0.8710114776574706,-0.4537161408777535,-2.7849974311341086,-0.5084870709881697,0.4670636892331353,2.0001104406970507,0.0,-0.0,0.0,0.0,0.0,0.0
229,0.23811869070200656,-0.7745196956010852,0.2967650022305798,-0.5642750088182538,-0.3717385853131975,2.0001055630208837,6.801955339452005e-15,1.7598811746940706e-14,-3.5e-323,0.00015739749019902827,-0.00040360694147710806,7.81690134607224e-05
230,0.07062732785222042,-0.09634971948558964,-0.34643478973613173,-0.37191343334192756,-0.6701285739616278,2.0007023383396563,0.0,-0.0,0.0,0.0,0.0,0.0
231,-0.47611219297910334,0.4591147162663035,-2.422323529765789,0.009980827936075094,0.05635052543152017,2.0003481417645927,0.0,-0.0,0.0,0.0,0.0,0.0
232,0.12595013752998305,-0.31717669654784597,-1.4412807974990114,-0.16478661762102637,-0.8116719565645938,2.002055984719514,0.0,-0.0,0.0,0.0,0.0,0.0
233,0.4724172791360946,-0.3876125935301697,-2.030357175394837,0.020243468546667635,0.07600873559293543,1.9997459793772387,0.0,-0.0,0.0,0.0,0.0,0.0
234,0.7793558146538517,-0.28196857923346,-0.002015076130648608,-0.6149396324061949,-0.7820212356879946,2.0003916620341173,0.0,-0.0,0.0,0.0,0.0,0.0
235,-0.40474312142061497,0.5473952488878816,0.15932061681410806,0.6344543384365584,-0.08424933227902179,1.9975330992803004,-1.59843824996862e-14,-1.9440064585283243e-14,-0.0,-0.00036664216234660906,0.0004448368027201537,-0.0003240790866071191
236,0.040189442350006384,0.6967058762612288,-0.9284380465464899,-0.3072603863836767,-0.2813650004044513,2.002421387247761,0.0,-0.0,0.0,0.0,0.0,0.0
237,0.05951243868364103,0.04144931130910525,-1.7469956486946845,-0.6338911444852332,-0.49871638479074115,1.9971325779081721,0.0,-0.0,0.0,0.0,0.0,0.0
238,0.4445769779789383,0.17779189098915318,-0.7581607416328031,-0.4786946197107614,0.8613232065583873,2.001839051937669,0.0,-0.0,0.0,0.0,0.0,0.0
239,-0.7246281556807623,-0.2268422774986221,-1.1911112751501283,-0.5940856794231454,0.06874744547184802,2.0012056120411432,0.0,-0.0,0.0,0.0,0.0,0.0
240,0.2467682780837228,-0.8857107432201151,-2.8592559816599343,-0.1693549990316613,0.5428253979379543,1.9998941630490725,0.0,-0.0,0.0,0.0,0.0,0.0
241,-0.4444851354051752,0.2863638414066558,-0.20648700276295115,-0.7583172139033165,0.3448263573154133,2.0029889290390077,0.0,-0.0,0.0,0.0,0.0,0.0
242,-0.9201365199442582,0.2391112446142807,-1.8825073654627713,0.029055314417797934,-0.5951748670354366,2.0015883412173547,0.0,-0.0,0.0,0.0,0.0,0.0
243,0.44474932951836854,0.38094713738610214,-3.62757183717128,-0.16677400884500068,0.5420659530986118,1.9971170542841767,0.0,-0.0,0.0,0.0,0.0,0.0
244,0.557533835923161,-0.5636937934690046,-4.403497062777774,0.8094962734392306,-0.5260277783752044,2.0018111866766763,0.0,-0.0,0.0,0.0,0.0,0.0
245,0.3165222764681802,0.7156616506981094,-0.29752228762470456,-0.46081953602841597,-0.8282546346235965,1.9984892846235642,0.0,-0.0,0.0,0.0,0.0,0.0
246,0.22905470806197506,-0.7502339136117425,-3.9739442948670547,0.31505131246867757,-0.6758391860240658,1.9990846731924852,0.0,-0.0,0.0,0.0,0.0,0.0
247,-0.560661808538468,-0.24903253383144872,-2.6834206236542344,0.20053046285924966,0.5920114195471492,1.9970865989550857,0.0,-0.0,0.0,0.0,0.0,0.0
248,-0.7032760999632905,0.1214190751306629,-4.486442165692091,-0.08246880763612437,0.8679221759976188,1.9977952595345354,0.0,-0.0,0.0,0.0,0.0,0.0
249,-0.26266302839392003,0.1583951373535638,-0.3578650574032449,-0.12177854269230755,-0.5068377633625276,1.999115182486798,0.0,-0.0,0.0,0.0,0.0,0.0
250,0.8239579230373325,-0.1564694456126761,-0.3572892816318953,0.5795825770232186,-0.6460820586446617,1.9974618669246795,0.0,-0.0,0.0,0.0,0.0,0.0
251,0.46190472803895155,0.3608382203542362,-2.626604297796101,-0.1431375712908851,-0.30029341881782734,1.998307798676227,0.0,-0.0,0.0,0.0,0.0,0.0
252,-0.48989222322150633,0.7887045033411274,-3.744345296168072,0.33540730710430944,0.9256696815889766,2.0008630459182153,0.0,-0.0,0.0,0.0,0.0,0.0
253,-0.006937354037065853,-0.8649460198430641,0.2055945157856766,0.6783432848624705,0.21988932503703923,1.9985993361681893,3.361607601409783e-15,1.9470686180995657e-14,-0.0,7.70768741635589e-05,-0.0004474196681788679,-0.0002341058512825581
254,0.572209766140967,0.8100931613747723,-0.6585275054970734,0.2820481564860791,-0.3156948053100666,1.9980002837731452,0.0,-0.0,0.0,0.0,0.0,0.0
255,0.45909167250925265,0.021167530987379512,-2.6828879888326544,0.8031717032514205,0.14953557115223226,1.9968060838278372,0.0,-0.0,0.0,0.0,0.0,0.0
256,-0.04074313265312664,0.7710640774302772,0.04827363233713242,-0.28127012717559075,-0.34662765059966394,2.0023662536296576,8.367328410969716e-15,-1.6278440418464953e-14,-0.0,0.0001921870643814438,0.00037449319181281145,-0.0003060932117130312
257,-0.19280908675680608,-0.36678621729757144,-2.2857634158819944,0.7581494705377742,-0.005131027428669468,2.0025158958899896,0.0,-0.0,0.0,0.0,0.0,0.0
258,-0.5770938665521083,0.008719691841436138,-3.544378899759167,0.03345198509651505,0.15586727463994296,2.001770631622113,0.0,-0.0,0.0,0.0,0.0,0.0
259,0.3875162718693266,-0.1127948677038875,-2.645921867988815,-0.18553497633669422,-0.6069445609251637,1.9951538088726752,0.0,-0.0,0.0,0.0,0.0,0.0
260,-0.36207620168788324,-0.2226468083269403,0.34886408919124146,0.5219611776332564,0.7866285857847608,1.9983369702514373,-2.042433297455017e-14,1.241369305877322e-14,-2.313260301082894e-293,-0.0004678096512271781,-0.0002815059782970514,0.0007045670014353224
261,0.46017840774455016,-0.25944361947062294,-3.892364256188363,-0.4742083309458586,-0.20319941301629163,1.9995886396855493,0.0,-0.0,0.0,0.0,0.0,0.0
262,0.5535632609677107,-0.19218687971955892,-2.4457871464892245,0.4317491132785044,0.8693982038168863,1.9946199419601602,0.0,-0.0,0.0,0.0,0.0,0.0
263,-0.45914470400133506,-0.7946074479447995,-0.8058460954762229,-0.4996554458886367,-0.7856800366579714,2.000197205796927,0.0,-0.0,0.0,0.0,0.0,0.0
264,-0.9399698370988925,-0.16436550459267082,-1.3471249887740675,-0.023742249325513887,0.731097753372422,2.0011830125836925,0.0,-0.0,0.0,0.0,0.0,0.0
265,0.4305353631979809,0.8747539634477853,-4.424135805196599,0.7445770971492245,-0.3653607176388536,1.999000764387143,0.0,-0.0,0.0,0.0,0.0,0.0
266,-0.25292340495327237,0.5419788409613338,0.1649964378439512,-0.06793409844142621,0.7979036962058336,1.9994882425858242,-4.0868895389994275e-15,-1.534060704368794e-14,-0.0,-9.405781638185721e-05,0.0003517642585855664,-0.00031339527476636933
267,0.4605843225968944,0.6549212300784052,-4.139965221556801,-0.39218806027476677,-0.07657081142353081,2.0013800741554992,0.0,-0.0,0.0,0.0,0.0,0.0
268,-0.9125002635764885,-0.4530465046205654,0.23188456704283847,-0.6422177409982477,-0.7168861925039568,1.9986835618733727,-2.4553921952182822e-14,1.4555990977693597e-14,0.0,-0.000564780019444246,-0.0003347169798304182,5.620020882043922e-06
269,0.7619086944752035,-0.3403216025923687,-2.796296325625111,-0.47590222942104915,0.2925925865544991,2.0025945361956574,0.0,-0.0,0.0,0.0,0.0,0.0
270,-0.43029917442532034,0.7186384570404482,-1.1400521280701206,-0.3660791583289806,0.7934930352093968,2.0017454131279804,0.0,-0.0,0.0,0.0,0.0,0.0
271,0.6335299503487422,-0.5465140150959139,-0.4718530532134397,0.6381358347066556,0.2255476782696608,1.999317109301545,0.0,-0.0,0.0,0.0,0.0,0.0
272,-0.14637464462849495,-0.7800021927565113,-2.6820674629178893,0.2555159832397698,0.21514855047306436,2.003643747283001,0.0,-0.0,0.0,0.0,0.0,0.0
273,0.7726397860793939,-0.35600270315626403,-2.1322333154345086,0.05921786274842163,0.3219345051471235,2.0011405975753234,0.0,-0.0,0.0,0.0,0.0,0.0
274,0.8408296102486098,0.25199310873947567,-2.6732911773608135,0.6593082346601837,0.10493602271932459,2.0021094926418446,0.0,-0.0,0.0,0.0,0.0,0.0
275,-0.2577220830099511,-0.6440064350718885,0.45930354543506813,0.20024367664804776,0.7213973115844001,2.003396328641047,-9.17537070676665e-15,6.245728022145428e-15,1.4544754200695968e-228,-0.00021147298792403217,-0.00014285768582311963,0.00030915915043642437
276,-0.6856389004107227,-0.15838761159467923,-2.527169559414522,-0.5933602662377587,0.7945827044582204,1.9971517792263778,0.0,-0.0,0.0,0.0,0.0,0.0
277,0.2440681712648574,-0.4954600005549115,-1.8945294253507023,-0.05018641047447499,0.3986128093880778,1.9980453935221096,0.0,-0.0,0.0,0.0,0.0,0.0
278,0.4907511429265546,0.07863946208401366,-3.123382988859764,0.517958706947025,0.4729660973566435,2.0045661321239145,0.0,-0.0,0.0,0.0,0.0,0.0
279,0.8272645702556658,-0.39584805111342153,-4.383206355775928,-0.28861969111344454,-0.7827104896243401,1.9977227035376979,0.0,-0.0,0.0,0.0,0.0,0.0
280,-0.697278621980634,0.42090804165040896,-3.5080753538542315,0.5387331155755388,-0.38295158480831837,1.9961987469985176,0.0,-0.0,0.0,0.0,0.0,0.0
281,0.8321822713077365,-0.3810141865610149,-1.5137366137493085,0.09973013048227118,-0.025331939152981542,2.0002606674201058,0.0,-0.0,0.0,0.0,0.0,0.0
282,-0.3601465332585031,-0.28277819002700727,-2.2581615759621494,-0.8609392840126557,0.33388120462174536,1.9994232056936465,0.0,-0.0,0.0,0.0,0.0,0.0
283,0.6072123216118461,0.7550744303590858,-1.0809792081438954,-0.8728748788403868,0.08365357637624307,1.9972316548844535,0.0,-0.0,0.0,0.0,0.0,0.0
284,-0.5855261087606912,-0.8027772841632211,0.4970728748431369,-0.221663001739452,-0.20568029833778717,1.999051254704227,-1.423659819933532e-14,1.4154796810587328e-14,4.2768571234823656e-207,-0.00032761947666487047,-0.0003250148614430146,0.0003362869671985812
285,-0.7457889169179269,-0.18715513193023556,-3.3058954174069966,-0.8315524769952636,-0.5500609716571389,1.9989414240463366,0.0,-0.0,0.0,0.0,0.0,0.0
286,0.8850321169856632,-0.11035926151972966,0.0023872830158707444,0.46668817898391723,-0.2672650256067434,1.9999300033995873,1.4130812764368552e-14,2.5241714739149473e-15,-0.0,0.00032203328773983315,-6.008297709096875e-05,-0.0005087956082374172
287,-0.4262037269541871,-0.7354106215792309,-3.2740842482049817,0.7758588192179737,-0.22547421627698822,2.0018262334748442,0.0,-0.0,0.0,0.0,0.0,0.0
288,0.8499845813846169,-0.10841862698425045,-2.6474536302161833,-0.6020552430001289,-0.770342020792899,1.9982943892288363,0.0,-0.0,0.0,0.0,0.0,0.0
289,0.37397938086284815,0.36707011521073,-3.8878911526029114,0.22166361560796055,0.03450762919909182,2.0000920082871025,0.0,-0.0,0.0,0.0,0.0,0.0
290,-0.30182335949673417,0.3225832822052545,-2.5837429248972885,0.8850042127812372,-0.4569883893902026,2.005182841609786,0.0,-0.0,0.0,0.0,0.0,0.0
291,0.16068774792390944,0.18359228497330057,-1.2180242587771182,0.6574999692698763,-0.5165058603614344,1.9983255938176196,0.0,-0.0,0.0,0.0,0.0,0.0
292,0.5927863987841676,0.1171501701365158,-2.818256958915065,0.6086573253202706,0.6108985589084274,2.002406137710235,0.0,-0.0,0.0,0.0,0.0,0.0
293,0.1762302394187797,0.8947616162548497,-3.5074879569935424,0.10549701324506518,-0.14874285825902442,2.0005327747393893,0.0,-0.0,0.0,0.0,0.0,0.0
294,0.3394504321646277,0.9101626810931805,-0.0012279650749652123,0.48881661133313997,0.3943644565320394,1.9999273573956677,0.0,-0.0,0.0,0.0,0.0,0.0
295,-0.018519280452065072,-0.5378990794506963,0.4366185219803348,-0.4383924007277677,0.37740360500002085,2.0025938813070576,5.44098266477299e-15,8.716120172836103e-15,-7.832883377266036e-242,0.00012634438829305943,-0.00020015373705129153,0.0005273299425096149
296,-0.09001355398494273,-0.7889855470145446,-2.345395069675799,-0.23787667853512434,-0.4661674639398306,1.997986994989334,0.0,-0.0,0.0,0.0,0.0,0.0
297,-0.2900223356213213,-0.6907294987545451,-2.427339145292748,-0.7536322020457938,0.4562832452637866,1.9977145730673145,0.0,-0.0,0.0,0.0,0.0,0.0
298,-0.36339087640183465,-0.4151350495929629,-3.5092586438770863,-0.09554864163402252,0.8540634141161615,2.0004345253201743,0.0,-0.0,0.0,0.0,0.0,0.0
299,0.22043494272467432,-0.28215079099800144,-2.808056828799863,0.7815661789148254,0.36063980451970096,1.9943367170144297,0.0,-0.0,0.0,0.0,0.0,0.0
300,-0.4487707734553766,0.7646929081035269,0.2674881034570794,-0.5422266474874403,0.10553532720540608,1.9974440673880156,-1.2660500549970375e-14,-2.5723837881847373e-14,0.0,-0.0002909934189292551,0.0005911911725766214,4.2696828930454055e-05
301,0.54265618023026,0.3804649332612096,-2.332125216996258,-0.4481965768556228,0.1717004870270034,2.0002649351098745,0.0,-0.0,0.0,0.0,0.0,0.0
302,0.49830540633925685,-0.6075397394174131,-0.8858733579558343,-0.628242973125925,0.16169885568558756,1.9976281857123832,0.0,-0.0,0.0,0.0,0.0,0.0
303,0.7684777173604777,0.5568636017026071,-3.6848371285598507,0.4208295364917867,-0.03249066214447276,2.002389993924768,0.0,-0.0,0.0,0.0,0.0,0.0
304,0.7141226745011878,-0.0007126011532639459,-1.041780409575682,0.16084198969320462,-0.980090635268263,1.9994204936299003,0.0,-0.0,0.0,0.0,0.0,0.0
305,0.12761869467841158,0.8462114141616769,-0.9120420256857233,0.32582316718498505,-0.019230047774837986,1.9972369111454011,0.0,-0.0,0.0,0.0,0.0,0.0
306,0.7495604378304584,0.3043785152488094,-1.509959835723036,-0.6401965091908262,0.42349295900018474,2.0009298676121037,0.0,-0.0,0.0,0.0,0.0,0.0
307,0.013433730969212349,0.1277619244211118,-3.369725076077109,0.4404300671106495,0.10470386130545102,2.004008917205289,0.0,-0.0,0.0,0.0,0.0,0.0
308,0.03616309223158421,-0.03338304405373551,-0.4027933877952898,-0.17890969559999317,0.531724765364255,1.996262517827219,0.0,-0.0,0.0,0.0,0.0,0.0
309,-0.6655985420691228,-0.6229334569904285,-1.5923047572625575,-0.9719868342148327,-0.17318734859318785,1.99756746611824,0.0,-0.0,0.0,0.0,0.0,0.0
310,0.3114879361969391,0.12385734802834644,-3.27589686551626,0.4531913714819418,-0.12407875622697774,1.9997854825338888,0.0,-0.0,0.0,0.0,0.0,0.0
311,-0.39539182992088545,0.58446713163832,-2.536520247103669,0.042564689962343,-0.01748951828820135,2.000915941006723,0.0,-0.0,0.0,0.0,0.0,0.0
312,-0.3985295443453894,0.24842158761499833,-2.0995746999012894,-0.49878186102028654,0.6310285558052868,2.001262411766715,0.0,-0.0,0.0,0.0,0.0,0.0
313,0.1611044646238553,-0.4454792697835239,0.017257207976717225,0.0736884732304954,-0.25425860576943976,1.9978303982828043,6.101611258105773e-15,1.1704459338612672e-14,-0.0,0.0001423859405198438,-0.00026832445028135323,-0.0005154406019790652
314,0.04513397950444397,-0.5314009382676739,0.009474851151013467,-0.30383989958663127,-0.9479907200948757,1.9979618151999772,1.0728718513076771e-14,1.0343104145943554e-14,-0.0,0.00024976434406406844,-0.00023642159440805214,-0.0005950826185063117
315,0.36901776465739583,0.20533399415783327,-1.7593186850718916,-0.41475478894919643,0.820559475683653,2.0043730879476906,0.0,-0.0,0.0,0.0,0.0,0.0
316,0.5638690264996831,0.06353565422537223,-0.8247844595436469,0.6341252815748943,0.6261586822865085,1.9977675475808891,0.0,-0.0,0.0,0.0,0.0,0.0
317,-0.5938465354326767,-0.00443032089311545,-1.9197360843513684,-0.1342454305786886,-0.006909820389620982,1.9962221209499325,0.0,-0.0,0.0,0.0,0.0,0.0
318,0.06825854477155707,-0.9493867835797798,-1.2853708040096883,0.607402689976841,-0.09830360481620222,2.0014776633831115,0.0,-0.0,0.0,0.0,0.0,0.0
319,-0.30834933487421623,0.035858257658377905,-2.95767861720862,0.6050127250834137,0.7819217890426423,1.9989896273870638,0.0,-0.0,0.0,0.0,0.0,0.0
320,0.20720710485761076,-0.16157229515680058,-2.1829308420900375,-0.6535458830783113,0.27665617407611764,1.9947328829303173,0.0,-0.0,0.0,0.0,0.0,0.0
321,0.29736508061761635,0.1655401796914667,-4.0323758487638655,0.05062012948744321,0.787164364780738,2.0021235212759785,0.0,-0.0,0.0,0.0,0.0,0.0
322,0.1381427817079336,-0.3960567984653672,-0.0951347056111511,0.794369493258939,-0.37736361110095895,1.9999790539489162,0.0,-0.0,0.0,0.0,0.0,0.0
323,-0.8504950656532058,-0.36757288887901485,0.3486426150875548,0.5244592927435432,-0.21742386156260946,1.999555445196275,-2.479595425007596e-14,1.8465946325513078e-14,-1.0255113351777532e-291,-0.0005697859882154585,-0.00042440270975032643,0.00017773318245711676
324,0.025785118764729793,-0.06431341554979575,-1.645882256937765,-0.3670215691337318,0.5508290282920336,1.9993956267786959,0.0,-0.0,0.0,0.0,0.0,0.0
325,0.5029500553563178,-0.3915706291572606,-3.0127495932968107,-0.8578602793374113,0.06957725128821451,2.000378990518909,0.0,-0.0,0.0,0.0,0.0,0.0
326,-0.3645905015455936,0.23305725653271817,-1.1416939571611424,-0.11371223385314047,-0.17334631904390962,1.9945245543280279,0.0,-0.0,0.0,0.0,0.0,0.0
327,-0.2562265041023329,-0.24737537174248497,-3.3207166545992495,0.8269702827066985,-0.03919138434237299,2.001280777475639,0.0,-0.0,0.0,0.0,0.0,0.0
328,-0.696664195793462,-0.6605127313548748,-3.435673807839625,-0.4564263670375649,-0.46815023598016803,1.9994612891464942,0.0,-0.0,0.0,0.0,0.0,0.0
329,-0.8767238097254801,0.18190115105738594,-0.4876514080289907,-0.10158305366010156,0.17926043462258806,2.000222224436922,0.0,-0.0,0.0,0.0,0.0,0.0
330,0.5443597766534517,-0.2764738263605117,-1.2409553957384727,0.4576615727750954,-0.8617394178494896,1.9975470469235834,0.0,-0.0,0.0,0.0,0.0,0.0
331,0.3894741079510621,-0.7506697852182813,-3.6914474274135536,-0.5731220931387789,-0.5716942202524001,2.00146352634322,0.0,-0.0,0.0,0.0,0.0,0.0
332,-0.7271271441632197,0.6658857722364074,-3.812213438843991,0.5839076797360804,0.8005360143785729,2.0030229678499962,0.0,-0.0,0.0,0.0,0.0,0.0
333,0.9394703346428843,-0.10860791926747028,-2.03576527007218,-0.6742849974473479,0.27415485401464895,2.0001679627229207,0.0,-0.0,0.0,0.0,0.0,0.0
334,-0.8733512982371859,0.010243236157532915,-0.24506969997107944,-0.30667680945923226,0.28677239830330703,1.994545378628644,0.0,-0.0,0.0,0.0,0.0,0.0
335,0.577200327477874,0.26168447394799665,-2.00598910178313,-0.38503457455878937,-0.7049723687259032,1.9970098607209767,0.0,-0.0,0.0,0.0,0.0,0.0
336,-0.1461757090023775,-0.30822734329422985,-3.97787297984107,0.5499177322756127,0.5697874371012329,2.000705633901021,0.0,-0.0,0.0,0.0,0.0,0.0
337,-0.6355016115303331,0.7222486108513242,0.1590580679444479,-0.6461166049985915,-0.6597677602357372,1.9958860136892362,-6.185738307069569e-15,-2.5650867902131478e-14,-0.0,-0.00014321566240616454,0.0005914205149278319,-0.00023524452431529866
338,0.06708460437950918,-1.0203469607499365,0.37628593350614725,0.036625185662534344,-0.20479132509244755,2.000278052148254,1.3750580763222496e-14,2.53722133712418e-14,-8.708617273380128e-276,0.00031596183174714655,-0.0005825171666138921,0.0005354346351074333
339,-0.022552792778818165,0.13514703865363495,-0.12407456650293353,-0.2913007180212076,-0.8144368388886255,1.9969406934478642,0.0,-0.0,0.0,0.0,0.0,0.0
340,-0.027035341795965756,0.494077485766734,-2.772759946782444,-0.4896113200711419,-0.45109102736340223,2.000281093778146,0.0,-0.0,0.0,0.0,0.0,0.0
341,0.3919987073041333,-0.017972841085847766,-1.9718491752329528,-0.2951570164070216,0.7007432692311526,2.0030831886359906,0.0,-0.0,0.0,0.0,0.0,0.0
342,0.5984993167985259,0.25077688741660076,-0.05747187272946856,0.5600976304489849,0.12608688276334323,2.00112581569951,0.0,-0.0,0.0,0.0,0.0,0.0
343,-0.06859564876943171,0.3171688541882864,-3.000006307439977,-0.6580932994003832,0.048299178176686434,1.999059727926447,0.0,-0.0,0.0,0.0,0.0,0.0
344,-0.03305540098765032,-0.5555052832276097,-2.0779341343994178,0.533371276066772,-0.04139132445491769,2.001166011523536,0.0,-0.0,0.0,0.0,0.0,0.0
345,0.330895884218092,0.2789095631083524,-1.7231321087698759,0.29287505699381944,-0.42455867367551714,2.001988450196713,0.0,-0.0,0.0,0.0,0.0,0.0
346,0.29736268122830034,-0.8445232966320416,-0.9673952969009091,0.5024022887127572,-0.08971555017952589,1.9996530927248262,0.0,-0.0,0.0,0.0,0.0,0.0
347,-0.21319532497854685,-0.4789989743258474,0.09285533915436629,0.12147580839614389,0.6296152244967709,1.9987131642985652,-8.55465909881639e-13,-8.456812289492204e-14,-0.0,-0.01986183618586122,0.00013202170384381525,-0.01973178577838724
348,0.02882261524513632,-0.41367117175072377,0.31473454110837845,0.27359054469378197,-0.809653141904397,1.99850516491749,9.335069816318196e-15,1.4606599530096477e-14,-5.72963873257e-312,0.00021485136753559067,-0.0003351494660615628,0.00044581750613021987
349,0.959610561697202,0.11967332904334982,-0.35757057663347636,0.41750853555050216,0.19034010467403648,2.002068336313065,0.0,-0.0,0.0,0.0,0.0,0.0
350,0.2813532475147556,-0.9188540416917081,-0.680710645348487,-0.6903311743073892,0.46493694064551255,2.002377259986312,0.0,-0.0,0.0,0.0,0.0,0.0
351,0.4595357195441855,-0.5555757856306341,-1.1133798216511726,0.04525610506051296,-0.03599810187920169,2.0001119965684375,0.0,-0.0,0.0,0.0,0.0,0.0
352,-0.8321313481833361,0.5512481490579255,-2.1314172505944144,-0.14021675353639837,-0.7850713274184691,1.9991821484339685,0.0,-0.0,0.0,0.0,0.0,0.0
353,0.4990185427499963,-0.3697274768371186,-0.4362706492080155,0.33363606323006384,0.7346919285212175,2.0034649747305533,0.0,-0.0,0.0,0.0,0.0,0.0
354,0.31944830115079287,-0.12351578713684432,-4.4901985804167,0.7558404723719471,-0.08074165047439141,1.9977793666381487,0.0,-0.0,0.0,0.0,0.0,0.0
355,0.8208706268307665,-0.2804271285498049,-4.3207774233511795,0.5424636718798863,-0.32256218338685855,1.9984548222462815,0.0,-0.0,0.0,0.0,0.0,0.0
356,0.10912893874752619,-0.8534800504898912,-4.367541017959832,0.32207868139676776,-0.42285352670537013,1.999149287639886,0.0,-0.0,0.0,0.0,0.0,0.0
357,0.2506720349987776,-0.34029396759981795,-2.9070958525098267,0.04975421684203148,-0.06440987098300723,1.9985403929539998,0.0,-0.0,0.0,0.0,0.0,0.0
358,0.4733898739862137,-0.6905344044744267,-4.19452259948808,0.6475863180249114,0.3698990414916291,1.9977821747101274,0.0,-0.0,0.0,0.0,0.0,0.0
359,0.6948345920086347,0.20208182508765116,-2.6758037436507105,-0.03511943195232614,0.7718645209708906,1.9985509969006947,0.0,-0.0,0.0,0.0,0.0,0.0
360,-0.5610680593221112,0.5558720733338909,0.2853376557254423,0.40911420512453284,-0.8216772832495192,2.0007336025631894,-1.4894862824769045e-14,-2.2090095905159626e-14,0.0,-0.0003427868867065469,0.0005052766597789675,0.0003818981880486647
361,0.40511283495753064,0.10892189173064251,-0.6476902231464569,0.16507684629228733,0.8080228822307224,2.0008790374048293,0.0,-0.0,0.0,0.0,0.0,0.0
362,0.05168136607499774,0.3645257879019645,-3.5072938560618434,0.9603230953035544,-0.028678568777398876,1.9984949693076806,0.0,-0.0,0.0,0.0,0.0,0.0
363,0.21404492384407142,0.9170567060596254,0.09005748208067946,0.5104813767170671,-0.39902522210749064,1.9979949669121218,5.996149042019118e-15,-2.4505273605351932e-14,-0.0,0.00013854578583227334,0.0005627063482160224,-0.00017516090313734735
364,0.2830903455606572,0.45547703696088776,-2.1012607928575107,-0.1735612984026612,-0.9718179750105125,1.9987385688585622,0.0,-0.0,0.0,0.0,0.0,0.0
365,0.12387216671312226,0.06921978746453443,-0.36039483618310986,-0.7114498574756938,0.3245615077890346,1.9990717783540033,0.0,-0.0,0.0,0.0,0.0,0.0
366,0.5306010235749792,-0.174557520665757,-4.004748481412663,0.7061632517794636,0.45878304675500287,2.0008025993221596,0.0,-0.0,0.0,0.0,0.0,0.0
367,-0.46727465308823024,-0.059373309704380095,-2.9990351502891057,-0.43734200440469145,0.8194163169986158,2.0003314608951444,0.0,-0.0,0.0,0.0,0.0,0.0
368,0.18749025968767277,0.6640386566307168,-4.252823746416804,0.3620122751783509,0.6752687787269643,1.9998450562521017,0.0,-0.0,0.0,0.0,0.0,0.0
369,-0.08282735217211562,0.814173398198113,-0.776898116939148,0.2338153975422667,-0.24095620500591844,2.0007492394786017,0.0,-0.0,0.0,0.0,0.0,0.0
370,-0.642991496348506,0.5012414983955237,-1.257316315647876,0.9446450879681274,0.26967713374583757,2.000177702889866,0.0,-0.0,0.0,0.0,0.0,0.0
371,-0.09725017283695393,0.4991040225358928,-1.2952684633711826,-0.6086080037090483,0.36334813476091915,1.9995747718420813,0.0,-0.0,0.0,0.0,0.0,0.0
372,-0.3528602474007123,-0.7945350255379164,-3.681637181214027,-0.15804990990409837,-0.09716885272583115,2.0019430723000085,0.0,-0.0,0.0,0.0,0.0,0.0
373,-0.014897448783349174,0.16102650015040662,-3.999131615857584,0.005638818005728694,0.18528043534094982,2.0001830490883563,0.0,-0.0,0.0,0.0,0.0,0.0
374,0.03351744703206626,-0.41396112401805507,0.2537083105589246,0.48678620697031133,-0.4991295734971043,2.0004177755434647,1.2049348372030828e-14,1.0016690142456558e-14,0.0,0.0002759271618787826,-0.0002300825702813552,7.2221497231982e-06
375,-0.34095443057871294,-0.7354881898779534,-3.4514177743510706,-0.06302891544268101,-0.41135419105235427,2.001217765288212,0.0,-0.0,0.0,0.0,0.0,0.0
376,0.15148194321614836,-0.32940169773004613,-1.513494944467407,-0.19120606315280456,-0.14270494326608074,2.0005590616896898,0.0,-0.0,0.0,0.0,0.0,0.0
377,-0.3089591584045886,-0.8454207838052943,-0.2535559943233279,0.6702435186594953,0.43280414653190286,2.001130581095309,0.0,-0.0,0.0,0.0,0.0,0.0
378,-0.013660511743427459,0.747496446664748,-3.4993847623971277,-0.1276385012097712,-0.16075683407353591,2.0014702120874595,0.0,-0.0,0.0,0.0,0.0,0.0
379,0.23941605264370208,-0.3208273450916597,-3.0030098836710963,0.2326376932620651,-0.9512075585720019,1.9981640979423683,0.0,-0.0,0.0,0.0,0.0,0.0
380,0.5395409039318968,-0.25651705057648394,-2.3729508270357678,-0.41281923742668425,-0.43198105489231736,2.000836527362731,0.0,-0.0,0.0,0.0,0.0,0.0
381,-0.6333018253278682,-0.6364861330312638,-1.553092227234883,0.6810670378564944,-0.7223446278301205,1.9990607685468096,0.0,-0.0,0.0,0.0,0.0,0.0
382,-0.48500738870240856,-0.7381157276960192,-0.2745911292409155,-0.13831300641806688,-0.9817108831386663,1.9990380850569336,0.0,-0.0,0.0,0.0,0.0,0.0
383,0.9757997731163279,-0.11714847471652055,-3.980526682482289,-0.5893714287147825,0.4352214779508551,1.9998173539455615,0.0,-0.0,0.0,0.0,0.0,0.0
384,0.21958830251699335,-0.641772485723769,-3.7084464739065375,0.4774901142447698,0.5643682308370452,1.998793028686857,0.0,-0.0,0.0,0.0,0.0,0.0
385,0.1784685897620739,-0.8881052172851936,-3.3972960565791523,0.04668509740719174,0.7704772071578005,1.997449679651755,0.0,-0.0,0.0,0.0,0.0,0.0
386,0.37893842766395497,-0.452508551175005,-1.4982609918417886,0.21475329842260987,0.2518841410576506,1.9973694671284428,0.0,-0.0,0.0,0.0,0.0,0.0
387,0.011223234943542342,0.628662070168691,-1.1729282296928738,0.457495295556709,0.5229473540314101,1.999829646932516,0.0,-0.0,0.0,0.0,0.0,0.0
388,0.9218729148220036,0.036562181976358465,-3.1812217681314103,0.3249256840450536,-0.8936017897947335,2.0030366788031504,0.0,-0.0,0.0,0.0,0.0,0.0
389,-0.7037983073673327,-0.601048241472793,-1.3522850377305482,-0.16279373799748179,0.687617218141603,2.0013620796066056,0.0,-0.0,0.0,0.0,0.0,0.0
390,0.8114267066336616,0.157656246410384,-4.293872914820264,-0.25270531721689315,-0.6056744925481179,2.0018654591759275,0.0,-0.0,0.0,0.0,0.0,0.0
391,0.3167998879823411,0.034459182503893994,-4.391847462302388,-0.4431924474033663,-0.7625846789422788,1.9994053334469624,0.0,-0.0,0.0,0.0,0.0,0.0
392,-0.39113598476809375,0.4514043953787035,-3.887582157281518,0.3840804247309394,0.2890877675731829,2.0011041992925227,0.0,-0.0,0.0,0.0,0.0,0.0
393,-0.6072580755536576,0.5752193000507225,-2.459611774152329,-0.6457147742889211,0.6868260875562878,1.998680044019177,0.0,-0.0,0.0,0.0,0.0,0.0
394,0.2203084034477348,-0.05690622662895052,-1.5003087089320377,0.19274733272421332,0.35252504190315676,2.0031074227708467,0.0,-0.0,0.0,0.0,0.0,0.0
395,-0.06981689836372315,0.5606246940784857,-0.7608853382995765,0.18575614862229337,-0.7725556789251765,1.9976583452869197,0.0,-0.0,0.0,0.0,0.0,0.0
396,-0.009358128706856463,0.6462156191218589,-1.16495135040225,0.8806828989100266,-0.11479409841919296,1.9971255425835004,0.0,-0.0,0.0,0.0,0.0,0.0
397,-0.6974377820394125,0.5655825924376799,-0.661108763301435,-0.14685254027143366,-0.6611642137346806,2.0034779037559467,0.0,-0.0,0.0,0.0,0.0,0.0
398,-0.4160511931679956,0.748237404158966,-0.8260138588038101,0.0013713187137685972,-0.6922777085519201,2.0022171251995533,0.0,-0.0,0.0,0.0,0.0,0.0
399,0.25676084969571733,-0.6210531741552108,-2.4569939812766286,-0.7367258433031425,-0.6283339106523042,1.9970199995083646,0.0,-0.0,0.0,0.0,0.0,0.0
400,0.34142850152436904,-0.6319155957694013,-2.3822034196782274,-0.2774400869590497,0.2691264931071603,2.00147014376974,0.0,-0.0,0.0,0.0,0.0,0.0
401,0.8121440146272991,-0.48048766911294966,-3.799683369340484,0.580911705254838,-0.6686982863441666,2.000408983937721,0.0,-0.0,0.0,0.0,0.0,0.0
402,0.37071971368610057,0.8513428211093557,-2.9219183745266926,-0.023989078988638998,0.12567660701656172,1.9997182343775306,0.0,-0.0,0.0,0.0,0.0,0.0
403,-0.4924435154429732,-0.29199009792103164,-2.883398260596888,0.4174413538342073,-0.905082202628154,1.9983927994555846,0.0,-0.0,0.0,0.0,0.0,0.0
404,0.4403634182258774,-0.8227195844279063,-2.39893112473147,0.06513749240805533,-0.6224058709517771,2.000624374833927,0.0,-0.0,0.0,0.0,0.0,0.0
405,-0.6897593942758165,-0.19975247457471582,0.2256042607965943,0.5964803030915969,0.4136610862588932,2.0000914683725615,-7.727478420613926e-15,1.1246345514844519e-14,0.0,-0.00017727875065840805,-0.0002578741133354409,4.472119351151426e-05
406,0.3149322005883231,0.27705175077413696,-0.5884159141149384,-0.13669137119122982,-0.4838915979961019,1.9980081571443806,0.0,-0.0,0.0,0.0,0.0,0.0
407,0.8458427486491573,0.14381032170207572,-3.3688827131506387,0.6353994719787829,0.13471256603989057,1.9977295682010003,0.0,-0.0,0.0,0.0,0.0,0.0
408,0.3170956484379982,0.28561142603848677,-0.26484704753284344,-0.23622698117312096,-0.7725514029187159,1.999408073500712,0.0,-0.0,0.0,0.0,0.0,0.0
409,-0.9590285612579706,-0.09948951783644916,-0.43837020376095825,-0.238467067800325,-0.1471557653714276,1.9968764953343263,0.0,-0.0,0.0,0.0,0.0,0.0
410,-0.6054089105263633,0.2301802082209898,-4.213720639809549,0.6864605432873206,0.5198444997345129,1.996625468823815,0.0,-0.0,0.0,0.0,0.0,0.0
411,0.20479537101902304,0.5736365067588036,-2.267037726179908,0.48892379423372356,0.7052845019154258,2.000203131007093,0.0,-0.0,0.0,0.0,0.0,0.0
412,0.028715526937085394,0.6796746070116074,-2.745963354425972,-0.4290010614376141,-0.559102301447551,1.997538782068007,0.0,-0.0,0.0,0.0,0.0,0.0
413,0.5267208478621007,0.167378961104962,-2.913328856463287,0.07532234233923478,-0.237854922715692,1.9961159196480076,0.0,-0.0,0.0,0.0,0.0,0.0
414,-0.30933023590344605,0.7582132216014859,-3.94172835405997,0.16060875120217605,0.2472439504515805,2.00285792554054,0.0,-0.0,0.0,0.0,0.0,0.0
415,-0.2973208068925553,0.6884612206840015,-0.9431061541928681,0.4941370363046198,0.6681272878418248,1.9961820442029445,0.0,-0.0,0.0,0.0,0.0,0.0
416,-0.49935643521126727,-0.6417469195052691,-2.434639136009697,0.3384272510766274,0.9302656225463082,1.998704170780338,0.0,-0.0,0.0,0.0,0.0,0.0
417,0.39152347633728934,0.38955240753908277,-1.8647316820149034,-0.48298135495885636,0.4935019270302708,1.9985428870873194,0.0,-0.0,0.0,0.0,0.0,0.0
418,-0.09514225611141651,0.23790473913969626,-1.2069726092849669,-0.03178644139435761,-0.8229983583482673,1.9969919206859712,0.0,-0.0,0.0,0.0,0.0,0.0
419,0.3855079048978813,0.08139188242255198,0.2641943227293579,-0.30454657567288757,0.7770836783626536,1.9957456548570605,6.919325216835653e-15,4.2590696041946536e-16,-0.0,0.00015933414137482427,-1.1312781967799841e-05,-9.652646654769442e-05
420,-0.12165398489017894,0.7433623728094951,0.03655360278565681,0.021568816668474353,-0.09285751967978263,1.9973796558106027,-8.358107803598051e-15,-1.678734637240949e-14,-0.0,-0.0001922500685830003,0.00038552596512430237,-0.0003935594508907641
421,0.5863636720772853,0.2063266510974257,-1.1920740649609811,0.22950192142200465,0.9606782086248656,1.9975544124449645,0.0,-0.0,0.0,0.0,0.0,0.0
422,0.1343942560609114,-0.06985442879205765,-2.4328305701472477,-0.3736019236350583,0.5360728601967455,2.002360707206412,0.0,-0.0,0.0,0.0,0.0,0.0
423,0.4367914037721997,-0.18855018640233714,-0.8963787241419867,0.9737530425477557,-0.07609684034390002,2.000563945453198,0.0,-0.0,0.0,0.0,0.0,0.0
424,0.6826415248543658,0.24735609465648725,-1.2212000616154906,0.6668718896513635,-0.6464067880654631,1.9985606036849128,0.0,-0.0,0.0,0.0,0.0,0.0
425,-0.6240102082787129,-0.21819154556972767,-0.5138595374867708,-0.66013935316813,0.6226301864758504,2.0036597821910114,0.0,-0.0,0.0,0.0,0.0,0.0
426,0.6030205750966001,-0.1549721109783985,-0.8674141529510193,0.4347532011771908,-0.16088184506130293,2.0014548281066338,0.0,-0.0,0.0,0.0,0.0,0.0
427,-0.7949836275527893,0.6045663577475517,-2.9571068682213544,-0.8444521336955342,0.14286211841316326,2.000086141106086,0.0,-0.0,0.0,0.0,0.0,0.0
428,0.11947408955475819,0.010918703646673952,-0.47807179724352356,-0.9157501408667462,0.05880603730667535,1.9984950744281371,0.0,-0.0,0.0,0.0,0.0,0.0
429,0.283202956880441,-0.9001076103827874,-3.098869126105488,0.23373727421456447,-0.288699116703055,1.9997022136042497,0.0,-0.0,0.0,0.0,0.0,0.0
430,-0.43253189896229205,0.5473291558264681,-3.452577792524687,0.8312354427513519,0.2501894694646499,2.0055874589013563,0.0,-0.0,0.0,0.0,0.0,0.0
431,-0.18883543660297938,0.5539561636767637,-2.647722807578328,0.23841026725158124,0.28423500070976676,2.0011986092576937,0.0,-0.0,0.0,0.0,0.0,0.0
432,-0.00507064659222662,-0.2342384409684021,-3.8220551518104466,0.4923027686476182,-0.0365281613855148,2.0003491530384685,0.0,-0.0,0.0,0.0,0.0,0.0
433,-0.4372284154980173,0.4328013813583492,-0.5790555659251176,-0.28942768020751974,0.19216536200613593,2.0039504394651297,0.0,-0.0,0.0,0.0,0.0,0.0
434,-0.9089841643834491,0.012755705807625107,-0.07887673905140677,-0.10696516153885191,-0.07262609261688262,1.9981571012128132,0.0,-0.0,0.0,0.0,0.0,0.0
435,-0.6671996511708327,-0.1719321608785154,-4.02938809849687,0.02661138918604274,-0.43697232469743913,2.00027834067125,0.0,-0.0,0.0,0.0,0.0,0.0
436,0.7824695487154659,0.030880218746363784,-0.337732765265762,-0.7613699840919146,0.34415634759035185,1.9974575248289967,0.0,-0.0,0.0,0.0,0.0,0.0
437,0.8457335630560096,0.2699168030005404,-1.2543850002242867,0.11466403632571441,0.7582551966260588,1.998712135228004,0.0,-0.0,0.0,0.0,0.0,0.0
438,-0.209438250400524,0.20206914547549304,0.09727000187718159,-0.5119799595786084,-0.07859732550804034,1.9976980840935437,-2.3259279356569924e-15,-6.475922190121351e-15,-0.0,-5.210733762870048e-05,0.00014878841880117377,-0.00022806160897240928
439,-0.09554260593992676,0.23291421405176557,0.377477745953711,0.4599372907075461,-0.6036826323346431,1.9974649416715127,-5.487022319265928e-15,-3.1309949202700526e-16,3.658768347837225e-276,-0.00012287348683278767,6.494422859261306e-06,0.00023592436472016896
440,-0.5829550371947199,-0.7316596968496225,-2.6274095853191852,0.3828521028095337,0.8617320296167101,2.003818892517359,0.0,-0.0,0.0,0.0,0.0,0.0
441,-0.1659052615009078,0.8790799326735109,-1.9260513825393124,0.24106228609062472,-0.2037932065346375,1.9977725915244253,0.0,-0.0,0.0,0.0,0.0,0.0
442,-0.6676517014934649,-0.23251010195043614,-2.7945456280095233,-0.22075762536248938,-0.053778033906484723,1.9993961411450905,0.0,-0.0,0.0,0.0,0.0,0.0
443,0.33143087226407786,0.562827902009764,-3.930137343114042,-0.20058407089765298,0.8625355829597282,2.0009429270691537,0.0,-0.0,0.0,0.0,0.0,0.0
444,0.8132508803012855,-0.28702294882026347,-1.9547461537337498,0.6808874085905285,-0.31290007306489875,1.9985811740955701,0.0,-0.0,0.0,0.0,0.0,0.0
445,-0.6891657305183172,0.15592113830874965,-0.008900223544338082,-0.17028280744377775,-0.1505624194879662,1.99999437867679,0.0,-0.0,0.0,0.0,0.0,0.0
446,0.34925270068196473,0.7178470698382867,-1.1408159624904182,-0.9156202852298483,-0.37406883753327097,1.9991289888172956,0.0,-0.0,0.0,0.0,0.0,0.0
447,-0.8010969858290526,0.2914699268648796,-3.7581411298975174,0.5773484672561504,0.3739755435566127,1.9987692508013637,0.0,-0.0,0.0,0.0,0.0,0.0
448,-0.398856306963129,-0.8612572257966778,-3.8897311187800527,0.22397149969022864,-0.6114116479283396,2.0012519128711994,0.0,-0.0,0.0,0.0,0.0,0.0
449,-0.04489055033346139,-1.0329940371007251,0.3865641197912643,-0.31270153755536245,-0.8422574222592764,1.9995845113016524,-7.204623688827985e-15,2.461768278598423e-14,-7.088290645804401e-270,-0.00016567592893111777,-0.0005652372299520421,0.00026582521601492933
450,-0.06772572263583632,-0.35939020914986175,-1.4529819895619152,-0.9410619626607419,0.33592996266943465,1.9980821466044838,0.0,-0.0,0.0,0.0,0.0,0.0
451,0.11173248346156424,0.38274362884373775,-4.20296713766325,0.3657381873759025,-0.10890677756244424,1.996314243534155,0.0,-0.0,0.0,0.0,0.0,0.0
452,0.0021964399146635347,0.39100540793939764,-2.1876400559033136,0.03886327595465458,0.3526174177827336,2.003071612127665,0.0,-0.0,0.0,0.0,0.0,0.0
453,-0.2922515646968635,-0.6127940986436995,-0.3485421057604578,0.751699340717891,0.061339385237906684,2.0016514229735978,0.0,-0.0,0.0,0.0,0.0,0.0
454,0.2093375254053482,-0.09980689673863115,-4.393017525733155,0.4711074990586554,0.7685594777005098,1.9985194206252945,0.0,-0.0,0.0,0.0,0.0,0.0
455,0.43681413086968934,0.45658187027439906,-1.4383500275484635,-0.1752743138032639,0.96038758888565,1.9989775487149286,0.0,-0.0,0.0,0.0,0.0,0.0
456,0.726010709461729,-0.5994086412962739,-1.0637803743866479,-0.385631841031928,-0.04385637535024823,2.0000348994533077,0.0,-0.0,0.0,0.0,0.0,0.0
457,-0.8002152245583632,0.08552334498929624,-0.38591148417090276,-0.847330007476058,0.3956460842847077,1.9977897255506072,0.0,-0.0,0.0,0.0,0.0,0.0
458,-0.11465554884429864,0.16187489169070843,-1.3353583998868674,0.8460681390254551,-0.46001421017840194,1.9976194946047374,0.0,-0.0,0.0,0.0,0.0,0.0
459,-0.2557503276865441,0.6451331779738593,0.33003480682786823,0.03497892420523914,0.7621691154586525,1.999294241226272,-8.703489219338038e-15,2.9239126011608484e-15,-7.209514351955843e-303,-0.0001995793675087056,-5.937238429608376e-05,0.00014643435868243743
460,0.14657891114248736,0.4315834662878977,0.1846301663876207,-0.06266256911434505,-0.9010550191852615,2.000085423157652,-1.2517484706190944e-15,-1.040522304163596e-14,-0.0,-2.8718412819455915e-05,0.00023832086027858088,-0.0003068939033692785
461,0.48419158276661994,-0.9054565167507445,0.43185547139746844,0.29887680464823807,-0.10443222945929787,2.0016091876149718,3.610578986889401e-15,2.1028564926816146e-14,1.9433746175517707e-244,8.156180830904042e-05,-0.00048012915163363787,0.0002717930251393282
462,0.6950186210896565,0.2030203080898033,0.4587759865069051,0.669385826624631,0.5892442556003871,1.9952130282863771,1.149722144099394e-14,-4.083454126520097e-15,-2.9359659049628896e-229,0.0002646138788313227,9.349396000172692e-05,0.00033264690218797165
463,0.5223359136959719,-0.45945625505911813,-3.46561475508549,0.08968917939787865,-0.4879225220844677,2.0000671403096457,0.0,-0.0,0.0,0.0,0.0,0.0
464,0.5251617742892188,-0.0946117767611781,-4.200317304638179,0.24291596591683554,-0.005780034928166335,2.002213298085721,0.0,-0.0,0.0,0.0,0.0,0.0
465,-0.04040265075447519,0.13732024697554895,-3.938669380490641,-0.7688989221070192,0.5580829643626631,2.0026721175497815,0.0,-0.0,0.0,0.0,0.0,0.0
466,0.22622789251319675,0.7212452798248686,-2.5772104260600313,-0.4843564204992322,0.7227898342297281,1.9961488764639643,0.0,-0.0,0.0,0.0,0.0,0.0
467,-0.053436790676999954,0.19840819038315766,-2.0579870918518393,0.33632819506799244,-0.0373047734880637,1.9979819735023798,0.0,-0.0,0.0,0.0,0.0,0.0
468,-0.525690708035996,0.47309029614722076,-3.069652357109352,0.3929160833255324,0.782636694794071,1.9979811732292285,0.0,-0.0,0.0,0.0,0.0,0.0
469,0.8086567525684899,0.40431047938849135,-1.782396403307015,-0.08352230531800664,-0.2736180657988895,1.999942558310399,0.0,-0.0,0.0,0.0,0.0,0.0
470,0.8568299860784782,-0.4453326902664362,-2.444789198680553,0.7664660319450375,-0.5345346144074516,1.9976617155424217,0.0,-0.0,0.0,0.0,0.0,0.0
471,-0.10600828007778171,0.9410671720647323,-1.855311011389128,0.005362406338509741,-0.5798920774008399,2.0000520578788556,0.0,-0.0,0.0,0.0,0.0,0.0
472,0.8238287278315616,-0.4713801098312627,-2.86198674436128,0.2146574199995327,0.9227132253060724,1.999399049558418,0.0,-0.0,0.0,0.0,0.0,0.0
473,-0.3700334355419128,-0.32121296752824974,-0.392811321577277,0.7373261377954604,0.48028256866702823,2.001208995423893,0.0,-0.0,0.0,0.0,0.0,0.0
474,0.7018972834636489,0.6200111160880853,-3.590466333622974,-0.28374931224074157,0.31666524754950315,1.9969942239381149,0.0,-0.0,0.0,0.0,0.0,0.0
475,0.6137664981261614,0.36296538401980194,-2.2662160651517658,0.10920915427542446,0.9413466657602559,1.999491189181911,0.0,-0.0,0.0,0.0,0.0,0.0
476,0.736927789169582,0.08066781374401137,-1.9800365635566493,-0.4838573273174567,0.6658980226556271,1.998808713293521,0.0,-0.0,0.0,0.0,0.0,0.0
477,0.8576826145300429,-0.12707702968951795,-3.993169774096606,-0.28942151415283734,0.0015401340063167957,1.9979378956066243,0.0,-0.0,0.0,0.0,0.0,0.0
478,0.30488724534917255,-0.6845682118830628,-2.297712808480533,0.8730886396542842,-0.3685207255446768,2.0008082553649884,0.0,-0.0,0.0,0.0,0.0,0.0
479,0.8432324557747535,-0.08235832990190094,-1.595439457819024,0.7867805292582811,-0.025535269441476098,2.001722986662672,0.0,-0.0,0.0,0.0,0.0,0.0
480,0.6951712656335383,0.6727955386852325,-3.3415187247006317,-0.7131667914354436,-0.36247415956888734,1.999581134642734,0.0,-0.0,0.0,0.0,0.0,0.0
481,0.07177300037055238,0.2862568927464248,-1.0518553520759535,0.4433782930566291,-0.6317759932931788,2.0002816735731006,0.0,-0.0,0.0,0.0,0.0,0.0
482,0.06218978270623611,-0.4561186905838825,-2.40074284289557,0.04516481869591224,0.8185012891040142,2.0018182511291993,0.0,-0.0,0.0,0.0,0.0,0.0
483,0.7836380465641037,-0.3989346074248654,-1.292218523133619,-0.17596189634886023,-0.6664827658505965,2.0019147635987573,0.0,-0.0,0.0,0.0,0.0,0.0
484,0.5945493052048867,-0.3747057787279953,-2.866417773893085,0.5713320552089399,0.08162286508965867,1.99720423499492,0.0,-0.0,0.0,0.0,0.0,0.0
485,0.2616085045065384,-0.20688240289202964,-3.157891988782124,-0.6136995888209373,-0.3706836207458922,2.0000478239188704,0.0,-0.0,0.0,0.0,0.0,0.0
486,0.04841196362688011,-0.24746002394282604,-2.521060203307406,0.04259192551008769,-0.13056782250315596,1.9997216025258056,0.0,-0.0,0.0,0.0,0.0,0.0
487,-0.1392845639498702,-0.5419464903903587,-1.7687877800449938,0.12472227965465452,-0.9317582459907737,2.0036417234606967,0.0,-0.0,0.0,0.0,0.0,0.0
488,-0.723322990024767,-0.5989076609715833,-0.38182162356692684,-0.8171375480780987,-0.3110777567819653,1.9979053612523217,0.0,-0.0,0.0,0.0,0.0,0.0
489,0.41085865044919984,0.9020268321925993,-2.9898203953647835,0.27195020745404863,-0.5278935220924199,1.9982539037883993,0.0,-0.0,0.0,0.0,0.0,0.0
490,-0.07074637730047527,0.9229879243529565,-0.40426292758821825,0.8235287538226734,0.36223872647128785,2.000025772223279,0.0,-0.0,0.0,0.0,0.0,0.0
491,-0.5005467917085594,0.002486160311199285,-0.522369395647075,0.5972259054246196,-0.07302600928282316,1.9976104325223085,0.0,-0.0,0.0,0.0,0.0,0.0
492,0.6796491197216906,-0.25966471201654745,-2.9800598678060006,-0.8650444768275112,0.18635551246686638,2.000141561933479,0.0,-0.0,0.0,0.0,0.0,0.0
493,-0.0874454970882687,0.8833214094752561,-1.9347065016181904,-0.543445284501647,0.45867435014039765,1.9965652226437696,0.0,-0.0,0.0,0.0,0.0,0.0
494,0.707797732590765,0.04166693331273512,-3.672621101352011,0.7205507435085431,0.13398980307200667,1.9999723986785605,0.0,-0.0,0.0,0.0,0.0,0.0
495,-0.1595478206939312,0.9617741697554975,-0.8554855254560709,-0.05547290309279715,-0.7296926084667511,2.0038469641042598,0.0,-0.0,0.0,0.0,0.0,0.0
496,0.2662699917447961,0.6767747738267005,-3.236099885281427,0.08899743747127513,-0.5190087757334277,2.000169119402411,0.0,-0.0,0.0,0.0,0.0,0.0
497,-0.2533775024132112,0.42555991577160507,-1.1217925380445635,-0.07695499207379618,-0.8606406555440449,1.9976305148231865,0.0,-0.0,0.0,0.0,0.0,0.0
498,0.2508148477798836,-0.6603164525853601,-3.4163439459977893,-0.4112451548286227,-0.05742344295145893,1.998655105567814,0.0,-0.0,0.0,0.0,0.0,0.0
499,-0.7967112569170383,0.5827936212315027,-0.06985694812305408,0.805306882399999,-0.24609483260404513,1.9973265361202972,0.0,-0.0,0.0,0.0,0.0,0.0
500,0.49382411665109116,-0.08990913510950554,-0.5401541003255634,-0.23642957034381343,-0.047355319232078974,1.998144505234698,0.0,-0.0,0.0,0.0,0.0,0.0
501,-0.6888627036047711,0.5644328627006212,-0.18742502507519945,-0.08185619749042372,0.9034593622893861,2.0003286589114717,0.0,-0.0,0.0,0.0,0.0,0.0
502,0.7802756819458144,0.573350566004854,-2.942424155289123,0.3949325104711949,0.24941465058825246,2.001803669594678,0.0,-0.0,0.0,0.0,0.0,0.0
503,0.8000151510277027,0.42323435445653673,0.3094284380288725,0.22125681695842336,0.8264162567883859,1.998341498910356,1.0218925728312734e-14,-1.4037235662146091e-14,4.8793656477e-314,0.00023730782381769746,0.00032071000607902,0.0002291841933242955
504,-0.7197411248516175,0.4947828719098371,-1.6832999752142894,0.6245121608452434,-0.32815949142397394,1.9986218249699599,0.0,-0.0,0.0,0.0,0.0,0.0
505,-0.26891464535539805,-0.9014067180991884,-2.8515479897017264,-0.47630969783681754,-0.04535075826270976,1.998286825280914,0.0,-0.0,0.0,0.0,0.0,0.0
506,-0.3342647258073958,0.3334461079105682,-0.5834400680683054,-0.41008359369291475,0.6531821097525792,1.999232516721193,0.0,-0.0,0.0,0.0,0.0,0.0
507,0.48894948016960105,-0.5526551427950904,-2.3148143213048575,0.5745915100929972,0.6707357986305246,2.0028776054400024,0.0,-0.0,0.0,0.0,0.0,0.0
508,0.22180369569825614,-0.21201609208009772,-0.5025731030064324,0.2600265111059535,0.6974097302513333,2.0009989539121538,0.0,-0.0,0.0,0.0,0.0,0.0
509,-0.6975012690970338,0.21846131130603794,-2.7660765904008917,-0.8326451067845646,-0.06979133026901162,1.998377973908503,0.0,-0.0,0.0,0.0,0.0,0.0
510,0.5603936183099666,0.6689599561542746,0.09895518730034307,0.04013037463771209,-0.9398437647864977,1.9968188112654275,2.3405344272445928e-14,-1.4907547662034163e-14,0.0,0.0005393786473627469,0.00034276348188115374,4.777830009397042e-05
511,0.40296459814644225,-0.7367611474141709,0.2823925965239087,-0.15580419331241574,0.271487150984812,2.000059241155278,8.304797795840085e-15,1.5411263276639838e-14,0.0,0.00019144064048918233,-0.0003531402990574479,5.9072810010770866e-05
512,0.4100644248053257,0.7190438261585426,-2.7888132887922934,-0.0231734622352417,0.05852716195409033,2.003075138659119,0.0,-0.0,0.0,0.0,0.0,0.0
513,-0.5662618727929449,0.415479734998325,-2.8696217635490147,0.552849566540296,0.701526600813299,1.9966630868964974,0.0,-0.0,0.0,0.0,0.0,0.0
514,-0.11176872812453327,0.7479464115038832,-1.9864874411367803,0.5090222638071751,-0.5790654380258982,1.9986401231038107,0.0,-0.0,0.0,0.0,0.0,0.0
515,0.8411061742892438,-0.32281235262984104,-4.486917314631934,0.8014584674253584,-0.41904626822031404,1.9989890064484888,0.0,-0.0,0.0,0.0,0.0,0.0
516,-0.6356229576806085,0.597593877304872,-3.1979707930072445,0.27635729683327925,-0.42949887609983606,2.0004457361278454,0.0,-0.0,0.0,0.0,0.0,0.0
517,0.8411875079231355,0.23325235559148924,-2.132145464747575,0.7821106518222856,-0.037224043044518776,2.0006212641942605,0.0,-0.0,0.0,0.0,0.0,0.0
518,-0.5233701650585355,-0.7994737301324869,-1.9620932467816958,0.7800567311733192,0.5156385888533366,1.9991828090756514,0.0,-0.0,0.0,0.0,0.0,0.0
519,-0.5548641049813842,-0.6078849135080021,-0.16606515412501557,0.11683683851659724,-0.44262314149797655,2.000178640312574,0.0,-0.0,0.0,0.0,0.0,0.0
520,-0.3868422271134722,-0.42268390869213535,-2.440247336391213,0.05227853631599633,0.07478981569202804,2.000122647417402,0.0,-0.0,0.0,0.0,0.0,0.0
521,-0.7899628073521049,0.12390644982913346,-2.7102170104247767,0.10878822704619714,-0.02429284074113831,2.0031386449681055,0.0,-0.0,0.0,0.0,0.0,0.0
522,-0.7059281939370845,0.42936630605395915,-3.2364591730293375,0.05290292501578749,0.4100362916121183,1.9984010015836173,0.0,-0.0,0.0,0.0,0.0,0.0
523,-0.03971985408629112,-0.9441112677947215,-1.3881859248000405,0.23874628226268996,-0.9250476071512183,1.999254921066989,0.0,-0.0,0.0,0.0,0.0,0.0
524,0.0017909672117277452,0.9923419718040783,-0.07416717400615229,-0.3745651097591266,0.8693846061153133,2.0016373593424595,0.0,-0.0,0.0,0.0,0.0,0.0
525,0.4724486078166106,0.3575917312567684,-2.025374088303657,-0.7490034838046236,-0.41470748877884966,1.9967031335603074,0.0,-0.0,0.0,0.0,0.0,0.0
526,0.2110305102744246,0.0958214193410692,0.2393192019176456,-0.9742132069305338,0.14258432248655292,1.9985080700491,6.233993263742405e-15,1.1523730024336715e-14,-0.0,0.00015172789208802746,-0.00026500347184295976,-0.0004572863391794184
527,0.18966342660978075,0.4887302886590188,-2.931733271240197,-0.4203588197934567,-0.31399245861224884,2.0034078039056284,0.0,-0.0,0.0,0.0,0.0,0.0
528,0.635283510402267,-0.06349933366082769,-0.638827964142065,-0.09988228848975349,-0.6203157252288327,1.9981474165567918,0.0,-0.0,0.0,0.0,0.0,0.0
529,0.3016712550324475,0.8106780583907576,-2.915924380160409,-0.854798499712515,0.09455808949883317,1.9993661235144806,0.0,-0.0,0.0,0.0,0.0,0.0
530,-0.16109613267094955,-0.8036351008925559,-1.5730264683760058,-0.5490681951148899,0.7244192542346523,2.0018373451350784,0.0,-0.0,0.0,0.0,0.0,0.0
531,0.501554492841135,0.5444728426230605,0.3573046286290348,-0.03158023041283217,0.954671847045362,1.99801090039892,1.5241600416174566e-14,-1.6344412299437183e-14,8.083286084904249e-287,0.00035087570630354154,0.0003752536287773004,0.0002168128267296161
532,0.5584300158924145,-0.8257559646752414,-3.9493136761182925,-0.46653876256305093,0.26637627346417625,1.9996670633206022,0.0,-0.0,0.0,0.0,0.0,0.0
533,0.365872188010513,-0.09895148165706184,0.06340248678041147,-0.4703375636556616,0.5319624677803947,2.0029152227290354,7.576555921277907e-15,6.439905399480032e-16,-0.0,0.00017490985724552853,-1.6443958361779206e-05,-0.0003893196373730126
534,0.301059420370259,0.3655124441878914,-3.687151066190796,0.00513500392731199,0.14078642288439308,1.99877414146096,0.0,-0.0,0.0,0.0,0.0,0.0
535,0.23948803381338332,0.9555185989577124,-0.8889710007446818,0.38270629743603257,0.3888837043690014,1.9976916643629195,0.0,-0.0,0.0,0.0,0.0,0.0
536,0.7050016367476529,-0.6550685113222687,-1.0656287993279092,0.6437579963684187,-0.3855190387619636,2.0012640639719184,0.0,-0.0,0.0,0.0,0.0,0.0
537,-0.5783571904406325,0.09482760276258562,-0.882351673349252,-0.18987418003959683,0.1148441182077477,1.9989482083814383,0.0,-0.0,0.0,0.0,0.0,0.0
538,0.15588612224621212,0.01923328135732366,-2.949149348033667,-0.530231341320563,-0.5575701456176135,1.9994442648812902,0.0,-0.0,0.0,0.0,0.0,0.0
539,-0.5692680691737713,-0.3752996256337211,-4.223995748205144,-0.2074040733032406,-0.9303219722781003,2.0007579238271602,0.0,-0.0,0.0,0.0,0.0,0.0
540,0.6184860009397701,0.7518961822968702,-1.2311190883670522,0.8921370136266418,0.013805816989291692,2.002495418948807,0.0,-0.0,0.0,0.0,0.0,0.0
541,0.19347764258838884,0.2185655976502235,-2.6257074775169036,0.2640985371653987,-0.4899947457027261,2.002534611270343,0.0,-0.0,0.0,0.0,0.0,0.0
542,-0.002594263764916203,-0.3516443803950586,-0.20196867775670743,-0.7936036243902382,0.1842094207892874,2.0018127034990094,0.0,-0.0,0.0,0.0,0.0,0.0
543,0.9862966112225131,0.04461343343651963,-0.2997925026271384,0.8730647135970623,-0.4252972972626224,2.002595666101066,0.0,-0.0,0.0,0.0,0.0,0.0
544,-0.7637056069431789,-0.09256415250592319,0.363684092049628,0.5468918093338916,0.6540795604695164,1.9994131283915164,-2.2110122758562793e-14,-4.6881831187661835e-15,2.3450987349411104e-283,-0.0005091437860546724,0.00010780835554522755,0.0004731410320308674
545,0.32297094296214496,-0.8231318239100904,-3.915622303561114,0.013556824875510264,-0.2181378394949876,2.002684340468722,0.0,-0.0,0.0,0.0,0.0,0.0
546,-0.7073711635024886,0.20534486484705664,-2.9680086381655038,0.15876112963395328,0.9617316807766084,1.9978082751724995,0.0,-0.0,0.0,0.0,0.0,0.0
547,-0.7754295045240758,0.36428315289961577,-1.1571711905848745,-0.7717188771483363,0.13035407614799188,2.000961006183282,0.0,-0.0,0.0,0.0,0.0,0.0
548,-0.7805655523372236,-0.5786535278497383,-1.8416048694434102,0.103543483212508,0.39306765142451455,1.9981939286026806,0.0,-0.0,0.0,0.0,0.0,0.0
549,0.14771545783544068,-0.5233441442235971,-2.679132983345269,-0.07890793667120446,-0.18467248782749632,2.0012049549326743,0.0,-0.0,0.0,0.0,0.0,0.0
550,0.37614989398293597,-0.08552840435303836,-3.1676343427512372,-0.15243161741270636,0.8515205930693285,1.9979217252108277,0.0,-0.0,0.0,0.0,0.0,0.0
551,-0.44764574516848726,-0.3025774640063015,-2.5424280264564976,-0.815800821897421,0.5691105249878387,1.9980543905388501,0.0,-0.0,0.0,0.0,0.0,0.0
552,0.8056950651189123,-0.4279398575986627,-2.0842291244630493,0.18794807840478098,0.6408783638614836,1.9993967629997953,0.0,-0.0,0.0,0.0,0.0,0.0
553,-0.453847556701549,-0.24960780712772654,-1.5170262656888471,0.4524416742945598,0.06466501731866652,1.9974941726125293,0.0,-0.0,0.0,0.0,0.0,0.0
554,0.49409075694757554,0.12175397195841295,-1.3886086940195208,0.11560062066090646,0.48649685248744834,2.0013978210053662,0.0,-0.0,0.0,0.0,0.0,0.0
555,0.022482752200346266,0.228668725082259,-3.7542707162309883,0.028059180607711502,0.01064605609436818,1.9999609764817048,0.0,-0.0,0.0,0.0,0.0,0.0
556,0.3280401313436942,-0.8423788046655745,-4.364463800595225,-0.08689370022315157,0.9509230218565808,1.9994392368055551,0.0,-0.0,0.0,0.0,0.0,0.0
557,-0.49309988775923147,0.6861571074066435,0.24561048322578852,0.09394029513296616,0.5015060471880568,2.0020939418222268,-3.236324265799121e-14,-2.9614134529452756e-14,0.0,-0.0007447768749695425,0.0006718285263790669,1.8851162545224367e-05
558,0.16605103172996707,0.29886474328100654,-0.7059178218676126,0.2873393975656516,-0.3428593425275536,1.999338241510108,0.0,-0.0,0.0,0.0,0.0,0.0
559,0.19141761964061088,0.27123541023254516,-1.587450717577054,-0.4855568165827788,0.7573516312849033,1.9982606517714794,0.0,-0.0,0.0,0.0,0.0,0.0
560,0.2420479555115301,0.8679993614010395,-0.6285765091264687,0.05998866471193206,-0.6186073665540173,1.9958841265673917,0.0,-0.0,0.0,0.0,0.0,0.0
561,0.1368398799726331,0.16764141566757076,-1.502124907879982,0.8931263300754448,-0.26888657404420124,1.9972973648684353,0.0,-0.0,0.0,0.0,0.0,0.0
562,-0.8123644985095934,0.17957333968455658,-3.692696618751002,-0.5507004347446107,-0.5756612185919169,2.0008523413464303,0.0,-0.0,0.0,0.0,0.0,0.0
563,-0.7469743565292005,0.42141863045744044,-0.4367693330818094,-0.003780837727160272,0.5762659040410907,1.9977539033228702,0.0,-0.0,0.0,0.0,0.0,0.0
564,-0.11654370398248025,0.15268145965221666,-1.4176419822176527,0.788919552218337,0.28821058996107946,1.999271547796599,0.0,-0.0,0.0,0.0,0.0,0.0
565,-0.2743644238473348,0.09640955501441677,0.08153451701831925,0.23342820063994119,0.21348253954209534,2.0004429182196333,-6.945075096611133e-15,-2.4302550572389386e-15,-0.0,-0.00015881353143145667,5.556876950662388e-05,-0.0004406211096795738
566,0.5010592498903271,0.2010538967769469,0.0002350626504853446,0.05442319450831745,0.7938856282991993,2.001729918736869,0.0,-0.0,0.0,0.0,0.0,0.0
567,-0.26297398146321754,0.8829271854316572,0.4184246700517182,-0.8382174124557586,0.22757672869920778,1.9966112253195865,-3.153333442945301e-15,-2.0959483325103417e-14,-1.1097988606756803e-251,-7.230912302079399e-05,0.0004818237977156552,0.00030764924078528565
568,-0.4305213135891842,-0.09345876220584635,-3.429097711317088,-0.7657532219934561,-0.33885284899390805,2.001299210927944,0.0,-0.0,0.0,0.0,0.0,0.0
569,0.3932569923107907,-0.498673622532252,-1.826729720978942,0.2867474760737584,0.21362317380795742,2.0002163479372497,0.0,-0.0,0.0,0.0,0.0,0.0
570,-0.25266274045813725,-0.7118482377880869,-0.22314729243261644,-0.7661658219671281,-0.5731946003405806,2.0006748359269375,0.0,-0.0,0.0,0.0,0.0,0.0
571,-0.9751592676113202,-0.12274675126731201,-0.755556618224088,0.3614939512657497,-0.3966805111476022,1.9998003630342813,0.0,-0.0,0.0,0.0,0.0,0.0
572,-0.5686538072001355,-0.5525811223483278,-4.470756249940333,0.30849762168625416,0.42161474455348363,1.994583716442226,0.0,-0.0,0.0,0.0,0.0,0.0
573,-0.3823564479486504,0.403318280962379,0.3096987234965574,0.21576151173715394,0.47441575678828823,2.003953186538102,-6.78960296914205e-15,-6.562756267732333e-15,1.7401844097e-314,-0.00015507947568043037,0.00015079624369775072,0.00022746696965741573
574,-0.34433975070976197,-0.3119018088985331,-4.344137827974865,0.008707966018536824,0.16618288789647592,2.0012149276381197,0.0,-0.0,0.0,0.0,0.0,0.0
575,0.5189468273069978,0.1946357502400866,-0.03948530568852488,0.61899352175714,-0.6681117449823376,1.998249159795284,0.0,-0.0,0.0,0.0,0.0,0.0
576,-0.30130537012326314,0.4339735138651053,-0.8704864535063542,-0.5803125997349072,0.06992525364607682,2.002582600546209,0.0,-0.0,0.0,0.0,0.0,0.0
577,0.8985085193894403,-0.018721708694788407,-1.0606712336970372,0.467396502213022,-0.3334896768765032,2.000772389034195,0.0,-0.0,0.0,0.0,0.0,0.0
578,0.934023063947364,0.0564989548279457,-1.7968953654393223,0.1740850977705826,0.7003263095663416,2.0022725222423925,0.0,-0.0,0.0,0.0,0.0,0.0
579,-0.11880857649875415,0.8776012084016753,-2.811026218698985,-0.16082117047355032,0.7789297867946174,1.9963878753588202,0.0,-0.0,0.0,0.0,0.0,0.0
580,-0.6185032292723269,-0.32743732804450937,-1.1646914042634628,0.4169267174712951,-0.4736951367010647,1.9985889753638666,0.0,-0.0,0.0,0.0,0.0,0.0
581,0.21838702406284158,-0.22204145831528563,-4.25150291143776,0.611507639640224,0.08300645430191071,1.999904853136447,0.0,-0.0,0.0,0.0,0.0,0.0
582,-0.2821430376020236,-0.3416661358872478,0.31375162337717555,-0.18656665510917889,-0.02599958369265604,2.00212311152366,-3.4782582385420797e-14,6.588757708680992e-15,2.069975195863e-312,-0.0007956600891327458,-0.00014379975319345044,0.00046653934693860304
583,0.9308527376115703,0.33972733277148565,-0.682683736163789,-0.34291772542975196,-0.09319010100357636,1.9998679458821107,0.0,-0.0,0.0,0.0,0.0,0.0
584,-0.10883178153329182,0.2941189150642008,-3.9972744504510698,-0.6698997285992109,0.24257760641180517,1.9970975676107587,0.0,-0.0,0.0,0.0,0.0,0.0
585,-0.6374534223407343,0.058304622948155804,0.2559724709681047,0.1507514453809702,0.2809773858017253,1.9992523616439728,-8.398230562499267e-15,-2.521055593484087e-15,-0.0,-0.00019187108458396907,5.781221820233573e-05,-4.333185429092064e-05
586,0.509049504597668,-0.059507057360348385,-0.641201903090386,0.2046332665824116,-0.23728387411816532,1.9950339342695251,0.0,-0.0,0.0,0.0,0.0,0.0
587,-0.5334527282864793,0.170404981027215,-2.632825547646699,-0.27109700588170377,-0.7865136868924297,2.002074425563406,0.0,-0.0,0.0,0.0,0.0,0.0
588,-0.5866204085963941,-0.6567762042860604,-0.8468228199969998,-0.21854143889182412,-0.7042206633064998,2.0007833413665788,0.0,-0.0,0.0,0.0,0.0,0.0
589,0.023645460387500677,-0.8995329838091951,-0.1306784614814284,0.5932755735499231,-0.00935695033870151,1.9994877754354308,0.0,-0.0,0.0,0.0,0.0,0.0
590,0.16297229066209507,0.12011955254606334,-2.471743748982998,0.6427740796113525,0.3916358549538093,1.998899757655532,0.0,-0.0,0.0,0.0,0.0,0.0
591,-0.7619083969959497,-0.3577746848592582,-1.9630788780684265,0.5892483571740206,0.7518193218792366,1.9968434003512272,0.0,-0.0,0.0,0.0,0.0,0.0
592,-0.6089714272633477,0.30875550320284567,-1.2802912807946714,0.47730359058498356,-0.2333315668303429,2.002448447409701,0.0,-0.0,0.0,0.0,0.0,0.0
593,0.32378557497316846,0.04660147216103846,-2.256508934667439,-0.16808148231330317,-0.21169103725078411,2.000572197105971,0.0,-0.0,0.0,0.0,0.0,0.0
594,0.1589648678978322,0.3954568268850569,0.2306828448977636,-0.29124258439757633,-0.46994664796140645,2.0029170852816898,1.1617436033410048e-15,-7.851028090283482e-16,0.0,2.6633853724894964e-05,1.743806656894785e-05,2.703505849475373e-05
595,-0.4716214362594128,0.20530412112315627,-2.8000896384581364,-0.881268737418092,0.463445056984745,2.0018677885369134,0.0,-0.0,0.0,0.0,0.0,0.0
596,-0.017238856618613657,-0.5809488329130933,-3.513521675145893,-0.8390769841296356,0.5029788568909466,2.0005026128264283,0.0,-0.0,0.0,0.0,0.0,0.0
597,0.7212629573745459,0.4420570264779299,-2.267863513026356,-0.347552381939575,0.5848398794636991,1.9994073271041823,0.0,-0.0,0.0,0.0,0.0,0.0
598,0.34269236864965447,0.05408537909257304,-2.362115855498276,-0.13733570293411637,0.21448195654478042,2.0007166576812065,0.0,-0.0,0.0,0.0,0.0,0.0
599,0.2192688279445464,0.4104375297570637,-1.2978344016580567,-0.1554786229776364,0.47558045226368756,2.0007942396269156,0.0,-0.0,0.0,0.0,0.0,0.0
600,0.09431096658169015,0.8478263410851884,-3.9570539936130484,0.4621874552435567,-0.3528492478866734,1.9992883867723399,0.0,-0.0,0.0,0.0,0.0,0.0
601,0.9406588099350399,-0.14903943623403962,-3.0237303820433947,0.5882200689524197,-0.7336108339233042,2.00061777684238,0.0,-0.0,0.0,0.0,0.0,0.0
602,0.12402395357208858,-0.08355476338513906,-0.7539773751044494,-0.03959017755114171,0.5531822689626025,1.9993158725340534,0.0,-0.0,0.0,0.0,0.0,0.0
603,0.25272539808406974,-0.5978789794879595,-0.9394745374187828,0.875231106320462,-0.2683534649038357,2.000625697721635,0.0,-0.0,0.0,0.0,0.0,0.0
604,0.6436754616196835,-0.46901352676606584,-3.664729791394939,-0.11380490566088439,-0.5781228767369464,1.9957137585453757,0.0,-0.0,0.0,0.0,0.0,0.0
605,-0.14362347371170034,0.4809420686738149,-3.854409253166666,0.7168200205690314,0.3636091722391433,2.0006486835752457,0.0,-0.0,0.0,0.0,0.0,0.0
606,-0.2286485673490215,-0.7052964830845896,-2.4191870026859914,0.9143120737228326,-0.11163398594687567,2.002905153370142,0.0,-0.0,0.0,0.0,0.0,0.0
607,0.11361242190008317,0.40474042465796395,-2.987321051087113,0.39131269404980307,-0.03175877685951435,1.9968338769879481,0.0,-0.0,0.0,0.0,0.0,0.0
608,-0.8761595766768409,0.24594063728295024,-1.5067815218369707,0.8993383247302618,0.2449559736181981,1.9995970635619182,0.0,-0.0,0.0,0.0,0.0,0.0
609,0.43950376997336127,0.750351222920511,0.1828842646797333,-0.9273062840776538,-0.30913850515909125,1.9972719864150144,1.2120754964998224e-14,-2.0090239088684122e-14,-0.0,0.00027900319359574913,0.00046145359450802036,-0.0002175320504934588
610,-0.5185625745940698,0.8457489290945306,-4.293026733486444,0.20245620700419595,0.7674901137859884,1.9947243994632928,0.0,-0.0,0.0,0.0,0.0,0.0
611,-0.04750278999893197,-0.6727399824129217,0.1254268966476035,-0.4565564445877295,-0.30141316340811597,1.9989429796818468,-6.108590466301732e-15,1.203366567256921e-14,-0.0,-0.0001389861080880054,-0.00027632928443360494,-0.0005071380705669133
612,-0.8319831524776564,0.3633163557634608,-0.37041183551120804,-0.5838336716805833,-0.28785722760732857,1.9976626390497296,0.0,-0.0,0.0,0.0,0.0,0.0
613,0.7996453654631208,0.5714169010109355,-0.03074705728621425,0.15471375812584431,-0.22895853846981154,2.004042455688292,0.0,-0.0,0.0,0.0,0.0,0.0
614,0.3402818899691847,-0.8745253561495593,-3.332360866769714,-0.04422181170787271,0.4270182943783907,1.9985659692881643,0.0,-0.0,0.0,0.0,0.0,0.0
615,0.41307069647537514,0.24293856570743042,-3.8015789856198667,-0.28495247053943,-0.030031024486928865,1.9991409295160953,0.0,-0.0,0.0,0.0,0.0,0.0
616,-0.18752777425367337,-0.9675059214428081,-4.511140290262686,0.7705929921416882,0.4272456517300492,2.0021672720472186,0.0,-0.0,0.0,0.0,0.0,0.0
617,0.723121951729498,-0.6755464103045293,0.3585615238280248,0.6721059409801219,0.49952104934928854,2.0005193544157884,9.296265439821196e-15,1.5987304351619375e-14,-6.334114352575875e-286,0.0002125237834202508,-0.00036555221792563587,0.00012677630590212353
618,-0.23816250372594064,-0.08243610433604975,-1.8414319107438604,-0.8290051992053138,-0.2837714232065395,2.0011058905883723,0.0,-0.0,0.0,0.0,0.0,0.0
619,-0.1464057685374488,-0.22482846322449626,-2.2151889966081346,0.890078410792406,-0.39616265385993527,1.9958597784112972,0.0,-0.0,0.0,0.0,0.0,0.0
620,0.1760257798919961,-0.6357575443013753,0.34625338859567373,0.061441591827069174,-0.27056534718511865,1.9996407092170327,5.016752640903012e-15,1.0665024172394698e-14,-2.332858478742789e-293,0.00011617208881131214,-0.0002445320243343882,0.00024350269576034256
621,0.6269206768439649,-0.44047851320016246,-3.530038272417544,0.2439780153451727,0.06630098371658755,1.9978265476408557,0.0,-0.0,0.0,0.0,0.0,0.0
622,0.16770468412887238,-0.6730934037555124,-3.6954462623703828,-0.5348150770206354,0.20089100244254773,2.002111358448638,0.0,-0.0,0.0,0.0,0.0,0.0
623,-0.03713120119850978,0.013427262092661695,-0.4604071659418141,-0.014496170533790584,0.962263434962619,1.9975333852278137,0.0,-0.0,0.0,0.0,0.0,0.0
624,0.662533173116923,-0.12955895778365165,-0.7152046828243688,0.4749356284140165,-0.3004061623791012,1.9998785932173737,0.0,-0.0,0.0,0.0,0.0,0.0
625,0.35301706979631203,-0.621017031208377,-2.75242947152288,0.1607037152446869,-0.7738373999331377,2.0022783272401026,0.0,-0.0,0.0,0.0,0.0,0.0
626,0.628640071303479,-0.6189569710752703,-2.5835199231985397,0.08981499645194228,-0.7842792296316323,2.0007212139788124,0.0,-0.0,0.0,0.0,0.0,0.0
627,-0.7627290352072478,0.010907730785337296,-0.8608419487358749,0.4345257871044131,0.8364121727932158,2.0007050605210126,0.0,-0.0,0.0,0.0,0.0,0.0
628,-0.43841501983311754,-0.4305524730646828,-1.906484720128574,-0.08003736107219211,0.7342001815278582,1.999901333978541,0.0,-0.0,0.0,0.0,0.0,0.0
629,0.26935231962547795,-0.49135130421410794,0.4677692130928515,0.02824656292254815,-0.07595519008014627,1.9987797833739487,3.2625502764695403e-15,7.519796415832162e-15,3.7263532195595467e-224,7.594070761786195e-05,-0.0001725929114372439,0.00046897429198886146
630,0.4503266050448712,0.3929065810637721,-1.3065199959483265,0.8787023992844191,-0.05557898995777272,1.9982134361189663,0.0,-0.0,0.0,0.0,0.0,0.0
631,0.5729967333660635,0.4998857473344659,-4.2677798745176245,-0.22383680562009625,0.8534388754157137,2.0024356163019346,0.0,-0.0,0.0,0.0,0.0,0.0
632,-0.2621946896991268,-0.6263656540510282,-3.007200016917663,0.1798519689517595,-0.18731203729835239,1.9996808504303822,0.0,-0.0,0.0,0.0,0.0,0.0
633,-0.5119931118180878,-0.8091748147168334,-2.700139281278679,0.8132045982204211,0.33325149881178845,1.9985417371500314,0.0,-0.0,0.0,0.0,0.0,0.0
634,0.29973827363483946,-0.6194784889510238,-0.7346197521487634,0.3230722992071057,-0.6825489719397386,1.9964180353456513,0.0,-0.0,0.0,0.0,0.0,0.0
635,0.2673816022667876,0.47823769972187863,-2.936205580327905,0.8711349571087833,0.039998874861334445,2.002935192088481,0.0,-0.0,0.0,0.0,0.0,0.0
636,-0.5300212354893352,-0.12021683028691196,-1.642369332871872,0.4200611887940244,0.8629824725802561,1.9979472273908823,0.0,-0.0,0.0,0.0,0.0,0.0
637,-0.8233874055440444,-0.003522605432481878,-3.9387290014827134,0.8596264468834349,0.34971160637957965,1.999352951079803,0.0,-0.0,0.0,0.0,0.0,0.0
638,0.683108970392023,0.1984317507528129,-1.5862518929821525,-0.039493013716807954,0.5511950091778743,2.0015312143687503,0.0,-0.0,0.0,0.0,0.0,0.0
639,0.4254362552229125,-0.3216253701990552,-2.0966198638029017,0.2860561629405123,0.08271559690436339,2.0046380366675542,0.0,-0.0,0.0,0.0,0.0,0.0
640,0.27912870732545914,-0.47000192064299606,-1.9802718048781058,-0.26129883531328846,0.3825004096346896,1.999585722466979,0.0,-0.0,0.0,0.0,0.0,0.0
641,-0.39650386210755256,-0.5682252590500233,-2.4291033530012776,-0.5022219251095219,-0.2245407915280347,2.0004895749160023,0.0,-0.0,0.0,0.0,0.0,0.0
642,-0.13035275328819781,0.2518030537868099,-4.255010951179428,0.07219330886348908,-0.5544603662764149,1.9977901493152697,0.0,-0.0,0.0,0.0,0.0,0.0
643,0.8190328604338818,-0.14953189393018965,-2.9428250232163164,0.35418127444373587,0.15243546298286614,2.001956141612155,0.0,-0.0,0.0,0.0,0.0,0.0
644,-0.003461893137158924,0.004200635883236878,-2.538676256319985,-0.15718237577529756,0.1810441919513607,2.0002287671158405,0.0,-0.0,0.0,0.0,0.0,0.0
645,-0.03083525940234648,-0.08201319654191196,0.32080927602859755,-0.2865394294345365,0.4853386303387035,2.003828973910068,4.872406926147175e-15,-2.579602338850858e-15,-1.556493617751197e-309,0.0001120269536361945,5.922035872500691e-05,0.00021213309912305624
646,0.2361259897406922,0.7550799204687436,-3.8511831426102,-0.41386444014407303,-0.8686419570186572,2.0031616982453895,0.0,-0.0,0.0,0.0,0.0,0.0
647,0.434887669914138,0.3024189265592906,-1.631710845387706,0.1821861642447683,-0.9365906705986619,2.001125058567349,0.0,-0.0,0.0,0.0,0.0,0.0
648,-0.5651079621745181,-0.1940882976524593,-2.8076727249723117,0.12861242058380729,0.17288727970473275,2.0023081712560047,0.0,-0.0,0.0,0.0,0.0,0.0
649,0.443906543838762,0.24738914539623494,-1.6567242584186608,-0.5745143426159851,0.7754017407497958,1.9973237053233992,0.0,-0.0,0.0,0.0,0.0,0.0
650,0.21016149939124573,0.6608134532742886,-1.4331198699093366,0.5477093398886187,0.7312183217290611,1.9962569400713268,0.0,-0.0,0.0,0.0,0.0,0.0
651,-0.14259902904143498,0.43948832306751184,-0.7476776560434049,-0.3932753766950107,0.19282426816856102,1.9978214630273072,0.0,-0.0,0.0,0.0,0.0,0.0
652,0.6411955227930577,-0.6403546901176457,-1.1776761755340834,0.7265751177638946,-0.1618067109820157,1.9981942928357843,0.0,-0.0,0.0,0.0,0.0,0.0
653,-0.19135178327287175,-0.12774111869905638,-3.6338471238626915,0.12675448908051704,0.6546534063932619,2.0024440402724,0.0,-0.0,0.0,0.0,0.0,0.0
654,-0.7401697186396333,0.4286499414383136,-2.627748796371194,-0.6729225389567718,0.10806431383302988,2.0041244398604587,0.0,-0.0,0.0,0.0,0.0,0.0
655,-0.10289833275883024,0.180849790714321,-1.708966016570783,0.14001873030902165,0.9398315451647954,2.003957449644315,0.0,-0.0,0.0,0.0,0.0,0.0
656,0.11529653403810007,0.531595883096933,-0.3980612046328763,0.7006390296840036,-0.24463785111292127,1.9995012950034046,0.0,-0.0,0.0,0.0,0.0,0.0
657,-0.5247881433751449,0.5528127438838506,-4.188471473787677,-0.19009371773910338,0.7986050268153315,2.00175671113653,0.0,-0.0,0.0,0.0,0.0,0.0
658,0.9377972587661306,0.26743238867357844,-1.685488161966466,-0.024441723955591035,0.5221562889687854,2.0003803997197034,0.0,-0.0,0.0,0.0,0.0,0.0
659,0.14669947804657044,-0.4750108175660584,-0.5165918683054449,0.4123302485601308,0.5288502228447756,2.000322013787796,0.0,-0.0,0.0,0.0,0.0,0.0
660,0.2713850128500263,0.9621058070982987,-2.276272604870526,-0.6256324948512364,-0.7528150967718888,2.0001064395050157,0.0,-0.0,0.0,0.0,0.0,0.0
661,-0.18801384529234874,-0.587907206543986,-1.1308104307175655,-0.12273467391865928,-0.5882975377131208,2.00516713128249,0.0,-0.0,0.0,0.0,0.0,0.0
662,-0.24304262437579394,0.32092285828355666,-1.127308130974093,0.8010809814614186,0.25894563842853086,1.99993771205505,0.0,-0.0,0.0,0.0,0.0,0.0
663,-0.7682478538399133,0.21902289599857971,-3.1211437662886286,0.7549692321284046,0.601232139850426,1.9981514859115206,0.0,-0.0,0.0,0.0,0.0,0.0
664,-0.3859625448470478,-0.7606942768737252,-0.43152032018739195,-0.8489430588673118,-0.1655638058310975,1.9981871558982598,0.0,-0.0,0.0,0.0,0.0,0.0
665,0.5868682461683794,-0.807599855988309,-0.8989913169573382,-0.8255980213438806,-0.16327916680447754,1.999383420074024,0.0,-0.0,0.0,0.0,0.0,0.0
666,-0.41487076525280425,-0.11716519332584557,0.06238379255148683,-0.7395581176356097,-0.5075483867631229,2.0006030637613637,-4.5392502614511125e-15,-7.94288937687845e-18,-0.0,-0.00010488284849536147,-4.729526509349736e-07,-0.0004886562660694861
667,-0.44161141951023125,-0.04501555642318098,-3.3558854022815856,-0.6179104256068935,-0.13245443669677848,2.001053538723013,0.0,-0.0,0.0,0.0,0.0,0.0
668,-0.7904551970829443,-0.25546701296339747,-4.213423963908964,0.30896352807680105,-0.9146254602642223,1.9978527674195,0.0,-0.0,0.0,0.0,0.0,0.0
669,-0.22585316400296104,0.6638121388115469,-1.376292093730437,-0.3621188255212218,-0.04540766487036275,1.9999716296700056,0.0,-0.0,0.0,0.0,0.0,0.0
670,0.6705066922926601,0.020176052242759743,-3.1612413651365623,-0.6251987723601398,0.747556414036393,1.9993246276277967,0.0,-0.0,0.0,0.0,0.0,0.0
671,0.06431612670984009,0.3995579766980345,-0.28382921036401954,-0.18949441346591528,0.26998903451438067,1.9996428353825766,0.0,-0.0,0.0,0.0,0.0,0.0
672,0.7433486587929236,0.30504619582194836,-1.5933722009682485,-0.8379792016030434,0.24541527594206747,1.9998641155205052,0.0,-0.0,0.0,0.0,0.0,0.0
673,-0.5830164080248323,0.14859431201578308,-1.5770333452476761,0.8625661358239312,-0.39787341431201434,2.000017924038846,0.0,-0.0,0.0,0.0,0.0,0.0
674,-0.05887980013009519,-0.7846871707517651,-1.0681031504895082,-0.7492471609193789,0.2010794450891701,1.997746636124945,0.0,-0.0,0.0,0.0,0.0,0.0
675,0.5312173463604786,0.6179748177445695,-1.5982184225925369,0.004968618304307287,-0.9001901058811077,1.999556825062087,0.0,-0.0,0.0,0.0,0.0,0.0
676,0.37763118697058773,-0.5446881426924532,-0.2190081444634883,-0.47407188150754165,-0.5575271272481802,1.9987966652164157,0.0,-0.0,0.0,0.0,0.0,0.0
677,-0.6939772340142036,0.4465106174620354,-3.6681242676538264,0.6378196719051227,0.28777034767956006,1.9957318669899864,0.0,-0.0,0.0,0.0,0.0,0.0
678,-0.7879180465892139,-0.4917792829546972,-2.890298748477433,0.5260639778664462,-0.11109050666777856,2.0031101352229195,0.0,-0.0,0.0,0.0,0.0,0.0
679,-0.8722921900469982,-0.03177236331330007,-1.497700257604011,-0.14765902052943028,-0.3691819472729678,2.000152327415525,0.0,-0.0,0.0,0.0,0.0,0.0
680,-0.4296439320304334,0.21844142201568367,0.17601224672041066,-0.1695249605527151,0.834219604464072,1.9984117360765632,-8.019048271805674e-15,-1.7409743491996548e-15,-0.0,-0.00018423716201452578,4.018263156660409e-05,-0.0003306171374101561
681,0.14548617110276252,0.09955039455921708,-3.035375374622412,-0.06874082052942829,0.5814657079649677,1.9994503140019448,0.0,-0.0,0.0,0.0,0.0,0.0
682,0.41043246590399607,-0.2001263486454336,-3.5172201349984684,-0.41953366489793914,0.07799524794069511,2.0052484981899457,0.0,-0.0,0.0,0.0,0.0,0.0
683,-0.008045623126676943,-0.10866535354636221,0.15832192407107756,-0.6078936612456426,-0.41894095987294805,2.0007262342031216,5.2825400593430185e-15,1.601115467275099e-15,-0.0,0.00011978500447464213,-3.688617214843553e-05,-0.00017510710903096007
684,-0.6082547388666186,0.6128482759680611,-2.8967429958820943,0.26355732507479196,0.02915492132180409,2.003390824889777,0.0,-0.0,0.0,0.0,0.0,0.0
685,0.48492098966827757,-0.36672706911144043,-0.2940403182491894,0.4074111732587619,-0.2956100920481122,2.000107016628609,0.0,-0.0,0.0,0.0,0.0,0.0
686,-0.33741442130057936,0.7572212758134563,-3.7826533732879284,-0.9481297730932104,0.13518737807301856,1.9987221434262203,0.0,-0.0,0.0,0.0,0.0,0.0
687,-0.029195906535818474,-0.7472227093613687,0.4236083696603298,-0.32461405560279927,-0.11708805304646401,1.99880986215942,3.7997953148786724e-15,1.216179337474902e-14,5.517354083259031e-249,8.788329732687024e-05,-0.0002787895059565402,0.0005337131853517683
688,0.6679997040897048,-0.03111371868729106,-2.6606404452573904,0.37058866760624176,0.5884989326375079,1.9997487243260228,0.0,-0.0,0.0,0.0,0.0,0.0
689,0.4805566180080577,0.2853857602516653,-0.8770599142576526,-0.7019951450390918,-0.25580412659641527,1.9974649620214278,0.0,-0.0,0.0,0.0,0.0,0.0
690,0.2787786328849371,-0.938916375482335,-4.184168595759701,-0.24084277940254373,0.473975690590881,2.0033197007756813,0.0,-0.0,0.0,0.0,0.0,0.0
691,-0.5844700944936061,-0.013494958784284592,0.38143656777815454,0.8544933977007217,-0.47893909120410144,2.0022959846402943,-7.72430386522017e-15,1.8899749271235332e-15,3.2267802908063826e-273,-0.00017686637942848675,-4.383556760163494e-05,0.0003200461441895734
692,0.53700579036365,0.5307803602175064,-1.0784578156758076,0.5148478920863993,0.07201138807053348,1.9971273543498158,0.0,-0.0,0.0,0.0,0.0,0.0
693,-0.6714478212915971,-0.5035242310015416,-3.1240982915660473,0.41940058213304343,-0.6111803359983332,2.0016205150813087,0.0,-0.0,0.0,0.0,0.0,0.0
694,-0.19496025009886792,0.32173034861380806,-3.047136115092841,0.29563717151682356,-0.8639106551347653,1.9998163813119558,0.0,-0.0,0.0,0.0,0.0,0.0
695,-0.8915136409238711,-0.1010948112309773,-1.9446362516799178,-0.43351943885409633,-0.5563310221895927,1.9989858706742327,0.0,-0.0,0.0,0.0,0.0,0.0
696,0.1296293212527247,0.3897513503062952,-3.169398906951695,0.6680592125080709,-0.31182993774489376,1.9978403769590516,0.0,-0.0,0.0,0.0,0.0,0.0
697,-0.6739126950846603,0.18433560288061734,-0.2659730568199527,0.38440871601284526,-0.06004211054648297,1.9955979808409874,0.0,-0.0,0.0,0.0,0.0,0.0
698,0.36574846771234076,-0.48755044921894464,-0.04199131994215985,0.28355156425902356,0.05065312766234176,2.0034414103945837,0.0,-0.0,0.0,0.0,0.0,0.0
699,0.23291433854282864,0.8792743362710659,-1.0646225437293568,-0.590947228239474,0.6554041959449992,2.0015906895238955,0.0,-0.0,0.0,0.0,0.0,0.0
700,-0.7595637478526105,-0.18403520423160488,-2.8317156664700414,0.09207210490011297,-0.18283921856134697,2.0000266180756014,0.0,-0.0,0.0,0.0,0.0,0.0
701,-0.030228433281342414,-0.1327085876642836,-0.16915601399857075,-0.463340987829419,0.28778420329150506,2.000406346420418,0.0,-0.0,0.0,0.0,0.0,0.0
702,0.31675177969964874,-0.5970786560325674,-3.0155320639570986,0.40969931850296604,-0.8978445994305664,2.0024244675454974,0.0,-0.0,0.0,0.0,0.0,0.0
703,-0.5324636018799043,0.7034366686231835,-1.2640357018466941,0.5635601338478914,-0.022074977418091016,2.0019159885152855,0.0,-0.0,0.0,0.0,0.0,0.0
704,0.6979910369399621,-0.6027143188742663,0.06827599895473739,-0.7880722853186496,-0.05573687801167056,2.001164878878948,2.563747464977679e-14,1.3423111486373248e-14,-0.0,0.0005876952518593784,-0.0002993687036935797,-0.0003251685828647705
705,0.5697455269307813,0.7139971254971277,-2.11637700273757,-0.025773007181348076,0.8873808940257796,1.9970020778142643,0.0,-0.0,0.0,0.0,0.0,0.0
706,-0.3167562581865869,-0.44924883156756606,0.06107679483549664,-0.16576642924060914,0.07502293855906784,2.001643457552959,-8.517148528958324e-15,9.63754457585177e-15,-0.0,-0.00019532132179526587,-0.0002207892559146667,-0.0005338981383513288
707,-0.23095754125905799,0.7462602072831651,0.42689416923708,0.7845141348318839,0.5503334789277765,2.0023804196110393,-3.688162933891624e-15,-2.182694871811284e-14,2.867331393037305e-248,-8.48789249602924e-05,0.000499936386042269,0.00039426753655500763
708,0.060900708664474425,-0.7258738035701511,0.25854787761157877,-0.20284539629665443,-0.01172534925740495,1.9985426753855042,1.4472691672764645e-14,1.9423527715774675e-14,0.0,0.00033369934007675454,-0.00044516406574664186,0.00019698136017377784
709,-0.6411148980312347,0.4788443923912305,-3.152439423585957,-0.9227600095968477,0.23519760840506676,2.000380605337879,0.0,-0.0,0.0,0.0,0.0,0.0
710,0.707247278958565,-0.2817444627321961,-3.998795348323539,-0.5929775129857954,-0.25941021859005975,1.9984482395829855,0.0,-0.0,0.0,0.0,0.0,0.0
711,-0.6669891163450096,-0.688847226836602,-2.3165682087579866,0.6184169139145664,0.3385014151278043,2.0007647661348873,0.0,-0.0,0.0,0.0,0.0,0.0
712,-5.462571099371739e-05,0.3957558254719776,-0.30114927230753896,0.1342828185992467,0.46616505594029156,1.996312321962156,0.0,-0.0,0.0,0.0,0.0,0.0
713,-0.1278247658390004,0.10142244783723563,-1.8258683886922815,0.3963123650329818,-0.7786851127645306,2.0023107120709964,0.0,-0.0,0.0,0.0,0.0,0.0
714,0.7294069463573368,-0.5270906703606781,-2.135357006629185,-0.15021363602644927,-0.32247726051964054,2.0012798940856125,0.0,-0.0,0.0,0.0,0.0,0.0
715,-0.3213504201189789,0.17511280135776913,-2.825047384692968,0.025684055852731102,0.9818148575442133,2.000328331374679,0.0,-0.0,0.0,0.0,0.0,0.0
716,0.41695704348209806,0.115442940115596,0.442344280647251,-0.4264526868532024,0.7618330147079889,1.9979607890086593,1.1395902128966761e-14,8.258810101234895e-16,-1.2544245350780013e-238,0.0002607669936083744,-1.942637675318313e-05,0.00046872178931409587
717,0.2719687410432091,0.024950765509537346,-3.292918757628237,-0.04132205359363927,0.17001900341232037,1.9978349341638149,0.0,-0.0,0.0,0.0,0.0,0.0
718,-0.672111270848641,-0.1553107254327666,-2.788363573667827,-0.45730840139110795,-0.020576503376831614,2.002428999396179,0.0,-0.0,0.0,0.0,0.0,0.0
719,-0.47834789058788485,-0.069743851708126,-2.0417505579767967,0.34177106771425336,-0.7577042692363901,1.9994268733778224,0.0,-0.0,0.0,0.0,0.0,0.0
720,-0.64396537309238,-0.25227717003594746,-2.9430177564461,-0.44026664312350916,-0.44588573923631164,1.9993767504475515,0.0,-0.0,0.0,0.0,0.0,0.0
721,-0.48873476699220775,-0.6397945735087155,-0.8113385453472878,-0.3492965084807643,-0.7543014380873007,1.9969859812634734,0.0,-0.0,0.0,0.0,0.0,0.0
722,-0.7972945624692647,-0.46385984370646477,-2.520273575279396,-0.16959942462559066,0.44808460548200246,1.9976618966821784,0.0,-0.0,0.0,0.0,0.0,0.0
723,-0.3193704498330401,0.02537867962340503,-4.343173362730711,0.8113772260910118,0.07722118085925794,1.9992175049286693,0.0,-0.0,0.0,0.0,0.0,0.0
724,0.009138805206441744,0.07846741446139499,-1.1114502151490362,0.6262306662666147,0.24397806237999148,1.9955763747079467,0.0,-0.0,0.0,0.0,0.0,0.0
725,-0.050636339004377924,0.864323363245502,-1.2339597392427593,-0.8149877496177653,0.5525993748180964,2.003739918033165,0.0,-0.0,0.0,0.0,0.0,0.0
726,0.8823166494074957,-0.35708175732382913,-4.105794678700319,-0.1741854373684387,-0.18665813941845116,1.997025512955411,0.0,-0.0,0.0,0.0,0.0,0.0
727,-0.052643541787315444,-0.16992136291034926,-4.410729148796128,-0.09728388798236658,-0.7382791571481925,2.0016164115022823,0.0,-0.0,0.0,0.0,0.0,0.0
728,-0.13964962910585474,0.8220300580932047,-4.036377250110613,-0.010174028916233804,-0.19949642268179718,2.0019166740172625,0.0,-0.0,0.0,0.0,0.0,0.0
729,-0.7413947968067249,-0.23223545700778028,-3.4836723379356576,0.2256588514767492,0.8444368111907402,2.002918019880901,0.0,-0.0,0.0,0.0,0.0,0.0
730,0.5477634450432868,-0.4700620597094993,-3.5007186430435073,0.2274535926907535,-0.368674484140521,2.0002119553084072,0.0,-0.0,0.0,0.0,0.0,0.0
731,-0.09096845685252637,0.57145722573322,-2.174729651723494,-0.8434237739958166,-0.26617749221286985,1.999432226349559,0.0,-0.0,0.0,0.0,0.0,0.0
732,-0.5521579996001924,-0.6377714209607346,-1.7593371504149464,0.2676901544872371,-0.5478412336313364,1.9968388275108289,0.0,-0.0,0.0,0.0,0.0,0.0
733,0.7720708670057369,-0.2953786358464435,-3.1920189136972508,-0.7008846131866643,0.1738965313968586,1.9993166023996605,0.0,-0.0,0.0,0.0,0.0,0.0
734,-0.5995793206522982,0.47970059263257114,-3.2543808941727925,-0.8683185111374389,-0.13129573671937597,1.9992265351613197,0.0,-0.0,0.0,0.0,0.0,0.0
735,-0.3885705030319144,0.21784812396828743,-3.3549034407466816,-0.9086550943640739,-0.4119231084106719,2.0015671936071517,0.0,-0.0,0.0,0.0,0.0,0.0
736,0.2936340180579019,0.8272445729602205,-3.899530588862969,0.5155890396553157,-0.7080238532902187,1.9994073297262622,0.0,-0.0,0.0,0.0,0.0,0.0
737,0.3065425869203798,-0.6782022628841308,-3.801933080060825,0.026391190829413668,-0.061704543611763564,1.9974234673156253,0.0,-0.0,0.0,0.0,0.0,0.0
738,0.12033059589241199,-0.4789806376951466,-2.8516948342114956,0.03300327090970761,-0.1506893487346976,2.0021270759422585,0.0,-0.0,0.0,0.0,0.0,0.0
739,0.0661165125636792,0.7476494442319016,-2.565731094762561,-0.8108899368544399,0.15707142493768786,2.000106270551352,0.0,-0.0,0.0,0.0,0.0,0.0
740,0.28001711102076277,-0.829558561360487,-3.659711401904424,0.7427296909361552,0.4341444989591189,2.003322311305696,0.0,-0.0,0.0,0.0,0.0,0.0
741,0.44903855747224947,-0.8614167925485426,-4.492470862307238,0.7604086762925335,0.25728862915973355,1.9996056207695272,0.0,-0.0,0.0,0.0,0.0,0.0
742,0.18640090720672653,0.2942085837390865,-0.01953471174807809,0.23191385883495533,0.3751507916914915,2.0011809463387427,0.0,-0.0,0.0,0.0,0.0,0.0
743,0.23968621910925914,-0.5736714759195733,-2.596930179412418,0.11528765521121037,-0.3272257713274641,2.0017881436537923,0.0,-0.0,0.0,0.0,0.0,0.0
744,-0.36952103594420943,-0.0768072530491129,-1.3656827122178867,0.6664421796192573,0.07663164696898203,1.999005436546427,0.0,-0.0,0.0,0.0,0.0,0.0
745,0.7049595814255333,0.06519932889909591,-0.6083307157647924,0.5735443552129744,-0.2758720001697735,1.9971493832303193,0.0,-0.0,0.0,0.0,0.0,0.0
746,0.45655024234155905,-0.10871138547596407,-1.3769936636562594,0.23182027719941833,-0.37442663243633395,1.9992993621017467,0.0,-0.0,0.0,0.0,0.0,0.0
747,0.08020290968738748,-0.37410547798565125,-1.62888429308476,-0.46151043937337144,0.31473535179559253,2.003983945292023,0.0,-0.0,0.0,0.0,0.0,0.0
748,0.11760555518417556,0.12837308816043433,-2.778073430680274,-0.5081402306787182,0.15327810665697195,2.0019364534851474,0.0,-0.0,0.0,0.0,0.0,0.0
749,0.24721955401391765,0.13203821506366542,-1.1541530148268526,0.05444025134075578,-0.7165332385766661,2.003458673473269,0.0,-0.0,0.0,0.0,0.0,0.0
750,0.4222239425754738,-0.382936944035671,-2.9902272111655384,0.9129485534540825,0.3403182033574094,1.998150833363515,0.0,-0.0,0.0,0.0,0.0,0.0
751,-0.3619302166111821,0.07866076937393761,0.30780723894670003,-0.3547569839505095,-0.8067605481616765,1.996140706542582,-8.085390926943035e-15,-3.1505595470080306e-15,2.79587357e-316,-0.00018564054302421776,7.178251971852386e-05,0.0003132194433562973
752,-0.6190253717468369,-0.2730085250272118,-2.2601645264620487,0.5981101931425579,0.11026480407212838,2.0042786776001846,0.0,-0.0,0.0,0.0,0.0,0.0
753,0.6766785318888137,-0.5655086496055283,-3.3631905604933268,0.549475705419344,0.819894392452061,2.0004254020613086,0.0,-0.0,0.0,0.0,0.0,0.0
754,0.39983249297832646,0.37940447145622475,-2.250029609579707,0.2546222668127286,0.6407415481397101,2.000207492717108,0.0,-0.0,0.0,0.0,0.0,0.0
755,-0.398819744146962,-0.7771260171106522,0.49022318878634713,0.42491218974007183,-0.43749815618956833,1.998699664930474,-6.238631664642688e-15,1.3049672531981277e-14,-9.280919618249702e-211,-0.00014310807011575074,-0.0002997431863461035,0.0003362904752391606
756,0.07682408448777461,0.34599952273180823,-1.5152737416819144,0.58335558890285,-0.5263911658145654,2.0004704935826503,0.0,-0.0,0.0,0.0,0.0,0.0
757,0.19029511439566443,0.7056476693661841,-1.938223318136637,0.7319717941919417,0.025777804142380442,1.9998327495214707,0.0,-0.0,0.0,0.0,0.0,0.0
758,0.3533489481966759,-0.8513740930543067,-3.688031577125923,0.44881679656509915,0.5213373848277303,2.001208613491484,0.0,-0.0,0.0,0.0,0.0,0.0
759,-0.07325777405624266,-0.8617375780129939,-4.032853817609115,-0.20675654950335817,0.10246825383017462,1.9970349289583869,0.0,-0.0,0.0,0.0,0.0,0.0
760,-0.7993317643552268,0.15739548614060564,-0.858652946712436,-0.5164432641131984,0.32950753918108594,2.0026541277010264,0.0,-0.0,0.0,0.0,0.0,0.0
761,0.2946542856009535,0.12479860484269123,-0.08739108526256081,0.14822605709266035,0.18639288643307633,2.003866560733434,0.0,-0.0,0.0,0.0,0.0,0.0
762,-0.6312443693043398,0.10284656427833992,-2.520718956702246,0.24768277108341366,0.5998000391673488,2.0002296403015913,0.0,-0.0,0.0,0.0,0.0,0.0
763,0.42224670772971146,-0.5154530946265182,-3.057955483240842,0.5094640727736375,-0.6314106839900492,1.9972129418164877,0.0,-0.0,0.0,0.0,0.0,0.0
764,-0.11619883322602662,-0.465723190041917,-3.2983530319424395,-0.505957096149394,0.3434753188298087,1.9974349648053562,0.0,-0.0,0.0,0.0,0.0,0.0
765,-0.10824285374988,0.3644616662870124,-0.6215713629274999,-0.06188119033166738,0.3187938849948539,2.000600390029451,0.0,-0.0,0.0,0.0,0.0,0.0
766,0.8806279830829199,-0.2510119202854758,-4.3130923660226665,0.29698308659513306,0.4094552485615116,2.00260733912327,0.0,-0.0,0.0,0.0,0.0,0.0
767,0.0702894850287462,0.038067668477449246,-1.8870821163264404,-0.4862681324828341,0.48070451780710977,1.9973099719386733,0.0,-0.0,0.0,0.0,0.0,0.0
768,-0.2908495482955934,0.6861593716863923,-1.0253141866126698,-0.7306241306792624,0.0596163812344665,2.0021520794169554,0.0,-0.0,0.0,0.0,0.0,0.0
769,0.35656306685318373,-0.06692611268255212,-3.317733444305521,0.7358548343889043,-0.3555229905129898,2.0017390400674038,0.0,-0.0,0.0,0.0,0.0,0.0
770,-0.5655657756770094,0.17320469214616602,-1.4805263535852993,-0.13521668703733083,-0.9122324641209243,2.0003702463292736,0.0,-0.0,0.0,0.0,0.0,0.0
771,0.9140407989849466,0.36928471709143446,-2.9323061611111094,-0.12121697927197728,-0.16071045339111545,1.9978596038644116,0.0,-0.0,0.0,0.0,0.0,0.0
772,0.24378142876007294,0.07259877218527007,-2.1368988585368176,0.05137376429800106,-0.7821445094580899,1.9966045357801399,0.0,-0.0,0.0,0.0,0.0,0.0
773,-0.18517508727206786,-0.45510948241135923,-3.1094219295993493,-0.03447559242054823,-0.6867219609966267,1.9983419823346609,0.0,-0.0,0.0,0.0,0.0,0.0
774,0.8963445455773625,-0.21242702328788116,-0.8854124428675211,-0.08373052758263348,-0.18727424286644564,2.0000359670159664,0.0,-0.0,0.0,0.0,0.0,0.0
775,0.6102559636933301,-0.5359627704107204,-2.3912036788398914,0.4794743467988562,0.8760586665896581,2.002787326039918,0.0,-0.0,0.0,0.0,0.0,0.0
776,0.5758266524960051,0.5395167283515855,-1.0875019434679967,0.8400349887613996,-0.3059202910757091,1.9977747946681237,0.0,-0.0,0.0,0.0,0.0,0.0
777,-0.7865788470649893,0.472779562287819,-2.6861304611011265,0.013166645107954686,0.37182387941843786,1.9992856649992752,0.0,-0.0,0.0,0.0,0.0,0.0
778,-0.6730675004290805,-0.28245514205443273,-1.8533139721029614,-0.774195208488311,0.19339175284833807,2.001556493082045,0.0,-0.0,0.0,0.0,0.0,0.0
779,0.8799343425821458,0.09849743615065402,0.20517507104767516,0.36654801206179577,0.5499820121198394,2.0017174223364864,1.7218791135928554e-14,4.950069661680643e-15,0.0,0.0003957372437273232,-0.00011690528422927383,3.429505784053039e-05
780,0.020137704867129284,-0.9008803531607148,-1.5893936538994666,0.3163974855765886,-0.2293720860952784,2.001952298405616,0.0,-0.0,0.0,0.0,0.0,0.0
781,-0.2999463622216554,0.05404000201746628,-0.7113103000247195,-0.4704275618811236,-0.266316590611875,1.9979385548487814,0.0,-0.0,0.0,0.0,0.0,0.0
782,0.08829219092527432,0.5304366060760276,-2.387157156878031,0.7119469236792937,-0.31902196518269826,1.9978716713491003,0.0,-0.0,0.0,0.0,0.0,0.0
783,-0.25063905230747463,0.3119417699308035,-3.051048805668214,-0.8575723483263248,-0.2855032663071496,2.002421747112937,0.0,-0.0,0.0,0.0,0.0,0.0
784,0.423335420835731,-0.8892581864117667,-3.962167617039614,-0.7554862053980669,-0.6134901016192,1.9980170598865703,0.0,-0.0,0.0,0.0,0.0,0.0
785,0.6410890641903014,-0.2458000542952601,-1.7096457105976273,-0.15143669752993208,0.6230298223048473,1.998194644733042,0.0,-0.0,0.0,0.0,0.0,0.0
786,0.8448716078318553,-0.26881526629536917,-3.6576276891344732,0.5024974569523026,0.5222134465088901,2.000556714488488,0.0,-0.0,0.0,0.0,0.0,0.0
787,-0.18601355309428014,-0.04274116463636903,0.008946393635117872,-0.0391216219720012,-0.8793362648671734,1.9978109806375979,-6.099221195253639e-16,1.5230563575300555e-14,-0.0,-1.3411156425980898e-05,-0.00035341327425044686,-0.0007676426832249015
788,0.3003289261214849,0.70949317744548,-0.473873210736291,0.20232914278090333,-0.6462720915027005,1.9998492292326524,0.0,-0.0,0.0,0.0,0.0,0.0
789,0.034480430111366416,0.9922431392025698,-3.9754404109395933,-0.3460531880309203,-0.7785414018704007,1.9986172387430028,0.0,-0.0,0.0,0.0,0.0,0.0
790,-0.3004326640735061,-0.6056054212695776,-1.1590482256456458,0.5083231640913296,-0.39241781500820666,1.9993422083877423,0.0,-0.0,0.0,0.0,0.0,0.0
791,-0.44116125732589323,-0.7726039041019828,0.3117329817667619,-0.3265485234064082,0.9214046386857009,2.0018781254851112,-7.391385350637084e-15,1.5914573132869946e-14,4.4012920185e-313,-0.0001693043075904839,-0.0003653617329535016,0.0001367859456134696
792,-0.5064785459725946,-0.5141527613056768,-2.546321161254063,0.6120413973354084,0.40342368377375026,1.9971423051418147,0.0,-0.0,0.0,0.0,0.0,0.0
793,0.33501822856710883,-0.5532623723372301,-3.0107784070599686,-0.21483474874565298,-0.5557089104213959,2.002465449324469,0.0,-0.0,0.0,0.0,0.0,0.0
794,-0.42375721474942485,0.4714611893776603,-1.0668638864741118,-0.326229949725006,0.0012966245798998503,1.9975289389824038,0.0,-0.0,0.0,0.0,0.0,0.0
795,0.39937733871340386,0.11362598311579933,-3.0645424938116785,-0.03699113845648776,-0.14064897505523313,1.9969923981078623,0.0,-0.0,0.0,0.0,0.0,0.0
796,0.5136795755100545,-0.10732774076114292,-3.825783295162452,-0.833791816098521,0.10206470483934593,1.9971044202320487,0.0,-0.0,0.0,0.0,0.0,0.0
797,0.7405669621212692,-0.6239804249355442,0.12667432582847868,-0.801352718719368,-0.28221506076187075,2.0006420810565597,2.3784287051384237e-14,1.949409084190141e-14,-0.0,0.0005450503130067405,-0.0004412044710194602,-0.00017171257975256128
798,-0.8478323447441037,0.3222762521600117,-3.4007424652177565,-0.7538513289675358,-0.23693583267689813,1.9998794920620724,0.0,-0.0,0.0,0.0,0.0,0.0
799,-0.2372300747448435,0.5276697984407419,-2.959357936456544,0.34234772454455026,0.8092647918003312,1.9990819974862457,0.0,-0.0,0.0,0.0,0.0,0.0
800,-0.5528569068421353,0.38727589753415903,-1.163058342913847,0.7355669852381646,0.16691068938672682,2.0001562454419357,0.0,-0.0,0.0,0.0,0.0,0.0
801,-0.5423499110545759,0.11379463334231292,0.48255854661017616,0.5352470336078543,0.43816155359877085,2.0007912398832572,-9.020036026423453e-15,-2.079580463677159e-14,-1.7272406901115843e-215,-0.00020679978537867737,0.0004877879817597816,0.0010175213707850545
802,-0.7248128028764802,-0.02270682063498934,-0.4507119358805186,-0.40336713132629515,0.008389951009234769,1.9996095370757903,0.0,-0.0,0.0,0.0,0.0,0.0
803,0.06573866294175769,0.40572969029275535,-4.377359561908406,-0.849309935200422,-0.5166068861217279,2.001154683254779,0.0,-0.0,0.0,0.0,0.0,0.0
804,-0.5094036048377374,0.6201915433304808,-0.04461876150254225,0.9622021072849608,0.048136152940033844,2.0032516989965488,0.0,-0.0,0.0,0.0,0.0,0.0
805,0.27309715167864806,-0.3215127506479748,-3.5265697629139288,-0.060547825379646106,-0.7331285085328827,2.000336154056616,0.0,-0.0,0.0,0.0,0.0,0.0
806,-0.06983460775264891,0.015036386735098576,-2.1005953163905153,-0.16791966775808959,0.7250589797692281,2.001176074337425,0.0,-0.0,0.0,0.0,0.0,0.0
807,-0.39210332548471,-0.5352902452710274,-0.03490989570901338,0.2039428670821106,0.8075746749243218,1.9999795149064217,0.0,-0.0,0.0,0.0,0.0,0.0
808,0.6358278021784615,-0.4639363948207432,-3.734335224485915,0.4002244178499388,0.8154520099064537,1.9994749748109044,0.0,-0.0,0.0,0.0,0.0,0.0
809,-0.5589718455210336,0.6771859647889782,-2.2323007539271815,0.42017234273869397,-0.3241739721073387,1.9980698765371268,0.0,-0.0,0.0,0.0,0.0,0.0
810,-0.5376053532288831,0.31144701000360037,-2.086627141580472,0.06740751213350284,-0.2940598087421438,2.0015300567917618,0.0,-0.0,0.0,0.0,0.0,0.0
811,-0.12029421414812837,0.07371844306562902,-0.7741107375017251,0.7588884797945803,0.522071603917334,1.9995893978920325,0.0,-0.0,0.0,0.0,0.0,0.0
812,0.06682164823286353,0.5296841455892997,-4.184740929742996,-0.00727318575890674,-0.5476000348292122,2.0014970031079753,0.0,-0.0,0.0,0.0,0.0,0.0
813,0.5418585000806178,0.5081771762555874,-3.109082023254784,0.7840651660389678,-0.2827930068312443,2.003223852220295,0.0,-0.0,0.0,0.0,0.0,0.0
814,-0.19939913147983163,-0.7344135677888117,-0.4330138586748514,0.1761591412717551,0.7855811196207761,2.001318158937015,0.0,-0.0,0.0,0.0,0.0,0.0
815,0.336881409916845,-0.22221490099958816,-0.9773336641481403,0.4541650930705926,-0.7770580629830796,1.9997127093800364,0.0,-0.0,0.0,0.0,0.0,0.0
816,-0.4378683210185103,0.5038487651324105,-0.20714038425855358,-0.049592736900590684,0.5176688931038611,2.000713331779543,0.0,-0.0,0.0,0.0,0.0,0.0
817,0.6553128579509705,0.3330612838497184,-0.43707639005691584,0.3105884601150909,0.3245038843978394,1.9980282425970575,0.0,-0.0,0.0,0.0,0.0,0.0
818,-0.5476337272195835,-0.13060572873719664,-1.3132708846329177,-0.665015849967204,0.02964952912468801,2.002483745498067,0.0,-0.0,0.0,0.0,0.0,0.0
819,-0.41101365216344726,-0.007798516625202539,-0.0217626513919664,-0.11530246934749093,-0.8940898729302137,1.999388321241501,0.0,-0.0,0.0,0.0,0.0,0.0
820,-0.15815580439850865,0.5571774757497666,-0.6712802931600337,0.4938169904211353,0.21132014536046217,2.002255990150359,0.0,-0.0,0.0,0.0,0.0,0.0
821,-0.4513752612843519,-0.5096747243728921,-0.2567664844327682,-0.45430446039222255,0.8510767822865535,1.9990794540951708,0.0,-0.0,0.0,0.0,0.0,0.0
822,0.5855509100669164,-0.12115366783805713,-2.7385969701032034,-0.704215272990605,0.006281060509076927,2.0005045315458965,0.0,-0.0,0.0,0.0,0.0,0.0
823,0.4786059076050531,0.34956368430759427,-0.7866907054110255,-0.5230951919763323,0.36467028872043294,2.001216653485542,0.0,-0.0,0.0,0.0,0.0,0.0
824,-0.3477409784439496,0.015962776808287348,0.26073139559599484,-0.11894297260281173,-0.6330178766329256,1.999132976050922,-9.168901884583286e-15,3.223742849200985e-15,0.0,-0.00021025055513426735,-6.60252566990956e-05,0.0008639268627690261
825,0.8004443417476261,0.17870971518758796,0.14101596390188828,-0.4609039937237864,-0.8171296225973219,1.9985718384438873,1.0522881419071927e-14,-1.1002278040441786e-14,-0.0,0.00024170962838613127,0.00025260088011929284,-0.0001016802686258007
826,0.7351933134088099,-0.4277414465505935,-2.810988229865051,0.03954202936074298,0.8375055201304417,1.9984447342671183,0.0,-0.0,0.0,0.0,0.0,0.0
827,-0.3078086277974219,-0.7096832658141817,-3.0800166199438217,-0.2756376362341806,0.8906616536914722,2.004166637993244,0.0,-0.0,0.0,0.0,0.0,0.0
828,0.15613119483223775,0.4251733572285959,-3.716844544055372,0.6855403066197746,0.10988842944265886,2.0002936822435515,0.0,-0.0,0.0,0.0,0.0,0.0
829,0.6685126259434585,0.44690534884030014,-3.626820674451203,-0.6527906404124766,-0.049593207615036675,2.002771683059976,0.0,-0.0,0.0,0.0,0.0,0.0
830,-0.1467814842597481,0.5425415452630278,-2.1674732845176354,0.4885344964308174,-0.27818049343300677,2.0010725049049127,0.0,-0.0,0.0,0.0,0.0,0.0
831,-0.5767209124189685,0.5625537234957493,-1.6659539024566121,0.18066332301272608,0.560128036464266,2.0002832948280074,0.0,-0.0,0.0,0.0,0.0,0.0
832,-0.5870178309837669,0.6085646049586396,-2.3016706478158473,0.9794681407874036,0.1115951194694864,2.000980303587209,0.0,-0.0,0.0,0.0,0.0,0.0
833,0.0854588132714738,-0.5724821181439299,-1.1503151504833384,-0.3677361314383186,-0.45916949533355117,1.9990559651033648,0.0,-0.0,0.0,0.0,0.0,0.0
834,0.09965823001233194,-0.4553025714514546,-2.3967269206805377,0.0788542948323945,0.14874735424621127,1.9973317316250208,0.0,-0.0,0.0,0.0,0.0,0.0
835,-0.6319023006739007,0.09422815935634564,-2.329390028695717,-0.09206654432325308,-0.7614522450546695,2.0011960692913466,0.0,-0.0,0.0,0.0,0.0,0.0
836,0.0926343885595543,0.7810059951389082,0.11734508638416737,-0.261786191518171,0.9309701585555828,1.9989898003918454,7.532021588508186e-15,-2.7852816841327426e-14,0.0,0.00017494538710569174,0.0006408978861821555,8.859883000667718e-06
837,-0.5255057478425226,0.8264144461160386,-1.7977734984730063,0.4329678421714461,0.4814824554288444,2.0054474791790624,0.0,-0.0,0.0,0.0,0.0,0.0
838,-0.06884840466805493,-0.6986983457031909,-4.454812160279332,-0.06787796214160104,-0.25322936124098083,2.0014570157371443,0.0,-0.0,0.0,0.0,0.0,0.0
839,-0.5744817982656982,0.9317919778622201,0.34836474501800807,0.023078721915266533,0.8982888511457983,1.998912396387816,-1.1715902859121534e-14,-1.9072487420495532e-14,-1.3477778584170507e-291,-0.00026906167010214447,0.0004381522851378993,6.736070675788334e-05
840,-0.901001680707181,-0.13596438410374428,-3.7079608768880337,0.016877797801439172,-0.9452517517892156,1.9949309101131496,0.0,-0.0,0.0,0.0,0.0,0.0
841,0.6320158354933085,-0.39058177846206443,-3.568459400250111,-0.3597137201233609,-0.7855391952691401,2.0001228446351447,0.0,-0.0,0.0,0.0,0.0,0.0
842,-0.10060043804758591,0.36748673961989387,0.14169845344217616,0.14416373288076267,-0.6836349102372867,1.9954587390437304,5.35924162540015e-15,2.4381205859404943e-15,-0.0,0.00012390211592488808,-5.6089223368226894e-05,-0.0004691198251438963
843,-0.5761283505353672,0.005475646378389183,-3.1582358027206725,-0.2558729813257483,0.8472232481615966,2.000339423466692,0.0,-0.0,0.0,0.0,0.0,0.0
844,0.7303033536192923,-0.1815845067025209,-4.415434472374194,0.3594296529160819,-0.41833909003765396,2.0008552975190708,0.0,-0.0,0.0,0.0,0.0,0.0
845,0.5451983555516711,0.46084685956291455,-2.4616382523220732,0.09594464036083304,0.6875642515524227,2.002242935374522,0.0,-0.0,0.0,0.0,0.0,0.0
846,-0.3530868223755385,0.17234446666891876,-2.5091180976971454,0.7421344016362939,0.3878562931744877,1.9982878836981877,0.0,-0.0,0.0,0.0,0.0,0.0
847,-0.21958403090281545,0.04443286222366735,-3.32695048884758,0.2666763880952381,0.8789326898537977,1.998809171915506,0.0,-0.0,0.0,0.0,0.0,0.0
848,-0.4102467655958878,0.40196371426004296,-1.2416795959443574,-0.24937430258443566,-0.5066990373979224,2.001090890763894,0.0,-0.0,0.0,0.0,0.0,0.0
849,-0.5866962114408227,-0.34691582644876656,0.4520155961287278,0.3425163137991838,-0.31446259453338393,1.9993398360993684,-1.357697607132258e-14,8.64489753823314e-15,-2.201149140752485e-233,-0.00031133933331461825,-0.0001985837897886022,0.0004619355013942395
850,0.24138057664550078,0.3791390566731895,-2.4578495593517258,0.1850131319247662,0.8270764487322518,1.9991534534449946,0.0,-0.0,0.0,0.0,0.0,0.0
851,-0.7104451553563755,-0.02119284354662077,-3.1626874783907426,0.2311357353826252,-0.8685740155202618,1.999252171939492,0.0,-0.0,0.0,0.0,0.0,0.0
852,-0.06658323637899287,-0.05248895462979026,-3.837542380797052,-0.32398666618027977,0.5947210108113639,1.9976994984124736,0.0,-0.0,0.0,0.0,0.0,0.0
853,-0.1799384538963517,0.5891477531211164,-2.4994139973198677,-0.20501452692413424,0.12683380121031512,1.999702606495557,0.0,-0.0,0.0,0.0,0.0,0.0
854,0.6333790508631358,0.586358286177617,-4.022539560562992,-0.03935004897313113,0.11778244785534804,2.0009652253468055,0.0,-0.0,0.0,0.0,0.0,0.0
855,0.5101156942539781,-0.8394348735144124,0.50317738457736,-0.15092241133173534,-0.13893645530461926,1.9962050079152427,8.936608815090599e-15,1.1608303041221556e-14,2.2608560035122254e-203,0.0002059857307047678,-0.0002663048963165153,0.00045609338176936707
856,0.5588175790007219,0.733019782129901,-3.0139015962745326,0.6712054714921721,-0.4048735326937254,1.9964608018787515,0.0,-0.0,0.0,0.0,0.0,0.0
857,-0.5721175750115878,-0.11691482475035676,0.29445977787482075,-0.0067106132970005256,0.07405275722042202,1.9992170891249639,-6.673073623509851e-15,-6.562526574235923e-17,-0.0,-0.00015244058551966321,1.727098953277481e-06,0.00017640414384880465
858,-0.13214891984037436,0.13801113430946554,-3.0184880143020374,0.7228537305005788,-0.0969908337307915,1.9985900370479257,0.0,-0.0,0.0,0.0,0.0,0.0
859,-0.4074409203651888,0.08169734052888043,-0.9726241921546938,-0.2884421900547976,-0.02454598922532948,2.002485503037651,0.0,-0.0,0.0,0.0,0.0,0.0
860,-0.5777491234001795,0.6143646913825559,-4.0423839747726005,0.11069679462433996,-0.8117511886293123,1.9972154169098688,0.0,-0.0,0.0,0.0,0.0,0.0
861,-0.2565924891193101,-0.8669511060557454,-0.8028375162237538,-0.5725760864726712,0.016392724338121896,1.997634217966858,0.0,-0.0,0.0,0.0,0.0,0.0
862,0.3927929605993598,0.8453759856467354,-2.4309915541489877,-0.4442141806154152,-0.30450812606808764,1.9989996744440048,0.0,-0.0,0.0,0.0,0.0,0.0
863,-0.32906812864027396,-0.40368739136263904,-3.330481512212893,-0.1094061551817347,-0.6757879234480474,1.9972846963180502,0.0,-0.0,0.0,0.0,0.0,0.0
864,-0.44846345591342585,0.8567516229269223,-2.7341833020378825,-0.5299947005384342,-0.6486256554401313,2.0020804299215187,0.0,-0.0,0.0,0.0,0.0,0.0
865,-0.6010913150109424,0.40824505249077064,-4.293059123669146,0.7941139731226493,-0.3914645066581629,1.9984818209138275,0.0,-0.0,0.0,0.0,0.0,0.0
866,-0.8937085942920208,0.19365113332432132,-3.030745915783031,-0.1616070285542962,-0.5597933963767695,2.0014435650929285,0.0,-0.0,0.0,0.0,0.0,0.0
867,0.049025268263848974,0.18359700283893532,-2.7643370469245174,0.4487064939812287,0.7283444736847408,1.998550995339322,0.0,-0.0,0.0,0.0,0.0,0.0
868,-0.4459934600947344,-0.6322617207118538,-3.047067481461342,0.35934818359162063,-0.22597147318009933,2.001514187367801,0.0,-0.0,0.0,0.0,0.0,0.0
869,0.5688110228829355,0.5182545633551345,-2.1400087498191085,0.6261594926590514,0.6974032972307472,1.9957119416612157,0.0,-0.0,0.0,0.0,0.0,0.0
870,0.5878461414523081,-0.7384828267766232,-2.110787964511598,0.004289690956653738,0.44835585616802753,2.001454465195307,0.0,-0.0,0.0,0.0,0.0,0.0
871,-0.25831615355457166,0.6223190449414006,-1.3274460600915778,0.48699988796959803,0.72944467995891,1.999158814509073,0.0,-0.0,0.0,0.0,0.0,0.0
872,-0.9015467058292327,0.3365114003873169,-0.1726151343413075,-0.5146672353657492,0.4575577496474835,1.9985158763578437,0.0,-0.0,0.0,0.0,0.0,0.0
873,0.5981774697312512,-0.024553721444400576,-0.5549775234039328,0.5964642630669047,-0.4342050479148186,1.9990946006390282,0.0,-0.0,0.0,0.0,0.0,0.0
874,0.614641657769359,0.31349280609948316,-0.5568280354146572,-0.43571206392118317,0.31134860683889964,2.0003519772441942,0.0,-0.0,0.0,0.0,0.0,0.0
875,0.4760109906012714,0.7450476916496287,-3.329164263171183,-0.5919543317739834,-0.26379161946150614,2.0017956409276496,0.0,-0.0,0.0,0.0,0.0,0.0
876,0.5739786783825019,-0.5573933770357605,-4.454089346466195,0.5374793843455575,0.3051113517358751,2.003265962405605,0.0,-0.0,0.0,0.0,0.0,0.0
877,0.8308702446305346,-0.10488811503909445,-3.393134990119349,0.29882140996208345,-0.12616353295903035,1.9984286521642656,0.0,-0.0,0.0,0.0,0.0,0.0
878,0.181517004660193,0.7732168111266982,-0.523684145366367,0.760790143034399,0.5349121508258777,1.9982586626537648,0.0,-0.0,0.0,0.0,0.0,0.0
879,-0.6928331696245469,0.30687110160266207,-2.2419488571147705,-0.8022043480894206,-0.33400249577553676,2.0002364560550983,0.0,-0.0,0.0,0.0,0.0,0.0
880,0.007484974652452378,0.03254809377698156,-2.7476964484037323,-0.7542889141947906,0.4375219101444255,2.0005967519588985,0.0,-0.0,0.0,0.0,0.0,0.0
881,-0.4134308662459995,0.507451512847885,-0.937349059333771,0.23594105144084057,0.8229347759980944,2.0021240062063916,0.0,-0.0,0.0,0.0,0.0,0.0
882,0.08825838577787755,0.5993281675742796,-2.3949249246601947,-0.09937285309725155,0.18800493425017212,1.9992056282203685,0.0,-0.0,0.0,0.0,0.0,0.0
883,-0.5886223159267325,-0.034423189065272024,-4.408872853217934,0.04001081409736676,-0.7501763897123725,1.9983579823520423,0.0,-0.0,0.0,0.0,0.0,0.0
884,-0.9658211002394081,0.12417911331281584,-2.9142718220246757,0.3578603562786926,0.6896251885554117,1.9991051155254713,0.0,-0.0,0.0,0.0,0.0,0.0
885,0.8704062284301619,0.3845759166422754,-1.6271143301597437,0.7258850475460541,0.40729680087046505,1.9977740110587323,0.0,-0.0,0.0,0.0,0.0,0.0
886,0.6803760438466699,-0.43342241162874,-1.3879334479148977,-0.4197879388113012,-0.38269102570203706,2.0007403854106456,0.0,-0.0,0.0,0.0,0.0,0.0
887,-0.52985307002704,0.0285142837414535,-3.403930484308222,-0.4885239492026763,0.32091278142264473,1.9981101398203993,0.0,-0.0,0.0,0.0,0.0,0.0
888,0.6742670350145206,-0.589300307536357,-1.0925704619250938,-0.870822410839319,0.06072605768797424,2.000277701906896,0.0,-0.0,0.0,0.0,0.0,0.0
889,-0.11646123470915007,0.4996744535932398,-3.2200625223685915,0.16128526790263786,-0.3835329688905754,2.002971428381127,0.0,-0.0,0.0,0.0,0.0,0.0
890,0.3387944177425849,0.4114927892315556,-2.099385751133966,-0.019719845763954344,0.2088600815554733,1.998194573721242,0.0,-0.0,0.0,0.0,0.0,0.0
891,-0.13362550766879425,0.6585294039534868,-2.337540717324853,-0.8409903624586489,0.11732888598829895,1.9995652158265933,0.0,-0.0,0.0,0.0,0.0,0.0
892,-0.34845311326333733,-0.21088835431018238,0.3264833851345157,-0.8997888927750084,-0.044377608485025324,1.9992965531030622,3.010059483913638e-15,-8.56101130046304e-15,-5.770851390580185e-305,6.766197319242373e-05,0.0001927539359193719,-0.00016063391657042877
893,-0.1837325161341248,-0.8812239115326048,-3.8919353530326726,0.2766015152038663,-0.36507640918023143,1.9998285671427787,0.0,-0.0,0.0,0.0,0.0,0.0
894,-0.7752595029934689,-0.2929809635559593,-4.31125740905532,-0.5388881964950852,-0.0026803812315848692,1.9989644534753137,0.0,-0.0,0.0,0.0,0.0,0.0
895,0.2398721598876993,-0.7356696705758453,-3.425256435232896,-0.19178660958555477,-0.7591389011718243,1.99935757758083,0.0,-0.0,0.0,0.0,0.0,0.0
896,-0.9334362161428885,0.2750340961296851,-2.727891124919574,-0.6184658068942722,0.30011611876744854,1.9956621811117132,0.0,-0.0,0.0,0.0,0.0,0.0
897,-0.13069657827655304,-0.0640289301438427,-1.4241777894512437,0.6223568537596631,-0.24681645364249097,2.0001733150538485,0.0,-0.0,0.0,0.0,0.0,0.0
898,-0.15486717711218598,0.5551008020904864,-1.3018864322412236,0.15392295908457798,0.5979605275048036,1.997618773304526,0.0,-0.0,0.0,0.0,0.0,0.0
899,0.46840007423910895,-0.30024991994212047,-0.41101045855963353,-0.06894230527805086,0.995390824840316,2.0027275078420916,0.0,-0.0,0.0,0.0,0.0,0.0
900,0.023087582034255077,-0.23557623024323304,-0.6519748470905314,-0.2541737833432488,-0.8000052972391684,1.9984800773666884,0.0,-0.0,0.0,0.0,0.0,0.0
901,0.08025268505953319,-0.10532666079802272,-1.4526987641494877,0.6577725921003182,-0.4211180574525409,2.0025339880818773,0.0,-0.0,0.0,0.0,0.0,0.0
902,0.689326642417111,0.4355350583825871,-2.836294698484486,-0.5020638634613601,-0.5292787649414817,1.9983276789047324,0.0,-0.0,0.0,0.0,0.0,0.0
903,-0.12344012621785364,-0.8099145800708877,-1.8539291349938978,0.7583566280853622,0.11257466490227777,2.000234276303625,0.0,-0.0,0.0,0.0,0.0,0.0
904,-0.1206723422615876,0.15835680622106946,-3.8761357688504936,0.3159695209553449,0.7798311502122475,2.0015324279820166,0.0,-0.0,0.0,0.0,0.0,0.0
905,-0.34727701912370657,-0.7236862672831694,-1.0360732633425933,0.8965117694224349,0.22485638559242058,1.9991185200620627,0.0,-0.0,0.0,0.0,0.0,0.0
906,-0.8000840513772093,0.6864107042090348,0.21255590509413155,-0.9837704463550974,0.14363432943665821,1.9987476662284391,-2.1733062413867345e-14,-1.8121906760990443e-14,-0.0,-0.0005000484867389544,0.00041678170121102877,-9.496476534332801e-05
907,0.4421138774099601,-0.19168222024174514,-0.564396275469919,0.3171921384627152,0.6377259205452627,1.999895972840809,0.0,-0.0,0.0,0.0,0.0,0.0
908,-0.33466009047652656,0.8799294105987803,-1.6917466746751637,-0.024854868106536206,0.7452956059063102,2.0039656795368423,0.0,-0.0,0.0,0.0,0.0,0.0
909,0.44629124884483323,0.4799631178405993,-1.4606686538384848,0.6925529035545989,0.5329476847763723,2.000877411221629,0.0,-0.0,0.0,0.0,0.0,0.0
910,0.7133638004744731,0.4626418666392256,-1.4989948682113197,-0.5941408121838544,-0.10512364969572673,1.9998829700305263,0.0,-0.0,0.0,0.0,0.0,0.0
911,0.8405241822266081,-0.20338155299867758,-2.8697837775057664,0.15796176222080666,0.37888417863638935,1.9991956536092559,0.0,-0.0,0.0,0.0,0.0,0.0
912,-0.4088327138391029,-0.4480140855339081,-1.5080631999015106,0.2806132985340835,-0.6293793841652034,1.9984845317982611,0.0,-0.0,0.0,0.0,0.0,0.0
913,0.8441013607889724,0.17399362832542756,-4.19003309980702,-0.41383425171362653,0.5500716727780183,1.998784554975949,0.0,-0.0,0.0,0.0,0.0,0.0
914,0.6222267648321086,-0.30221812320043445,-1.518991866651078,0.573375057818836,-0.23346069408600123,1.9970918720610382,0.0,-0.0,0.0,0.0,0.0,0.0
915,-0.6350800611348429,0.40707623779620106,-4.201738814291771,0.33550832769040184,-0.8611759507280456,2.00081137205692,0.0,-0.0,0.0,0.0,0.0,0.0
916,0.5366901902611353,0.2601169055163738,-0.6395304270833397,-0.4116177637098292,0.6237629710444199,2.000444067984652,0.0,-0.0,0.0,0.0,0.0,0.0
917,-0.3014166398741694,0.12674297612563978,-0.3808862889455379,-0.654600553579904,0.6655176899233746,2.00048585385043,0.0,-0.0,0.0,0.0,0.0,0.0
918,-0.2992033481085229,-0.6781080499612263,-3.5082494676072193,0.2905738970329514,0.348540673485157,1.999838451614066,0.0,-0.0,0.0,0.0,0.0,0.0
919,0.255038918811993,-0.20932524848480416,-3.290583974041331,-0.2518259638382989,0.4425250504485169,1.9986325249052086,0.0,-0.0,0.0,0.0,0.0,0.0
920,0.6761719915748715,-0.4224590911923736,-3.306294334639265,-0.11593214952540745,-0.8725511215059839,1.9993153159470887,0.0,-0.0,0.0,0.0,0.0,0.0
921,0.04518415878752351,-0.6767169633747258,-2.994276493344929,0.18782512674237845,0.3687803815772757,2.0014741824232103,0.0,-0.0,0.0,0.0,0.0,0.0
922,0.6128426740396818,0.7831585444269014,-3.902345685494212,-0.20346941969999605,0.8706652633579357,2.0010976755235017,0.0,-0.0,0.0,0.0,0.0,0.0
923,-0.8778297848135779,-0.04558243548304934,-4.127172286920005,0.6985312122779112,0.05427303127459777,2.00015435083238,0.0,-0.0,0.0,0.0,0.0,0.0
924,0.1827301497331816,0.7483699770298016,-3.370881070195235,0.48374837376894403,0.0028429074826355556,2.002601963834141,0.0,-0.0,0.0,0.0,0.0,0.0
925,-0.050870567692135334,-0.6417005208696946,-3.2750969155011123,-0.004841075082341663,-0.41847405590613646,1.998095432221157,0.0,-0.0,0.0,0.0,0.0,0.0
926,0.3389101657219526,-0.5785127036611942,-0.6896970351719569,0.5625222906110177,0.6007404701848026,2.0027824361912807,0.0,-0.0,0.0,0.0,0.0,0.0
927,0.16930947175466998,0.7790067462077764,-2.571115576012174,0.7315567187589312,-0.4165640348688005,1.998468704129293,0.0,-0.0,0.0,0.0,0.0,0.0
928,0.21559752890102854,0.12792574645799384,-0.08006269539784662,0.8094188866751663,-0.2318676961115703,2.002106823951094,0.0,-0.0,0.0,0.0,0.0,0.0
929,-0.10090735583636283,0.21061443284922254,-1.767407081356441,0.7384703862671401,-0.5154410656108924,1.9979444728736317,0.0,-0.0,0.0,0.0,0.0,0.0
930,-0.6675873591967453,-0.15877407778066502,-0.4803002331325544,0.12972768797068032,-0.04571704927591406,2.0059194884586122,0.0,-0.0,0.0,0.0,0.0,0.0
931,0.818404836095789,0.5551258636724123,-3.9053778115644158,-0.29877663854881026,-0.8742917340184182,2.000442622430588,0.0,-0.0,0.0,0.0,0.0,0.0
932,0.6203660225071971,0.8503264482445348,0.24880987211411407,0.07093715421449036,0.8786279762646304,1.997713045942361,1.4330276029496912e-14,-1.9174155652834065e-14,0.0,0.00032984508877300647,0.00044088418532918034,3.5514084537750646e-05
933,-0.6233739380777001,-0.4154960318871619,-0.827275360526353,-0.6766361648712192,0.3290385405738551,2.001163256556326,0.0,-0.0,0.0,0.0,0.0,0.0
934,0.21176129232193414,-0.1593386488469056,-1.5125225422983164,-0.7907472294757233,-0.3087249049803076,2.001514308795993,0.0,-0.0,0.0,0.0,0.0,0.0
935,0.17046912332362454,-0.26568660674600325,-4.2316878411077505,-0.609485362915502,-0.458923221482387,1.9964032800647717,0.0,-0.0,0.0,0.0,0.0,0.0
936,-0.032754508856131265,-0.5292964871328557,-0.5537357413782034,-0.7958446261183373,-0.29641272377228156,2.0010021888903737,0.0,-0.0,0.0,0.0,0.0,0.0
937,0.42268822660816857,-0.13409710563599525,-1.2490308098645893,0.7358327788989936,-0.4467056112804206,1.9982826617702043,0.0,-0.0,0.0,0.0,0.0,0.0
938,-0.2024475744471499,-0.22552519074744753,-1.7037148226447711,-0.33439774861101224,-0.09000872231043253,2.001852275091357,0.0,-0.0,0.0,0.0,0.0,0.0
939,-0.32255870447622786,0.42729909220602036,-1.8550972186153087,-0.26239414783622034,-0.8343867444463944,2.00251607008605,0.0,-0.0,0.0,0.0,0.0,0.0
940,0.019835796820886042,-0.48587746412186505,-0.7306523439650094,-0.5945412060597512,-0.545634913706905,1.9996920121379531,0.0,-0.0,0.0,0.0,0.0,0.0
941,0.0003828285171521444,0.8240881105132274,-1.45430153442112,0.5407466309772144,0.5421825499247128,1.9982751266474288,0.0,-0.0,0.0,0.0,0.0,0.0
942,0.4795624937850006,0.6555314534189268,-2.0170566172336977,-0.1776085034377397,0.648657389817121,1.9991455785016974,0.0,-0.0,0.0,0.0,0.0,0.0
943,-0.5952472068218402,-0.07129699661670535,-2.64583170615439,0.7275964792773335,0.135312994018052,1.9985244466631638,0.0,-0.0,0.0,0.0,0.0,0.0
944,0.0008661650396099733,-0.38593304544134127,-2.9162604901814837,0.12286823531422426,-0.5688822323747713,2.000421266846882,0.0,-0.0,0.0,0.0,0.0,0.0
945,-0.5441496216736377,0.21035351556318627,-2.6615752749866988,-0.4753472766151326,0.7767614867918967,2.000728728583167,0.0,-0.0,0.0,0.0,0.0,0.0
946,-0.5100212757126472,0.18681330764145987,-1.557632653759036,0.21424387392969552,-0.08955050802256181,2.000986429221347,0.0,-0.0,0.0,0.0,0.0,0.0
947,-0.07351288480082403,0.886539209637276,-4.345043122838639,-0.39824100251491945,0.6550805341317398,2.001441860033858,0.0,-0.0,0.0,0.0,0.0,0.0
948,0.4611684039075017,-0.8815448957286172,-1.2405476979784162,-0.6346219276088546,-0.46082319930627563,2.0027579429951397,0.0,-0.0,0.0,0.0,0.0,0.0
949,-0.47702361906429935,0.1023684524416845,-2.7288148251244793,-0.5786059020048673,0.31631242641502133,2.001450964403078,0.0,-0.0,0.0,0.0,0.0,0.0
950,0.7585598506316256,-0.6082078977395933,-3.3668216948699006,-0.20978514080902072,0.24725082180907632,1.996338610320614,0.0,-0.0,0.0,0.0,0.0,0.0
951,-0.8867793170635481,0.3081740080737186,-3.8732206502253117,-0.11564665658050481,-0.4037932039462742,1.9980097516851212,0.0,-0.0,0.0,0.0,0.0,0.0
952,-0.06377040367165829,-0.6121036549889592,-3.939293504820361,0.04908878022592231,0.38406611547437286,1.9998579293248167,0.0,-0.0,0.0,0.0,0.0,0.0
953,-0.4874898848063091,-0.6795522394231266,-1.8007771775297052,-0.6012149506502551,-0.6102758303758259,2.0019863343345174,0.0,-0.0,0.0,0.0,0.0,0.0
954,0.6528702801433561,0.7128900295992547,-2.1060653270665015,0.26936440375567017,0.3238082656231486,2.001230008661024,0.0,-0.0,0.0,0.0,0.0,0.0
955,-0.4404323434512793,0.33952227088830933,-1.8001601446536823,0.13918037058980745,0.4382797362913228,1.9970875307073375,0.0,-0.0,0.0,0.0,0.0,0.0
956,0.13205431189416397,-0.03614272183350909,-0.870423983910246,-0.7361814332145566,-0.4422194207315243,1.999741025519937,0.0,-0.0,0.0,0.0,0.0,0.0
957,0.3141269437015984,0.21534176062690963,-1.6445324518343576,0.3084567076294048,-0.4191130780196676,2.00237970277583,0.0,-0.0,0.0,0.0,0.0,0.0
958,0.932046178422944,-0.04653950685415346,-0.9097610651979952,-0.08263623326953654,0.07625136851479941,2.0031559239469954,0.0,-0.0,0.0,0.0,0.0,0.0
959,0.5499594689294981,-0.11739942588652624,-0.8039621187177506,0.8522933941768293,-0.4152093251368538,1.9999162855936041,0.0,-0.0,0.0,0.0,0.0,0.0
960,0.20605616419440664,-0.023937502889081547,-2.4331827028357806,-0.6289748115872009,-0.5394359905753026,2.0018322724738264,0.0,-0.0,0.0,0.0,0.0,0.0
961,0.4577261275074248,0.1189269059886812,-1.927731320196942,0.48941784663323623,-0.17493424581189945,1.9992233287894379,0.0,-0.0,0.0,0.0,0.0,0.0
962,0.7338672540138284,-0.41203673309288835,-0.9657576031817467,-0.5622161037795689,0.6606825705819803,2.000064576167174,0.0,-0.0,0.0,0.0,0.0,0.0
963,0.689564605274965,0.30564887721424927,-0.3685149528796763,-0.6970598896834649,0.3076524649077352,1.997907278076436,0.0,-0.0,0.0,0.0,0.0,0.0
964,-0.4444148641841731,-0.5865557744566295,-2.4171359555047376,-0.9014348329784256,-0.29814662247387036,2.0020897349063675,0.0,-0.0,0.0,0.0,0.0,0.0
965,0.34623606371438637,-0.09824938132408215,0.33835326823994977,0.19345111660731681,0.9368146391354483,1.9992791435703203,7.888998430277774e-15,9.241522839319922e-16,-3.0488964379132138e-298,0.0001823845622610947,-2.175750812879372e-05,0.00024876112153998366
966,0.671839782268401,-0.5821687265314708,-3.869694026690566,0.42404876376078776,-0.3728953966427647,1.996372990403698,0.0,-0.0,0.0,0.0,0.0,0.0
967,-0.1874497850427433,-0.05676936916664449,-2.4304684867805397,0.24563641789422572,-0.2837433735117516,2.0025980709577853,0.0,-0.0,0.0,0.0,0.0,0.0
968,-0.6514322100674159,-0.647825963908719,-4.296455681877403,-0.8810002265315177,0.1547130293779871,1.9977119543757722,0.0,-0.0,0.0,0.0,0.0,0.0
969,0.299221433608395,-0.23228379119357945,-1.9495905557424644,0.24258121062245916,0.6462961610963595,1.9997639747747389,0.0,-0.0,0.0,0.0,0.0,0.0
970,-0.1537140653840336,-0.03576913601194532,-1.7535388656747513,-0.33133775541992083,-0.6309922129249813,2.0009243667546905,0.0,-0.0,0.0,0.0,0.0,0.0
971,-0.8715820733745816,0.08608227977820486,-4.433602813088004,-0.532556415168653,0.38150940626375474,2.0031108702525233,0.0,-0.0,0.0,0.0,0.0,0.0
972,-0.3127289515243909,-0.10560429869367341,-0.13433922974203422,-0.9074464631509099,-0.25732557113595894,2.000228920181381,0.0,-0.0,0.0,0.0,0.0,0.0
973,-0.10813852302978967,0.9833837785520049,-2.924422456414942,0.5859796128060146,0.2876300844197405,1.9980095186149749,0.0,-0.0,0.0,0.0,0.0,0.0
974,-0.1708766134525821,0.28260050899632255,-1.7258637966275419,-0.01832520583321328,-0.22343479672700703,2.002654367818782,0.0,-0.0,0.0,0.0,0.0,0.0
975,-0.9533190773109855,0.030852306773306883,-4.4509518263685335,-0.1976669813281209,-0.23454848196940212,2.00223600512074,0.0,-0.0,0.0,0.0,0.0,0.0
976,0.06121769035365811,-0.5671442574113181,-0.002781828296929826,0.2985621407344854,-0.7204148279788024,2.001362511410808,0.0,-0.0,0.0,0.0,0.0,0.0
977,0.1840048299713847,0.793878697106025,-4.167564127850769,-0.9386005013939622,-0.016509155155099143,1.9997791244141254,0.0,-0.0,0.0,0.0,0.0,0.0
978,-0.6016479929348169,-0.6844303151895936,-2.2386201615150743,0.6250228508712723,-0.39063471555659823,2.0037195031969697,0.0,-0.0,0.0,0.0,0.0,0.0
979,0.28786905442883076,-0.803881437116828,-2.5763287270618185,0.8440829480099893,0.2289183420249791,2.0006227661320395,0.0,-0.0,0.0,0.0,0.0,0.0
980,0.04912705909838535,-0.6350813812511152,-3.8965252927288176,0.06439214988752459,-0.013213736366528311,1.9971781555744648,0.0,-0.0,0.0,0.0,0.0,0.0
981,0.16085948875964215,0.35324265410239997,-1.8983982496798923,-0.588813169151709,0.15210189935892268,1.9972366330520273,0.0,-0.0,0.0,0.0,0.0,0.0
982,0.015662721775110276,-0.37493644741253046,0.28914617788515234,-0.17718566669777722,-0.8175123152473202,2.001024918664192,3.2256087977642114e-15,-6.383117290546942e-15,0.0,7.602597188829581e-05,0.00014786085156266021,0.00021018608306930915
983,0.6809330754016231,-0.21870554156131058,-0.13297423563058217,-0.7820263567234266,-0.2821301681695938,1.9970984135169916,0.0,-0.0,0.0,0.0,0.0,0.0
984,-0.6005582300539731,-0.5804207397260831,-4.198286522327017,-0.26274637190099887,-0.642671625905894,1.9978529384642645,0.0,-0.0,0.0,0.0,0.0,0.0
985,0.3799955022281097,-0.5061193339336317,0.44694769005009843,-0.8528071567159353,0.33724134429810076,1.9961275361753308,1.2546444329891675e-15,4.515677169827372e-15,2.3217380935014566e-236,2.8884185499470097e-05,-0.00010353810233122773,0.0004637490320564593
986,0.07953144381192769,-0.14360041798157247,-1.0924269973839869,0.3320352911975196,0.045860480720379286,2.002409120763855,0.0,-0.0,0.0,0.0,0.0,0.0
987,0.17150403377414294,0.6071170113365645,-3.011721715207385,0.8812845421647565,0.25444089940988673,2.001136234565172,0.0,-0.0,0.0,0.0,0.0,0.0
988,0.2890067360024795,-0.14857378806737734,-2.1910608720252807,0.5022784045929576,-0.1713851752010939,2.0029973660098768,0.0,-0.0,0.0,0.0,0.0,0.0
989,-0.040888588628198844,-0.34318299429949917,-3.090605315788429,-0.556697817425429,0.5522395965201428,2.0007063784110057,0.0,-0.0,0.0,0.0,0.0,0.0
990,0.8027044911858424,0.37448058897453035,-3.5744355973967785,-0.7914089497916613,-0.14033166091540747,2.003028913544827,0.0,-0.0,0.0,0.0,0.0,0.0
991,0.7239496030246516,0.3124650699064637,-2.900516371794445,-0.02355504056964345,-0.22647272240989266,2.0001035189468643,0.0,-0.0,0.0,0.0,0.0,0.0
992,-0.8705809119208878,-0.2888609161686025,-1.1909266885499774,-0.033628370390033364,-0.18068316879711913,2.000370924727952,0.0,-0.0,0.0,0.0,0.0,0.0
993,-0.2180672924644434,0.9591632961842873,0.16444596859623645,-0.5566666831015625,0.05116100507847148,1.9987333803109346,4.2156169536675083e-16,-2.322651212205914e-14,-0.0,9.633313018893446e-06,0.0005324182601693011,-0.0001557401534476748
994,-0.07628347939346573,0.638444590037662,-2.1089913053060116,0.8218420939061212,0.13981579443320383,1.9993978040084313,0.0,-0.0,0.0,0.0,0.0,0.0
995,0.03717396040905555,-0.3266366536736822,0.20062254767715168,-0.4252884104721049,0.4393545939392771,2.001121041953391,8.522424790473444e-15,-5.2759755430491985e-15,-0.0,0.0001971809262961938,0.00012051863688618035,-0.00020989985063873072
996,-0.37829118748042256,0.290397971489938,-3.786293981802963,-0.7540764574170115,-0.36413577739354874,1.998262345956039,0.0,-0.0,0.0,0.0,0.0,0.0
997,-0.33089756614214616,-0.4414654209513083,-2.1002485876427053,0.7782473047855893,0.6206359606337883,2.000025751096441,0.0,-0.0,0.0,0.0,0.0,0.0
998,0.09052340610384826,0.14567643622288445,-3.9565320444454155,-0.24789392068183336,0.5247063451472105,1.999767554278103,0.0,-0.0,0.0,0.0,0.0,0.0
999,0.20066060387946785,-0.7263544607226549,-1.0355558503428544,-0.49716247063794966,0.6640570539230817,2.0033645417437844,0.0,-0.0,0.0,0.0,0.0,0.0
1000,0.286572267348232,-0.04043494395089455,0.26809334688889735,-0.020586085372596603,0.7979810521380512,2.0039124760030904,7.490590582444179e-15,-8.623354878111836e-16,0.0,0.00017272163700066348,1.952446901224028e-05,6.696637373383795e-05
1001,0.68564729306673,-0.35361238714087595,-2.9905112281933897,-0.6903349760637263,-0.06349696654255452,1.9950682104836828,0.0,-0.0,0.0,0.0,0.0,0.0
1002,0.5050817402624715,0.49568939615503943,-1.0014985984524731,-0.5180864534371155,0.5643012250949728,2.00057428694675,0.0,-0.0,0.0,0.0,0.0,0.0
1003,-0.01880210536853013,0.11995637990508971,-4.408150546173176,-0.1482166132672967,-0.3113505027639918,1.9986150915978735,0.0,-0.0,0.0,0.0,0.0,0.0
1004,0.297047033280557,-0.8082067331364114,-4.041540707325655,-0.0804948090453941,0.8974831291576988,2.0023788905653834,0.0,-0.0,0.0,0.0,0.0,0.0
1005,0.2629248357910994,0.2788898032292002,0.35749335729197307,0.4043071661697407,-0.4687146810050129,2.0019904274440883,1.0921521611709641e-14,1.158871466893256e-15,2.74721279412468e-287,0.00025167661376292004,-2.7935892115439077e-05,0.00026107031737104353
1006,0.6728620318267884,0.6782298688745868,-2.8908362313352516,0.2226676645699949,-0.5458604414790768,2.0042101287666747,0.0,-0.0,0.0,0.0,0.0,0.0
1007,-0.5644965830488071,0.2388085466360238,-3.4718258569400917,0.26292647022402826,0.5716879224601938,1.998151162035836,0.0,-0.0,0.0,0.0,0.0,0.0
1008,-0.17827692959986816,-0.11581410552898046,-4.260905921976505,-0.8665430483903399,-0.2766921774427415,1.9989900799336844,0.0,-0.0,0.0,0.0,0.0,0.0
1009,-0.9134550446861973,-0.07454668013424023,-2.1773360314963695,-0.8065479211408949,-0.3108833944910913,2.0001209200175154,0.0,-0.0,0.0,0.0,0.0,0.0
1010,0.6710515016359817,-0.17634886067887684,-3.372534674843821,0.4546417015331934,0.8278409675830307,2.0016548207702214,0.0,-0.0,0.0,0.0,0.0,0.0
1011,0.7657226972045985,0.23865529952408024,-2.484631317952419,0.38846643829734995,0.6523663137688145,2.00069522677257,0.0,-0.0,0.0,0.0,0.0,0.0
1012,-0.7636384052591292,-0.643236318382734,-1.3908623930781956,-0.2267906552182899,-0.08717134227509467,1.9973793192646143,0.0,-0.0,0.0,0.0,0.0,0.0
1013,-0.48924216663791525,-0.4858260950036581,-3.9768306610019617,0.41921940142757774,0.37870261261392413,2.0008980122934683,0.0,-0.0,0.0,0.0,0.0,0.0
1014,0.4662424376383474,-0.5722743763312895,-3.3094879970152022,0.6904142736943277,-0.4214036358032681,2.0012060326193795,0.0,-0.0,0.0,0.0,0.0,0.0
1015,-0.8800239019292793,-0.15408524882562336,-3.6615533196360186,0.428841739848866,0.014399355626253506,2.005991937290404,0.0,-0.0,0.0,0.0,0.0,0.0
1016,0.4979450894440035,-0.5320198525668624,-2.6273653484415895,-0.058058812467851294,-0.30320232052584084,1.9990647277702576,0.0,-0.0,0.0,0.0,0.0,0.0
1017,-0.5317320453410572,-0.19747549742961518,-2.280749271852257,-0.3723568862426303,-0.4689665673619851,2.0029351076449506,0.0,-0.0,0.0,0.0,0.0,0.0
1018,-0.2666437800280419,-0.47734268888193443,-2.051089356360963,0.7881546355323478,-0.1409691729032936,2.0062362790763046,0.0,-0.0,0.0,0.0,0.0,0.0
1019,-0.3732604110728805,-0.2570871682849305,-0.1237633563926124,0.06515675248816095,0.0014245313771331922,2.001915238394307,0.0,-0.0,0.0,0.0,0.0,0.0
1020,-0.05517140777684941,-0.5398165390930896,-3.6555062579663926,-0.012670262659317656,0.32587731303545997,1.999780844204073,0.0,-0.0,0.0,0.0,0.0,0.0
1021,0.0993191017694809,0.8440982008905981,-2.156480468362685,0.10732107065590879,-0.27148322108427625,2.0033880801472237,0.0,-0.0,0.0,0.0,0.0,0.0
1022,-0.465631394776783,-0.24462037498232292,-0.37281156486062894,0.432187292854858,0.39559762003663773,2.0008704244978364,0.0,-0.0,0.0,0.0,0.0,0.0
1023,0.5626599963313932,-0.28149799339678067,-2.6484737957636257,0.4869225070229805,-0.050837443959490365,2.000328880596404,0.0,-0.0,0.0,0.0,0.0,0.0
1024,0.6524891165689543,0.03625343336729426,-4.362275837179916,0.394024753633112,0.4944786174965559,1.9987254622331523,0.0,-0.0,0.0,0.0,0.0,0.0
1025,-0.9895894164792747,-0.04360837255453874,-0.5615465910934411,0.1311936490095047,0.043241039563762095,2.002626872963258,0.0,-0.0,0.0,0.0,0.0,0.0
1026,0.03767610002148015,-0.286835911897326,-1.1993334173988817,-0.6145789292058946,0.36893314126677546,1.9998089359114317,0.0,-0.0,0.0,0.0,0.0,0.0
1027,-0.43595066766019935,0.8383563395532092,-0.810387987612869,0.5646869841487051,0.46642573688153915,2.0014748715805357,0.0,-0.0,0.0,0.0,0.0,0.0
1028,0.23973605254076907,0.6380042515022095,-0.6645887587850312,-0.9619261782086082,-0.20110231731937622,2.000705548686086,0.0,-0.0,0.0,0.0,0.0,0.0
1029,-0.5492368677218703,0.3683991009430309,0.45250105269520924,0.6870204626665078,-0.08242986937494585,2.00290700567113,-1.1326188590951957e-14,-5.602128248992322e-15,-1.676873734389972e-232,-0.00026042366523146553,0.00012914633269261883,0.0003565923280469704
1030,-0.04406466636595702,0.3854874973211073,-2.6001672880791933,-0.38995667096380476,-0.6433483361600175,2.0008556536924975,0.0,-0.0,0.0,0.0,0.0,0.0
1031,0.7922070837324702,-0.2414077883888784,-4.415441352461538,0.7879947712730305,0.08130330135477636,1.9986170719630492,0.0,-0.0,0.0,0.0,0.0,0.0
1032,-0.7089743197701631,-0.3483717997144525,-2.6070366490176657,-0.7278215043536583,0.16221448653601778,1.9976442473951732,0.0,-0.0,0.0,0.0,0.0,0.0
1033,-0.2799935192899077,-0.0991205752047102,-0.9154140238419205,0.15880156681720392,0.5122014683347348,2.000224576124681,0.0,-0.0,0.0,0.0,0.0,0.0
1034,-0.6675811479682843,0.514281109887367,-1.6800292931530934,0.21985342849580244,-0.22073059488752045,2.002091534865975,0.0,-0.0,0.0,0.0,0.0,0.0
1035,-0.3511301464767367,0.932702530310209,-2.2410052013148882,0.055755954327341456,-0.7673860210050307,2.0013654724066776,0.0,-0.0,0.0,0.0,0.0,0.0
1036,0.2687333241752885,-0.11188532725985964,-0.7361886909777655,-0.009813395093074558,0.24274811206659422,1.9993728537835351,0.0,-0.0,0.0,0.0,0.0,0.0
1037,-0.31167794636402757,-0.7249578905378221,-1.6039999197121577,0.13155754097027167,0.4219549767100582,2.001637212978638,0.0,-0.0,0.0,0.0,0.0,0.0
1038,-0.5786147885270984,-0.6559668749524342,-2.4084057811019037,0.1466552453503265,0.040643931629581305,2.0023241002557226,0.0,-0.0,0.0,0.0,0.0,0.0
1039,-0.794085368423309,0.33580894321309246,-3.4868652315224087,-0.20561840569981688,0.7295915011809404,1.9993742181183904,0.0,-0.0,0.0,0.0,0.0,0.0
1040,-0.34731767950038156,0.641121517603531,-3.742953829838313,0.5461716546350519,0.4682981168576934,1.9980514274899048,0.0,-0.0,0.0,0.0,0.0,0.0
1041,0.16402900006642376,0.7246698752726154,-2.9609447341312194,0.8006197020641846,0.4918001062391719,1.997716593462442,0.0,-0.0,0.0,0.0,0.0,0.0
1042,-0.16818895677700446,0.35280067626871936,-4.074756303200059,0.8898246197180363,0.042307574097649694,2.0009928482568182,0.0,-0.0,0.0,0.0,0.0,0.0
1043,-0.760382046915593,0.3937802888385284,-0.6124056362754483,0.5117207208989631,0.10378682795475418,1.9995792694105021,0.0,-0.0,0.0,0.0,0.0,0.0
1044,-0.20514470038704175,-0.8214081632651751,-3.5931518325090104,-0.36564548478404707,-0.5852629052293298,2.002721044375512,0.0,-0.0,0.0,0.0,0.0,0.0
1045,0.5812533373749802,0.22572615833929593,-1.2544417566559507,-0.8185175122770948,-0.27490955346494167,1.999403147400565,0.0,-0.0,0.0,0.0,0.0,0.0
1046,0.09712950396103155,0.0138344577412255,-1.5854056932160048,0.49047914954169924,-0.1937442602088763,1.9994379854624746,0.0,-0.0,0.0,0.0,0.0,0.0
1047,-0.804682292846517,-0.4289646288254743,-4.176011800217854,0.41039715070587646,0.7943189448002247,1.9977993702877965,0.0,-0.0,0.0,0.0,0.0,0.0
1048,-0.40381662169227583,0.4979164545448998,-1.5145604322440323,0.529923601295252,0.26252800513433755,2.0004355392740605,0.0,-0.0,0.0,0.0,0.0,0.0
1049,0.6283358957718791,0.15282779929681298,-3.406264620166898,0.18082923576640728,-0.6751269966464728,1.9987449332753093,0.0,-0.0,0.0,0.0,0.0,0.0
1050,0.6245816761088444,0.20032949893649582,-2.578575746232848,0.1277194337860642,0.8893092102110343,1.9999231941016327,0.0,-0.0,0.0,0.0,0.0,0.0
1051,0.8548983237491894,0.20396777809914055,-0.3539144017552081,-0.5139337238917894,0.820324955433038,2.0009773749988797,0.0,-0.0,0.0,0.0,0.0,0.0
1052,0.8954616638421372,-0.33058037327382717,-3.2873975456356113,-0.6431231120042394,0.18844787136149183,2.0006487361536927,0.0,-0.0,0.0,0.0,0.0,0.0
1053,-0.49244275368314183,-0.4739835265574711,-0.3330320811105394,-0.5547765399853164,-0.3551706610154223,1.9982013640447631,0.0,-0.0,0.0,0.0,0.0,0.0
1054,-0.6143172842637101,-0.5902075361954577,-3.3890786749807473,0.18927125552977123,0.0015220509786578438,2.0009959823351195,0.0,-0.0,0.0,0.0,0.0,0.0
1055,-0.2987915008391189,0.8754971100958415,-1.0085396363054997,0.5222585969940112,0.2502893635651779,1.999895015056445,0.0,-0.0,0.0,0.0,0.0,0.0
1056,-0.7710673616819318,-0.2509550879488945,-1.6818916755903743,0.4000791937493789,0.831608390828622,2.000862419669521,0.0,-0.0,0.0,0.0,0.0,0.0
1057,0.11098538319600083,-0.522756445379661,-4.00035820326164,-0.37063811701930827,0.0030553734443792215,2.0001271230527746,0.0,-0.0,0.0,0.0,0.0,0.0
1058,0.5379865478742442,-0.005846512962382493,0.2482518214263953,0.3048526025018962,0.28081314610635705,1.9999295552847989,3.3101677154988097e-15,-2.274716845953854e-15,-0.0,7.721006548206912e-05,5.089646435947362e-05,-7.084982486836919e-05
1059,0.11858055069322906,0.8751910705397807,-3.686782454086597,0.2691948167351749,0.8593489134505593,1.99934025316167,0.0,-0.0,0.0,0.0,0.0,0.0
1060,0.5770694020959818,-0.2986945483326642,0.039031446305800785,0.6126097440092888,0.2713822453198092,2.0008351953262906,2.124683456363898e-14,1.6488066459207278e-15,-0.0,0.000506040879035447,-4.879772072978931e-05,-0.0006926342402110875
1061,-0.4734384861297537,-0.36083793378496354,-1.9152156919220094,0.09262769769279475,0.7202277679627909,1.99856965483156,0.0,-0.0,0.0,0.0,0.0,0.0
1062,-0.47273351033677935,-0.8538955711046383,-3.1017521345643733,-0.1624341054782461,0.7020043525591646,2.0004337889864847,0.0,-0.0,0.0,0.0,0.0,0.0
1063,-0.030266155370173856,0.28200145066098403,-0.9587448870060064,-0.28915851396363823,0.19237852433050784,2.0029583084859324,0.0,-0.0,0.0,0.0,0.0,0.0
1064,0.7950089498117797,-0.5422970883192033,-2.3673054596769787,0.42885585988507446,0.4909351316048824,2.0010168693887613,0.0,-0.0,0.0,0.0,0.0,0.0
1065,0.15937214577245498,-0.19183396399105915,0.32545917293912435,-0.04423429525436567,0.7269575558516215,1.9948459603419235,1.6076585626945566e-15,5.068004101469185e-16,6.444332108126525e-306,3.7796351354221435e-05,-1.202083952413542e-05,0.00023670442031118518
1066,-0.6263315830960097,0.031594612711772135,-0.7279092041484577,-0.5239343213134312,-0.7005883992181787,2.002478637101613,0.0,-0.0,0.0,0.0,0.0,0.0
1067,0.4470849036679014,-0.04265857468520056,-0.6739754310305106,-0.6815073749403537,-0.47867239718883997,2.0024023339194077,0.0,-0.0,0.0,0.0,0.0,0.0
1068,-0.9295266592719723,0.02415718275390907,0.21476579198585244,-0.2062384342734687,0.359124170730488,1.9975072060667751,-2.4393250503240116e-14,3.170808906932413e-16,-0.0,-0.0005609212216803018,-7.301516246131062e-06,-9.557618840967166e-05
1069,0.32739352448793313,0.7949492755032422,-4.406914140284095,0.13303012707409298,0.44935830067524074,1.9998296547611507,0.0,-0.0,0.0,0.0,0.0,0.0
1070,-0.16655772110239456,-0.3256577518086983,-2.8118253416598433,0.4484489866264099,0.43139444025910334,1.9983325989501097,0.0,-0.0,0.0,0.0,0.0,0.0
1071,0.10531898459226241,0.396539116021342,-2.4118926536334158,0.7194929346713246,0.11978583397491288,2.002700279701856,0.0,-0.0,0.0,0.0,0.0,0.0
1072,-0.26328595587290776,-0.8033051424406855,-2.991922663022946,-0.8166238669884446,-0.16416697540691041,2.000684200868118,0.0,-0.0,0.0,0.0,0.0,0.0
1073,-0.17174697047312937,-0.6586301047296846,-0.9157912678216165,-0.02346678911255838,0.07164109630995343,2.0039669590195097,0.0,-0.0,0.0,0.0,0.0,0.0
1074,0.5973269183027331,0.654697853195322,-0.03177547624535135,0.29227169205981757,-0.06125816684720742,2.000022336113265,0.0,-0.0,0.0,0.0,0.0,0.0
1075,-0.4234443581046114,-0.7591479736469906,-3.9139316329894527,-0.37525395025830494,0.14095342632987984,1.9997581514970697,0.0,-0.0,0.0,0.0,0.0,0.0
1076,0.011665451160696472,-0.12176197206453421,-2.914708546031886,0.6815024894826383,-0.6680864305038374,2.0040844014186083,0.0,-0.0,0.0,0.0,0.0,0.0
1077,-0.440188809433111,-0.37236792379686673,-4.2545241040809785,0.6769006459774998,-0.2254169488582519,2.0010948035514207,0.0,-0.0,0.0,0.0,0.0,0.0
1078,-0.5180475792031857,-0.5572606773754879,-4.465990676263253,0.6733190235890881,0.10904469211553341,1.9992267976999827,0.0,-0.0,0.0,0.0,0.0,0.0
1079,0.039953598903489415,-0.9292185241385411,-0.850126690021024,-0.0662237452659306,0.7879332172094147,1.999546906002943,0.0,-0.0,0.0,0.0,0.0,0.0
1080,0.10802629465557653,-0.24780027862566997,-1.8657437721301453,-0.7395479273227692,0.3957064487699238,1.9962989107569808,0.0,-0.0,0.0,0.0,0.0,0.0
1081,0.32670602411299915,-0.6112291636398953,-2.5510043229504795,-0.1655412660118869,0.3685504171655607,1.9998213294232554,0.0,-0.0,0.0,0.0,0.0,0.0
1082,0.1793350377128237,-0.12619289506478698,-3.5710829013377237,0.42512532955294535,-0.029428317608822366,1.9986461787411756,0.0,-0.0,0.0,0.0,0.0,0.0
1083,-0.08950405948545025,-0.8595581743553258,-3.0936208399896814,0.6425258075120927,-0.3144743875511762,1.9986660805772978,0.0,-0.0,0.0,0.0,0.0,0.0
1084,0.3334327219022426,-0.17175644985717445,-2.8177065118408735,0.46539788392599213,-0.7185291186185211,2.002492038307042,0.0,-0.0,0.0,0.0,0.0,0.0
1085,0.6016264980149267,-0.06938871408086714,-0.1598205177018632,-0.6038004368416728,0.3176640307575711,1.99962859886563,0.0,-0.0,0.0,0.0,0.0,0.0
1086,0.3103167503598363,-0.193796339949649,-0.16413304773451245,-0.29739970325500276,0.34429958268227323,1.998631495090586,0.0,-0.0,0.0,0.0,0.0,0.0
1087,-0.009071360537688146,-0.16295512912242158,-1.360532780519905,-0.5300924016523753,0.37734013845652475,1.9996321708606206,0.0,-0.0,0.0,0.0,0.0,0.0
1088,-0.2400748183516198,0.5097074261530252,-2.8783765972860462,0.51371360451734,0.05677507363580084,1.999556516093553,0.0,-0.0,0.0,0.0,0.0,0.0
1089,-0.6759080436002669,-0.2114286625050889,-3.932143159690436,-0.2100960492953286,0.7953362837998189,2.000861758881636,0.0,-0.0,0.0,0.0,0.0,0.0
1090,0.027292746583098042,0.9810907509603322,-2.1416749287111543,0.5456923750089626,0.6243407497316672,1.9986657066615074,0.0,-0.0,0.0,0.0,0.0,0.0
1091,0.05685136897591009,-0.0815321199612628,-0.7312674765860652,-0.42757114137580177,-0.42911283432900615,1.9986985464748952,0.0,-0.0,0.0,0.0,0.0,0.0
1092,0.8366665450797963,-0.19350999486399373,-1.4480441874647212,-0.11380476084632121,0.9816141696681879,1.996913065186276,0.0,-0.0,0.0,0.0,0.0,0.0
1093,0.332399938614746,-0.0014716124201464686,-3.2799675863729503,-0.3926412056564933,-0.8119094343241057,2.0024202655446084,0.0,-0.0,0.0,0.0,0.0,0.0
1094,-0.8107632627702419,-0.23634461079208777,-4.158444878528833,-0.22588854690788093,-0.8853123445287332,2.0041290011732946,0.0,-0.0,0.0,0.0,0.0,0.0
1095,0.7029828543309476,-0.49988652514613424,-1.5491236269225253,0.4083930500806673,-0.4215744457446609,1.9981359844439028,0.0,-0.0,0.0,0.0,0.0,0.0
1096,0.398781708876372,0.08909256581607504,-0.29622903718068927,-0.804409836423777,-0.46881327359937736,1.999982709179333,0.0,-0.0,0.0,0.0,0.0,0.0
1097,-0.584808611986939,-0.47804298711444715,0.43126792740407394,0.08392141651174866,-0.849712338934564,1.998678269930553,-1.1221479903966879e-14,5.7378631679771145e-15,1.5831995816122998e-244,-0.00025837642950182245,-0.00013479170414384413,0.00045709861385612144
1098,-0.5940295047382436,0.4975154504579077,0.20224773464273968,-0.056166668861466186,-0.3812609431247268,2.0013144853924856,-2.4592292289069638e-14,-1.2595051322588373e-14,-0.0,-0.0005606233007886567,0.0002904277818531145,-0.0004229345199196692
1099,0.23522741433470204,0.5008375783721906,-3.159110537684888,-0.6730161691078453,-0.1408509770256075,1.997967092621776,0.0,-0.0,0.0,0.0,0.0,0.0
1100,0.7084805329700626,-0.6062409694552361,-1.5401188043686052,-0.02760290628503766,0.648160000966132,1.9998150132885955,0.0,-0.0,0.0,0.0,0.0,0.0
1101,-0.20951552082479236,-0.6050697982875995,-0.5532356200992963,-0.31203192917262185,0.32087391218040373,2.0042992832645705,0.0,-0.0,0.0,0.0,0.0,0.0
1102,-0.4306762831202459,0.5207070209655916,-2.541386144772107,0.6543774248464513,0.6158845391721989,2.0031910442334606,0.0,-0.0,0.0,0.0,0.0,0.0
1103,0.1948422921207815,0.3626121272592097,-3.40764915754577,-0.18950110953051588,-0.3222439797392608,2.0017441367129907,0.0,-0.0,0.0,0.0,0.0,0.0
1104,-0.16490083979311684,0.22120601432407225,-2.0363495030867784,0.3973594643221017,0.814032365663069,1.9980680659688037,0.0,-0.0,0.0,0.0,0.0,0.0
1105,-0.3885059835573794,-0.5770744475457265,-1.7858308924659634,-0.9877197222128212,0.12781461019516613,1.9991916541925763,0.0,-0.0,0.0,0.0,0.0,0.0
1106,-0.19327164379748457,-0.8186088914708621,-1.8552426264239217,-0.31382899902172284,0.4195833993688615,2.0006333256218105,0.0,-0.0,0.0,0.0,0.0,0.0
1107,0.2751577042376884,-0.5606525235834443,-1.1932677093707231,0.17210910678195884,-0.15916595184460913,2.0004505064130185,0.0,-0.0,0.0,0.0,0.0,0.0
1108,0.3597066785150838,0.320592471624397,-4.3631433854402335,-0.019081814726946675,0.8907970248090389,1.9996913483997312,0.0,-0.0,0.0,0.0,0.0,0.0
1109,0.11145701148784397,-0.6054175657019233,-3.8213822127763057,0.17204489104443188,0.05502279660212661,2.0003448793889147,0.0,-0.0,0.0,0.0,0.0,0.0
1110,0.3969346089565713,0.5237392278919083,-1.8941541130389676,-0.32730559713442836,-0.9367641424927611,1.9972918703181557,0.0,-0.0,0.0,0.0,0.0,0.0
1111,-0.42839572019242855,-0.7868386539338635,-0.22194716641249684,-0.20746438992333807,0.9036787782303943,2.0006810399678705,0.0,-0.0,0.0,0.0,0.0,0.0
1112,-0.8473215521440303,-0.5042534092344576,-0.5607039061952593,0.6749890498654348,-0.4329232888262382,1.996947047471337,0.0,-0.0,0.0,0.0,0.0,0.0
1113,0.4246094871022372,-0.6772632530327533,-0.009707236110466571,0.6011603722996457,0.22816318320967333,2.0015812129367476,0.0,-0.0,0.0,0.0,0.0,0.0
1114,-0.5030957003637312,0.41512923175888067,-3.1421727435484024,0.28288314936396414,-0.4945435852380602,2.0010843718460416,0.0,-0.0,0.0,0.0,0.0,0.0
1115,-0.2678891911228266,-0.07526490240755952,-1.9490465985298493,0.44308472626082085,0.16361183820294256,2.0010908061707777,0.0,-0.0,0.0,0.0,0.0,0.0
1116,-0.7674956122751335,-0.3993865530104535,-1.9522137046627817,-0.06004445377526623,-0.3523666658334976,2.001021363392697,0.0,-0.0,0.0,0.0,0.0,0.0
1117,-0.2549712982334112,0.8991295093208536,-1.775679164581001,-0.5643418888321529,0.7785842172459686,1.999330053085766,0.0,-0.0,0.0,0.0,0.0,0.0
1118,-0.49626674567757195,-0.1427496612574312,0.062340520187631976,0.5192818035783103,0.6176252920718752,1.9962471420696808,-7.826288881859341e-15,1.1169852656160867e-15,-0.0,-0.000179459000371231,-2.6042821918105918e-05,-0.0004462350005856665
1119,0.932769142352383,-0.3381429752671549,-2.8865444808715255,0.3379844136877133,0.7299824770570261,1.9988282145225296,0.0,-0.0,0.0,0.0,0.0,0.0
1120,0.46188107449815696,0.4362646124115768,-1.8777255437354619,0.2419017747329499,0.22801430389907112,2.0000084217370646,0.0,-0.0,0.0,0.0,0.0,0.0
1121,-0.5801229656037139,-0.0808661698459402,-3.4020940896251153,0.8698950831363115,-0.05240629957075831,1.9990386955178618,0.0,-0.0,0.0,0.0,0.0,0.0
1122,0.6314930574804852,0.2782530656419411,-4.010957728488117,0.8250813714390453,-0.2844855075460412,1.9997243674512262,0.0,-0.0,0.0,0.0,0.0,0.0
1123,-0.43245131865513237,0.5558685449911231,-2.830885975365274,-0.339255546153829,0.21825768797412234,1.9964500960071803,0.0,-0.0,0.0,0.0,0.0,0.0
1124,-0.30961878743472815,0.8157375867949372,-3.775299649211467,-0.22057813573993373,-0.8278389229435282,2.0013464299066612,0.0,-0.0,0.0,0.0,0.0,0.0
1125,0.7902510675117408,-0.5341230669360536,-2.394723967467769,-0.06453133452714895,-0.9616650391864094,1.9980357787143346,0.0,-0.0,0.0,0.0,0.0,0.0
1126,0.9003670825003923,0.3458573731881017,-2.1506700262928864,0.6474633806092499,0.5235371480423909,2.0007351095989563,0.0,-0.0,0.0,0.0,0.0,0.0
1127,0.4204941932089513,-0.49232704361227075,-0.9327317193922104,-0.9499139876028133,-0.008943042888106904,2.0004240294063056,0.0,-0.0,0.0,0.0,0.0,0.0
1128,-0.6143592206192279,-0.30875699745246155,-2.8713026530299093,0.6887063529063394,-0.3434451710570329,1.9998610401152455,0.0,-0.0,0.0,0.0,0.0,0.0
1129,0.9197745298691989,0.16273696142980468,-1.6199963970608608,0.0731470670127437,0.34967580106536106,2.00060198849733,0.0,-0.0,0.0,0.0,0.0,0.0
1130,0.8100502691461732,0.36104441733105846,-3.8827362524339577,0.12297032565180428,-0.4853969709379927,1.999418018695479,0.0,-0.0,0.0,0.0,0.0,0.0
1131,0.6077712122616976,-0.46451654730213754,-4.183331620577606,-0.20751244508164135,-0.5639083896290714,1.9994076208429261,0.0,-0.0,0.0,0.0,0.0,0.0
1132,-0.47898328523170847,0.3129112821352778,-3.5582323346807883,0.4372153618929311,0.4773210228491476,1.9991807173849487,0.0,-0.0,0.0,0.0,0.0,0.0
1133,-0.062414761919131916,0.21572006954663475,-3.457979640244815,0.8303342397591907,0.17499032820466887,1.9998333166259052,0.0,-0.0,0.0,0.0,0.0,0.0
1134,0.5558964402356106,0.17267553787284184,-0.635000329147656,-0.9285580473757875,-0.3678594520379863,2.000150114181519,0.0,-0.0,0.0,0.0,0.0,0.0
1135,0.16994913423236102,0.9539231402746098,-0.4701896182290748,0.04587136728712215,0.7795379755032391,1.9994809484800733,0.0,-0.0,0.0,0.0,0.0,0.0
1136,0.05644115720162797,-0.2731500250373902,0.4970842020615514,0.11749793728471461,0.656138436701479,2.0005647105720494,6.403608800660503e-15,7.18395095264484e-15,5.835888444599384e-208,0.0001474368445484456,-0.0001651290769130556,0.0006195533227498014
1137,0.25282915410296714,0.9061861125193547,-4.0112288434575865,-0.6282794704159915,0.7547005865053363,1.997911299815896,0.0,-0.0,0.0,0.0,0.0,0.0
1138,0.7020150886954497,0.6668369866228777,-0.8737721864123625,0.13174789042164697,-0.904963927489908,1.996759402952803,0.0,-0.0,0.0,0.0,0.0,0.0
1139,0.6854913748881616,0.6738952847046482,-3.105491808196578,-0.8223918413358352,-0.34338088035881237,2.000690953298335,0.0,-0.0,0.0,0.0,0.0,0.0
1140,0.7589345972178079,-0.20242367956806115,-3.047483125809893,0.4677761388849385,-0.5274486567836937,2.0037842589278383,0.0,-0.0,0.0,0.0,0.0,0.0
1141,0.16715348670908378,0.14327366700958946,-3.5057159106378664,-0.7100283307313061,0.28264367502342996,1.9971810807535184,0.0,-0.0,0.0,0.0,0.0,0.0
1142,-0.9144106895095819,0.2717833397664385,0.0753138196581723,0.6016483158589075,-0.276784884488517,1.9999176831266854,-2.577882968038975e-14,-6.073103001864168e-15,-0.0,-0.0005921040823479498,0.00013961145186159086,-0.00026292820393619763
1143,0.13475597189530378,-0.7203769016932028,-1.7976388924111535,0.3500622238672982,0.1923396075411411,1.9991340715179349,0.0,-0.0,0.0,0.0,0.0,0.0
1144,-0.49756829726191903,-0.26408722060517675,-3.448994948968603,0.32823049775678614,0.34451200331515985,2.0004980701469486,0.0,-0.0,0.0,0.0,0.0,0.0
1145,0.13232021835568242,0.6562544405802524,-0.9096673759601636,-0.8864247739195065,0.29930055506714254,1.997811637118665,0.0,-0.0,0.0,0.0,0.0,0.0
1146,-0.2646600315426543,0.060713553316088936,-1.0278137249498622,0.12115007884679593,-0.9601273706158289,1.9975628883192538,0.0,-0.0,0.0,0.0,0.0,0.0
1147,-0.1431615668940134,-0.1975506059474354,-3.9342570835005173,0.48332622537025643,0.010263283736014225,1.9976649104274202,0.0,-0.0,0.0,0.0,0.0,0.0
1148,0.4903455316883139,0.15123522490181227,-4.010177122081437,-0.29000014341489755,0.3475793400347785,2.0049245905397135,0.0,-0.0,0.0,0.0,0.0,0.0
1149,-0.28439765733698885,0.8079234712807596,-4.468291481534392,0.5244160345111192,0.29343799805803494,1.9997618130855446,0.0,-0.0,0.0,0.0,0.0,0.0
1150,0.3985824727307424,0.780174046412187,-4.169163118727115,-0.7085530532884404,0.034847578881948844,2.0028091794074903,0.0,-0.0,0.0,0.0,0.0,0.0
1151,0.5703939992849133,-0.5024802133960048,-0.10074864453539083,0.24434421998620323,-0.03551050288609809,1.9969463983386333,0.0,-0.0,0.0,0.0,0.0,0.0
1152,-0.36936134897324624,0.02373777990621447,-3.924718879466186,-0.5433253107318301,-0.24325772396033826,1.9989656253144301,0.0,-0.0,0.0,0.0,0.0,0.0
1153,0.918823512051308,-0.36949920563860417,-1.6194858044828657,0.42234355742257784,-0.740119812329735,2.000433540424273,0.0,-0.0,0.0,0.0,0.0,0.0
1154,0.13734781767732157,-0.6169938496919026,-3.2689538675891967,-0.5709354722030099,-0.05412401872673516,1.9966855052000338,0.0,-0.0,0.0,0.0,0.0,0.0
1155,0.5134920405838176,-0.6377613902143082,0.38344341568433316,0.3842433148452441,0.26305637425998485,2.000309622260079,1.1053513552716426e-14,1.4386186783279766e-14,8.165103932506692e-272,0.0002545835160170928,-0.00032918626776483003,0.0001802270800285759
1156,-0.06256905439588077,-0.9460695487754684,-0.47447649472276165,-0.1315289098665217,-0.21118396636002584,1.9979869714510214,0.0,-0.0,0.0,0.0,0.0,0.0
1157,-0.3635626737789305,0.09671573240799963,-1.2006213676319673,-0.3367885070535532,-0.4796335324164859,1.9970456712697748,0.0,-0.0,0.0,0.0,0.0,0.0
1158,-0.49887102251276044,0.7471096995346734,-1.7130721961591164,-0.32956893816409444,0.5450521681743169,1.9970796364132342,0.0,-0.0,0.0,0.0,0.0,0.0
1159,0.3474849168523736,-0.7923908952766987,-4.069003730127522,0.2625231666848786,0.7158965438431949,1.9958277551317463,0.0,-0.0,0.0,0.0,0.0,0.0
1160,-0.5685184714462361,-0.2024047081837597,-0.5794760568339455,0.6713691355777808,-0.47744599978773894,2.0033081658477725,0.0,-0.0,0.0,0.0,0.0,0.0
1161,-0.10597232123732794,-0.1444505985591859,-1.3342251273767654,-0.06895713544480632,-0.3690685627382084,1.999152880728037,0.0,-0.0,0.0,0.0,0.0,0.0
1162,-0.6573883953059035,0.5766480030449521,-2.271968687879547,0.9394538538401744,-0.28126524290432886,2.0010645560636964,0.0,-0.0,0.0,0.0,0.0,0.0
1163,0.3461040292938811,0.5661136423971029,-2.232634600922493,0.6734765400731054,-0.4989110052963404,1.999586465527681,0.0,-0.0,0.0,0.0,0.0,0.0
1164,-0.3027552302858276,0.5232537149217135,-2.929717694402239,0.7485655506190357,-0.24116859492621234,1.9994880004405884,0.0,-0.0,0.0,0.0,0.0,0.0
1165,-0.7007889079470776,-0.5764792068253386,-0.2672621878186127,0.3499392429747274,0.31375758089231426,1.9992301533585606,0.0,-0.0,0.0,0.0,0.0,0.0
1166,0.3853574763769774,0.0035649295870375346,-1.0449660828571679,-0.8192501376736526,-0.3532546194421978,1.9989959553821834,0.0,-0.0,0.0,0.0,0.0,0.0
1167,-0.7823239630164402,-0.38459221809622773,-3.941794229160699,0.11824124639871836,-0.5197693703159659,1.9978970247251788,0.0,-0.0,0.0,0.0,0.0,0.0
1168,0.4276747251277577,0.733210935137129,-0.2865925285906664,-0.4495075340196138,-0.2838457480437651,2.0009254893612085,0.0,-0.0,0.0,0.0,0.0,0.0
1169,-0.2632284411886949,0.806280859703148,-2.858572078186659,-0.1425976081736231,-0.3152047897424769,1.9996140729574423,0.0,-0.0,0.0,0.0,0.0,0.0
1170,0.021348293817855683,-0.2293885149262334,-3.146469942447654,0.40930552222668665,-0.7560874677187527,1.9983189367763559,0.0,-0.0,0.0,0.0,0.0,0.0
1171,0.11429570716849816,-0.15269061692864108,-1.8007674470188462,0.02268249635378858,-0.9965139044565584,1.9997145640198146,0.0,-0.0,0.0,0.0,0.0,0.0
1172,-0.24618519582121515,0.3229683200102999,-3.0674686765787134,0.5518386954806659,0.0050451154585353835,1.9985931855688894,0.0,-0.0,0.0,0.0,0.0,0.0
1173,-0.5727038767943348,-0.04608265820591659,-1.4832746064313942,0.018958567478814373,-0.5056323219955826,1.998904121978922,0.0,-0.0,0.0,0.0,0.0,0.0
1174,0.5973994240269895,-0.2154254739514508,-3.415116198855341,-0.24676762439871358,0.9557795353538816,2.002346735513924,0.0,-0.0,0.0,0.0,0.0,0.0
1175,-0.3122480030962144,0.2509318093501046,-1.897247431105207,-0.1906558960937083,-0.37717962214065853,1.9987144333254738,0.0,-0.0,0.0,0.0,0.0,0.0
1176,0.4695705478087184,0.6077668046650955,-1.0478263579044045,-0.5582996154376739,0.7146519418881917,2.001635143861923,0.0,-0.0,0.0,0.0,0.0,0.0
1177,0.36771148154237476,-0.09876086062988884,-1.318072440297272,-0.04493820679581539,0.4845131400044249,2.000151670455274,0.0,-0.0,0.0,0.0,0.0,0.0
1178,0.18596062179910666,-0.9611181235904335,-4.248147891831506,-0.3105402086575523,-0.3606429777718078,1.9982250625886468,0.0,-0.0,0.0,0.0,0.0,0.0
1179,-0.3580039082445689,-0.6057951733519997,-3.8975941346198617,0.8474225158803638,0.22023958567447416,2.0016048896795122,0.0,-0.0,0.0,0.0,0.0,0.0
1180,0.325289493135247,-0.943694535096398,-3.4003317720302784,0.8683805522660444,-0.09947597292399968,2.000441845000906,0.0,-0.0,0.0,0.0,0.0,0.0
1181,-0.6912469641813281,0.08069195665345134,-2.125523934517308,0.2675718473121121,-0.5711863736055179,2.0003475960931234,0.0,-0.0,0.0,0.0,0.0,0.0
1182,0.3213265321945985,0.3793897465327993,-3.6979392352052582,-0.3277552454252287,-0.007539168331486389,1.9971580513975289,0.0,-0.0,0.0,0.0,0.0,0.0
1183,-0.2526466459308667,0.2032554618084549,-4.488733932474417,0.846528334002771,-0.1799387501368841,1.9979239770777732,0.0,-0.0,0.0,0.0,0.0,0.0
1184,-0.7933925295640543,0.42524904481259684,0.482774071738308,-0.3270457105807617,-0.5538394859924858,2.0000629465122817,-2.0429764368974138e-14,-7.959921014104909e-15,-2.97330801766159e-215,-0.0004694129872856379,0.00018322025262031583,0.00040928176544220045
1185,-0.046249875244923626,-0.9805579762570366,-0.22873091580483587,0.29138933387098115,0.14392221471979028,2.001306846357968,0.0,-0.0,0.0,0.0,0.0,0.0
1186,-0.302183953538456,-0.5116368802024526,-3.5629083232387337,0.7134631391623886,-0.27255979299541516,1.9970226241035853,0.0,-0.0,0.0,0.0,0.0,0.0
1187,-0.6999308398729831,0.5799837247081207,-2.418302371253626,0.8806995324768462,0.32277724256388324,1.9962771146146228,0.0,-0.0,0.0,0.0,0.0,0.0
1188,0.6042038418164017,0.72507102891439,-1.2305703920137465,-0.7294658494203287,-0.42514948976184347,1.9979178916087623,0.0,-0.0,0.0,0.0,0.0,0.0
1189,-0.39585117947524284,-0.5517540987969638,-0.7548203138709684,0.888398767151361,-0.18079867260354401,2.0007881804677785,0.0,-0.0,0.0,0.0,0.0,0.0
1190,0.498090320737811,0.43278625121890424,-2.6136119468976347,0.07571633983687856,-0.8505272872401998,1.9995712568630295,0.0,-0.0,0.0,0.0,0.0,0.0
1191,-0.2085931229796591,0.3941015762376072,-3.7816336801387016,0.04239545623863454,0.5904090299010062,1.9984100611916453,0.0,-0.0,0.0,0.0,0.0,0.0
1192,-0.7132189859600057,0.44775268048201117,-2.776167858512831,-0.6062232668815332,0.20343481105286043,1.9989067561193004,0.0,-0.0,0.0,0.0,0.0,0.0
1193,0.02979631084047491,-0.7124119385872855,-3.2053310899419527,0.4559478640447835,-0.36598035973536985,1.999319669006553,0.0,-0.0,0.0,0.0,0.0,0.0
1194,0.6558357640256174,-0.21181067920693716,-0.31317743100880924,-0.46490236191154344,-0.04625656302993065,1.998118740071078,0.0,-0.0,0.0,0.0,0.0,0.0
1195,0.6932026734329264,0.39953076224942663,-3.308320633961613,-0.424023924492919,-0.5312142744264571,1.9977682240135197,0.0,-0.0,0.0,0.0,0.0,0.0
1196,-0.16987261617004887,-0.5962997093011096,-0.8052277430802466,-0.8171572336924001,-0.22649287963073536,2.002488461899307,0.0,-0.0,0.0,0.0,0.0,0.0
1197,-0.9806846577684253,-0.37594195497248084,0.49357824630699465,-0.45564786204084595,-0.07425622936337965,1.9998796007509914,-1.8004921215587415e-14,7.830236745859419e-15,1.1741118732482708e-208,-0.00041348377950718186,-0.00017992027541840068,0.00023934599524380641
1198,-0.018083709914495642,0.008832780286141125,-1.8026599619946992,0.504717734193758,0.12254736076782059,2.002283272714797,0.0,-0.0,0.0,0.0,0.0,0.0
1199,0.4934329817953575,-0.6121376137595943,-0.38260700692910327,-0.06624859839483703,-0.1333390926171275,1.9969729595588073,0.0,-0.0,0.0,0.0,0.0,0.0
1200,-0.3320023332796235,0.8483514232809138,-0.6793537082257304,0.2607441310978459,-0.25679359245499705,1.998429196246768,0.0,-0.0,0.0,0.0,0.0,0.0
1201,-0.5921330988303707,0.6044056108729419,-3.5458096984290517,0.8490951096051754,-0.45287955171519517,1.9996004755309191,0.0,-0.0,0.0,0.0,0.0,0.0
1202,0.5511895261406008,0.8285884844484557,-3.481756730472709,0.402418982539978,0.5818578879719949,1.9977108929879797,0.0,-0.0,0.0,0.0,0.0,0.0
1203,0.6503719367325195,-0.42866279675371793,-3.0437093149489853,0.1725873651859189,-0.7794787713558117,1.9994074670274855,0.0,-0.0,0.0,0.0,0.0,0.0
1204,-0.7712180966184976,0.6013959606708454,-3.794326513032722,-0.5066504157621221,-0.43704462098605706,1.9989309475510186,0.0,-0.0,0.0,0.0,0.0,0.0
1205,0.09237422322814157,-0.3146315232736729,-1.9679858154106944,0.0923078259472739,0.7714713392012014,2.003273611498862,0.0,-0.0,0.0,0.0,0.0,0.0
1206,0.04612822310397839,0.4901839482783239,-1.8813800075398048,-0.10611018979402764,0.8163622133966613,1.9998866784653937,0.0,-0.0,0.0,0.0,0.0,0.0
1207,0.6246409008537268,0.5237308204622791,-1.1909451011125185,-0.07967811204988824,0.7467407302976176,1.9973129637446425,0.0,-0.0,0.0,0.0,0.0,0.0
1208,-0.40896197338882884,0.24969440141821286,-0.3682306699422568,-0.7680895677872884,-0.391776853518857,1.9977714091093257,0.0,-0.0,0.0,0.0,0.0,0.0
1209,-0.7180196136995085,-0.5930910749585597,-3.8654262473976826,-0.7046098201483653,-0.3958819547903403,1.9996496409807212,0.0,-0.0,0.0,0.0,0.0,0.0
1210,0.004207910904340704,-0.9436894235000625,-4.296346777022187,0.579143801946389,-0.21647069451511855,1.9996880706933824,0.0,-0.0,0.0,0.0,0.0,0.0
1211,-0.21844716904908842,-0.10028607407495971,-3.6032649942836636,0.47802754804415615,-0.5149796316688651,2.0016983629917138,0.0,-0.0,0.0,0.0,0.0,0.0
1212,0.742887883887261,-0.04576123023650829,-1.4804742869726686,-0.5862069612717719,-0.7275450909602368,1.9967900865167434,0.0,-0.0,0.0,0.0,0.0,0.0
1213,-0.7228179160206158,-0.5085659525536562,-1.1733210996710217,-0.22172782354167234,0.5526909354563889,1.9982642221918763,0.0,-0.0,0.0,0.0,0.0,0.0
1214,0.14519237175363797,0.24385885721381018,-3.1863711778425037,0.04900026865872544,0.08699008711740955,1.9986489983161018,0.0,-0.0,0.0,0.0,0.0,0.0
1215,0.1790732539942426,-0.7089220453431607,-1.5063256032411463,-0.5309706873080482,0.27814273580275856,1.9975018723655433,0.0,-0.0,0.0,0.0,0.0,0.0
1216,0.038532851501255044,0.9036437830023041,-4.3098304721809,0.9609037022084991,0.12801721606693836,1.9954835607376469,0.0,-0.0,0.0,0.0,0.0,0.0
1217,0.41992582729546807,0.469784617658676,-2.4115863138053855,0.64616752073485,-0.5333636724361296,1.999278116448023,0.0,-0.0,0.0,0.0,0.0,0.0
1218,0.6026321246486684,0.39742155622015685,-1.9211226879040904,-0.01263562036535088,-0.9038485952704722,2.001275011060242,0.0,-0.0,0.0,0.0,0.0,0.0
1219,-0.37858055689406267,0.46094958041765344,-3.6206029783316125,0.48847646232655617,0.5459198338720552,1.9983437026842925,0.0,-0.0,0.0,0.0,0.0,0.0
1220,-0.36715880038329435,0.27363301438160403,-3.145211469263948,0.9183885051615049,0.2798970673153856,1.9971958496603668,0.0,-0.0,0.0,0.0,0.0,0.0
1221,-0.39690848010112184,-0.2609741310961715,-1.9806055785982433,0.9589093273826923,-0.0752986724897627,1.9982858281079157,0.0,-0.0,0.0,0.0,0.0,0.0
1222,0.4990492933469906,-0.18833280312138762,0.4284736151649445,-0.49221018312746323,0.6247700713015707,2.000255296558532,6.1879566861788535e-15,4.426945764644544e-15,-2.071024636209157e-246,0.00014283484842524084,-0.00010236488535823281,0.00043917392940606475
1223,-0.9453055527647952,0.09716888294878848,-3.2846683902587035,0.24201969882827687,-0.943672583170824,2.001426428736443,0.0,-0.0,0.0,0.0,0.0,0.0
1224,-0.9355893859334815,0.2842206561073375,-4.429152127636516,-0.4230926604882299,0.0828308798604899,1.999064972656012,0.0,-0.0,0.0,0.0,0.0,0.0
1225,-0.7775647717353696,-0.3819812379907627,-1.608689519960645,0.7747401931190242,-0.28871445013494385,1.9952204967289455,0.0,-0.0,0.0,0.0,0.0,0.0
1226,-0.4802513071213415,0.5970077935707234,-0.1298777242454345,0.19419420668784285,-0.18444953635501887,2.002681990879255,0.0,-0.0,0.0,0.0,0.0,0.0
1227,0.10011960073997747,0.7112554463741771,-1.884326699490675,-0.6461540704600626,-0.5782564345613751,2.000471772750632,0.0,-0.0,0.0,0.0,0.0,0.0
1228,0.5345844159303117,-0.37784030377803035,-0.06632187644240466,0.7900518819023039,-0.5589555873497957,2.0016332875915728,0.0,-0.0,0.0,0.0,0.0,0.0
1229,-0.6085799706701596,-0.483049097478716,-3.9631900500792168,0.7692756088463165,0.46740880675260094,2.0032228364218665,0.0,-0.0,0.0,0.0,0.0,0.0
1230,0.053100971607307035,-0.5724332887096665,-2.2451443230522323,0.49399686939970466,-0.8594093033728355,2.000631988694397,0.0,-0.0,0.0,0.0,0.0,0.0
1231,0.028500801477012436,-0.5483898267413005,-0.23694190805870144,-0.39283344137746856,-0.16170353754764824,1.9989290323356204,0.0,-0.0,0.0,0.0,0.0,0.0
1232,0.1970173540615639,0.911710083138083,-4.127925577107902,-0.6363364159929523,0.5242286723372654,1.9987792681096814,0.0,-0.0,0.0,0.0,0.0,0.0
1233,0.6149203644738563,-0.07893137373328779,-2.1407595040830163,-0.18994798776207367,-0.2934890353488197,2.0003886937342474,0.0,-0.0,0.0,0.0,0.0,0.0
1234,-0.30224775932062947,-0.5443978362060764,-4.241186791983076,-0.40948524631371536,-0.886636163637651,1.998639306770448,0.0,-0.0,0.0,0.0,0.0,0.0
1235,0.30370541897929987,-0.7230501902250639,-4.09314459449035,-0.17827793719800164,0.9657464185734875,2.0029240894992606,0.0,-0.0,0.0,0.0,0.0,0.0
1236,0.3551429012811328,-0.895359587082139,-3.5920737412868586,-0.07089866050465472,-0.7908367914104482,1.9997370395564433,0.0,-0.0,0.0,0.0,0.0,0.0
1237,0.39984196224529206,0.7355508886311815,-0.9483549402686372,-0.9468136315211205,0.18227115619683937,2.002406341513496,0.0,-0.0,0.0,0.0,0.0,0.0
1238,-0.8713137103294146,-0.4612140258607246,-3.4278444163138313,0.2667256748469726,-0.9369715151358375,1.996973375180413,0.0,-0.0,0.0,0.0,0.0,0.0
1239,0.24717050106252914,-0.327836072493468,-2.965618851081265,0.23884752317620545,0.5420020322462957,1.9990252189389588,0.0,-0.0,0.0,0.0,0.0,0.0
1240,0.7863525297276136,-0.051313780963607544,-3.129420484425348,-0.46587278163125245,0.13862240013863283,2.0027942131608416,0.0,-0.0,0.0,0.0,0.0,0.0
1241,0.262663591894477,0.08334481887516568,-3.999277467395916,0.7011639067166857,0.439594250918966,1.9971995330583814,0.0,-0.0,0.0,0.0,0.0,0.0
1242,-0.34879355355734926,-0.2341051989661178,-3.405143780978917,-0.6953905876351323,0.6625084173614316,2.001732266322937,0.0,-0.0,0.0,0.0,0.0,0.0
1243,0.3022875677439659,-0.7184091922850643,-2.48775797352198,-0.7136798091642431,0.15072031915775633,2.0016960647373647,0.0,-0.0,0.0,0.0,0.0,0.0
1244,0.10964490965328468,0.6374681421804491,0.22281952460759355,-0.27575746704598253,-0.1830451330835375,1.9981581070383079,5.382728815222466e-16,-2.467945682311517e-14,0.0,1.1745779479494858e-05,0.0005671390691708177,1.0445869715973607e-05
1245,0.11691800368142098,-0.21151634134862757,-1.9840058034769463,-0.6171780038528132,-0.3061085206626242,1.9955537903972072,0.0,-0.0,0.0,0.0,0.0,0.0
1246,-0.6066874150831086,-0.03488144618524601,-4.125686434790266,-0.7165907762340864,0.4960352796287136,1.9989578727678934,0.0,-0.0,0.0,0.0,0.0,0.0
1247,-0.09776110352463875,0.35959074816345965,-0.15686058087580168,0.23323584530683558,-0.8201510696669676,1.9964578135643516,0.0,-0.0,0.0,0.0,0.0,0.0
1248,0.5183185584155512,0.5901569935045632,-4.373606569889433,-0.15938587430337664,-0.5208938944614304,1.9987117047101572,0.0,-0.0,0.0,0.0,0.0,0.0
1249,-0.6781369067696892,0.19097773916011354,-2.8442645871643037,0.7583739188487275,0.4883044617597012,1.9999114905788167,0.0,-0.0,0.0,0.0,0.0,0.0
1250,-0.4117796897848722,0.2534752094093491,-1.1923717748473737,0.45253465327014336,0.551756393340379,2.002928147783895,0.0,-0.0,0.0,0.0,0.0,0.0
1251,-0.05377632571055799,0.6650140047057316,-1.6693082843657434,0.26853920588863817,-0.6238865298726357,1.9967817186175307,0.0,-0.0,0.0,0.0,0.0,0.0
1252,0.49676589662785153,0.5454149902318591,-4.145137858662467,-0.10099833896042569,0.25968390058745994,1.995551581246352,0.0,-0.0,0.0,0.0,0.0,0.0
1253,-0.49768698643476733,-0.6970323084582012,-3.4692040237097532,0.16820475199305132,-0.21036235832192723,2.001909525165056,0.0,-0.0,0.0,0.0,0.0,0.0
1254,-0.3721513526428446,0.24316609069689646,-4.278519279542693,-0.44750414919009734,0.41670934928709186,2.000225871601692,0.0,-0.0,0.0,0.0,0.0,0.0
1255,0.51178707229628,0.6940967262079742,-2.2272337066968673,-0.2882239541178816,0.09672730791001226,1.9977746565253869,0.0,-0.0,0.0,0.0,0.0,0.0
1256,0.8182706865307088,-0.4555399701024684,-3.8804105791493018,0.27231366270081253,-0.2668579221261042,2.000426029890081,0.0,-0.0,0.0,0.0,0.0,0.0
1257,0.6517755157630886,0.23460754099068196,-1.8664513583644842,-0.27269887319944736,0.9145595460546521,2.001513815196276,0.0,-0.0,0.0,0.0,0.0,0.0
1258,0.0942134782374221,0.6629839375372052,-1.029781215377276,0.695735351090203,0.5061809701236354,2.0016179080288667,0.0,-0.0,0.0,0.0,0.0,0.0
1259,0.5829142822677932,0.32036776345184204,-2.017349552093486,-0.5922657821707588,0.5065872678587255,1.9987010045424292,0.0,-0.0,0.0,0.0,0.0,0.0
1260,0.5419929191727888,-0.17044147853427755,-3.3336081241084727,-0.6248900775154257,0.2868962961150352,2.001866369108475,0.0,-0.0,0.0,0.0,0.0,0.0
1261,-0.3731994371613094,0.43924660004166566,-1.2190602913490012,0.29664784733721783,0.46687663784683203,2.0011586065428904,0.0,-0.0,0.0,0.0,0.0,0.0
1262,-0.08965049743277272,-0.4573718614496607,0.30058970172555605,0.4849967692524683,0.3487863493166032,1.9982848753280746,2.936886785404413e-15,1.4149204633203444e-14,-9.9727e-320,6.783379179568094e-05,-0.0003255764955531857,0.0003530013474731995
1263,0.16618631978837392,-0.4335064369543465,-1.2881046472953956,-0.4096266098848563,-0.21305784873353442,1.997692349662223,0.0,-0.0,0.0,0.0,0.0,0.0
1264,0.5742135946902068,-0.7534441916980077,-0.3815004758991885,0.09799924472231188,-0.2213609965460339,1.9961732708449467,0.0,-0.0,0.0,0.0,0.0,0.0
1265,0.05877038768972481,-0.7206805512600483,-4.344921364529671,-0.27739321071538037,0.07374090526005629,2.0021891991434093,0.0,-0.0,0.0,0.0,0.0,0.0
1266,0.2828785460455934,0.7763191918077271,-2.4481902231723867,-0.25249027532476237,0.23363483557182255,2.0007552596954663,0.0,-0.0,0.0,0.0,0.0,0.0
1267,-0.7596577598810016,0.38135671343749394,-2.933466838788124,-0.2979238055374844,-0.4775243743319305,1.99710506799826,0.0,-0.0,0.0,0.0,0.0,0.0
1268,0.008831557667043017,0.028495962883907214,-2.2660362619267245,0.008372089533138923,-0.6737458601050603,1.9991828509192573,0.0,-0.0,0.0,0.0,0.0,0.0
1269,0.7562474428997085,0.5883080262456216,-1.3430369197424972,-0.46532983581974086,0.4526645367311253,2.000417834858817,0.0,-0.0,0.0,0.0,0.0,0.0
1270,-0.0839668720702018,0.6306027752279129,-2.374879072533342,-0.9028314832236614,-0.03497744492883384,2.0020559932613353,0.0,-0.0,0.0,0.0,0.0,0.0
1271,-0.4412361822157056,0.7960866263025353,-3.85362926063905,0.8154511499967821,0.07897820371433407,2.0023101901323175,0.0,-0.0,0.0,0.0,0.0,0.0
1272,-0.6485813870049172,0.6039825840074541,-3.9531843279308503,-0.6112547762522729,-0.2824269780285388,2.001104674942867,0.0,-0.0,0.0,0.0,0.0,0.0
1273,0.18980605822363097,0.9211748895581878,-2.8774228466144947,0.20755924111465962,-0.5429588563079768,1.9988349968026582,0.0,-0.0,0.0,0.0,0.0,0.0
1274,0.21378252562545882,-0.2717994630312059,-4.36378592956458,-0.2842583422965254,0.5979972960286847,2.000366168303679,0.0,-0.0,0.0,0.0,0.0,0.0
1275,0.389080794190001,-0.4928378936249716,-4.240942717104435,0.9973443535022828,-0.015328805254668693,2.0048467235393566,0.0,-0.0,0.0,0.0,0.0,0.0
1276,-0.8026077717921449,0.5901820023796397,-0.15697139451916758,-0.08964126755716971,-0.203699702102667,1.9988266477037349,0.0,-0.0,0.0,0.0,0.0,0.0
1277,0.8853028959457206,-0.2672186040218208,0.05844836795062139,-0.7655748511676325,0.20990754667757516,2.0013318300447227,2.152200419105424e-14,8.139496550755899e-15,-0.0,0.000486484345686839,-0.00019091505996950177,-0.00035529365220295474
1278,-0.4680956406504946,0.8605489635327526,-1.1768811919677655,-0.05353177709978451,0.5429082655145846,1.9988892623263075,0.0,-0.0,0.0,0.0,0.0,0.0
1279,-0.8437702003269832,-0.49952318685275016,-4.308547858245933,0.7381309504216573,0.43565232195767356,1.9982294023233922,0.0,-0.0,0.0,0.0,0.0,0.0
1280,0.104943045940178,-0.6926552521981174,-2.0346276808953117,-0.202441037091915,-0.8611428541654946,1.9949268378285896,0.0,-0.0,0.0,0.0,0.0,0.0
1281,-0.39709774646212354,-0.7326943553675729,-0.7510678726230992,0.48984792400159455,-0.05068778607560167,2.0021465571130665,0.0,-0.0,0.0,0.0,0.0,0.0
1282,-0.39996683446885845,-0.8634701278104854,-4.451840459229878,0.767378678527319,-0.6361235323820718,2.000277161332728,0.0,-0.0,0.0,0.0,0.0,0.0
1283,-0.6050811651188125,-0.46881554060092195,-0.01151368192611188,0.6889298382529526,-0.7118130203156751,2.000413066179672,0.0,-0.0,0.0,0.0,0.0,0.0
1284,0.6442218685410663,-0.3736843985044616,-3.7298904579223877,-0.445439843381231,-0.3410395260891775,1.9995190912670466,0.0,-0.0,0.0,0.0,0.0,0.0
1285,0.03958173831322196,0.24271274243128366,-3.2662361521663152,0.6913314295644335,0.33468054597104685,1.9993733648317755,0.0,-0.0,0.0,0.0,0.0,0.0
1286,0.01549938792503146,0.7411364399452177,-0.6518680676743962,0.021312271198007986,-0.11275736458294638,1.9993063288276873,0.0,-0.0,0.0,0.0,0.0,0.0
1287,0.5447354624584633,0.024735899255198673,-0.69740074546957,-0.125386722739303,0.3603282239079634,1.998424701386097,0.0,-0.0,0.0,0.0,0.0,0.0
1288,0.42009091238989743,0.6482235163089554,-0.1354083392815147,0.13879341653414354,-0.5430288059237678,1.999563265526836,0.0,-0.0,0.0,0.0,0.0,0.0
1289,-0.877448134584267,-0.3971849896751766,-1.0414579553184804,-0.3188016843162886,0.058461447965264236,2.0000731426618668,0.0,-0.0,0.0,0.0,0.0,0.0
1290,0.2625689635288742,0.10763980933227427,-2.6150705247767636,0.7061428908089632,0.46241559909439583,2.000121753850136,0.0,-0.0,0.0,0.0,0.0,0.0
1291,0.34267022033759154,0.5809590216434883,-0.9688978703338711,-0.27967017670778244,0.25893068995977886,2.00162244509417,0.0,-0.0,0.0,0.0,0.0,0.0
1292,0.7068878572986402,0.6086501322818454,-1.0461514274274437,-0.6703836872668764,0.7321396487684518,1.9980776495869348,0.0,-0.0,0.0,0.0,0.0,0.0
1293,0.03666016583271634,-0.044263648879654394,-0.13507664024169344,0.24810384454385714,-0.9066392818275203,2.0011540596096467,0.0,-0.0,0.0,0.0,0.0,0.0
1294,0.033514325160098765,0.19868781380779715,-2.743953930639396,-0.7317288731234465,-0.47026836559431145,1.9989278794257734,0.0,-0.0,0.0,0.0,0.0,0.0
1295,-0.37670836813422093,0.8802364165239764,-3.2038045638406585,-0.8332391858130781,0.31107659332854815,2.0021462932647327,0.0,-0.0,0.0,0.0,0.0,0.0
1296,0.2183647560028864,0.9004273447854915,-1.3762822703458302,-0.16197147835513745,-0.8850008190609598,1.999145186334259,0.0,-0.0,0.0,0.0,0.0,0.0
1297,0.17934765989841397,0.07765671922731907,-0.8370904167237592,-0.28675625973295765,0.8301825579708342,2.000796837838066,0.0,-0.0,0.0,0.0,0.0,0.0
1298,0.22483528558705415,-0.4234447786811824,-0.5239254459617984,0.33866445792974387,0.09497076855952687,2.0009476324821116,0.0,-0.0,0.0,0.0,0.0,0.0
1299,0.13771700761324035,0.7116291623754092,0.3970514992710411,0.6617913067702864,-0.32402565723591076,1.999176728381889,1.41226949153394e-15,-2.2581608864529687e-14,1.8324770752336207e-264,3.2422912271838396e-05,0.000518926511827196,0.00039187616866614
1300,-0.12628764913543114,0.8091886630614916,-2.040424632414934,0.9653938935590922,0.1403260036400468,1.9989919684118331,0.0,-0.0,0.0,0.0,0.0,0.0
1301,-0.8156686941219428,0.11127323956434883,-1.2096027948435502,0.9262684208170184,0.12298205177988378,1.9970646179861584,0.0,-0.0,0.0,0.0,0.0,0.0
1302,0.2491749183306675,-0.06080441771763634,-3.325368921028818,0.06289985202804457,0.6042563915364546,2.000892129912036,0.0,-0.0,0.0,0.0,0.0,0.0
1303,-0.09812422320273782,-0.33733166737379067,-2.6509841076106175,0.3739372047106444,-0.25521140671962744,2.004547637393481,0.0,-0.0,0.0,0.0,0.0,0.0
1304,0.38317425238015523,0.19240142354845288,-0.15197929947346803,0.22093123978852364,0.5204465010534253,1.9996384165159977,0.0,-0.0,0.0,0.0,0.0,0.0
1305,-0.8560917680175787,-0.33779293115645076,-0.05602096393408033,-0.17567456520479624,0.4159547338328891,2.0000859343624287,0.0,-0.0,0.0,0.0,0.0,0.0
1306,0.7111976900769218,-0.5887551580699658,0.3962462251902673,-0.719881982191304,-0.6765699771705356,1.9998571326388288,1.7512501775582884e-14,2.2179595559474395e-14,-2.248893639235193e-264,0.0004046292456491242,-0.0005065045889223038,0.00043695126936374803
1307,0.37087712329298733,0.3094305143795229,-3.960366519272065,-0.09600508127236052,0.8767251502923475,1.998853748041292,0.0,-0.0,0.0,0.0,0.0,0.0
1308,-0.28244048155797513,-0.5869128161225032,-0.1953100821801346,-0.1782221458745447,-0.8446776950655495,2.0002140877788634,0.0,-0.0,0.0,0.0,0.0,0.0
1309,-0.7770550740947153,-0.3104302857013238,-4.135264473228032,-0.13149931494664885,-0.9099228681245407,2.0009618796169937,0.0,-0.0,0.0,0.0,0.0,0.0
1310,-0.5245035305709079,0.3497715394054843,-2.3925807365944816,0.3662020855618077,-0.6674341213769954,1.9990697416764136,0.0,-0.0,0.0,0.0,0.0,0.0
1311,0.467965053543521,-0.21851143668484735,-0.12639258743258033,0.5188610958542572,-0.22404613558564299,2.0006452383562077,0.0,-0.0,0.0,0.0,0.0,0.0
1312,-0.835557886481537,-0.7125208902907104,0.47137982503506204,-0.7102156556106644,-0.39888760376477445,2.001349968151059,-1.4065524418762369e-14,1.2294534025353402e-14,3.0410527913536814e-221,-0.0003227542323105013,-0.0002822694750031547,0.0001778805705787387
1313,-0.7556943397724257,-0.2822954764791176,-2.5265401705088446,0.7617644188619466,0.49517592503857905,2.00134763668993,0.0,-0.0,0.0,0.0,0.0,0.0
1314,-0.11436330364276846,0.5437252044539137,-2.079520161256937,-0.7929046763448511,0.35752369851351523,2.0002102591880506,0.0,-0.0,0.0,0.0,0.0,0.0
1315,-0.7715328973452592,0.6111741691137719,-1.755549168769611,-0.5723813474041424,-0.5105549535057133,1.99798102634903,0.0,-0.0,0.0,0.0,0.0,0.0
1316,-0.7488347507249845,-0.00044377618340662805,-0.20409343409629058,0.4362699753016623,0.5496135807193598,1.9993397819180718,0.0,-0.0,0.0,0.0,0.0,0.0
1317,-0.6025199921528472,-0.4972116718297666,-0.46507532258160195,-0.026902039860939028,0.44629712414643075,2.001793168551425,0.0,-0.0,0.0,0.0,0.0,0.0
1318,-0.7717955211430323,0.40347544866787494,0.17079393280757046,-0.17196591510342588,0.8215313436664566,1.995794755458038,-1.2566613235960159e-14,-1.0944454159948948e-14,-0.0,-0.00028896150981172453,0.0002506279627411093,-1.6649021457093588e-05
1319,-0.3686043480191344,0.5063790750781155,-4.45465322588105,-0.06479701314043416,-0.7787974844111173,1.997677232024879,0.0,-0.0,0.0,0.0,0.0,0.0
1320,0.3871379567620306,-0.3946969406656967,-3.5337462835553537,0.4672127825401939,-0.4737234952865674,2.0001558855728607,0.0,-0.0,0.0,0.0,0.0,0.0
1321,-0.20796439974796338,0.9314191490463304,-1.7756701937943513,-0.21298037501192146,0.45653878197155046,1.9984889244248332,0.0,-0.0,0.0,0.0,0.0,0.0
1322,-0.08215250559290437,-0.7629649770824469,0.11507964727846919,-0.7776950676304446,0.37876629819783053,1.9991212012150312,7.938918628146134e-15,-8.005839639201016e-15,-0.0,0.0001790874169380416,0.00017940673034339992,-0.0003005963062819123
1323,0.7385980778087914,0.2805494689180928,-0.2406819559793604,0.7812770786268675,0.13808424033394667,2.0009942894106163,0.0,-0.0,0.0,0.0,0.0,0.0
1324,0.05558242819199897,0.4373789674444574,0.40281150947286476,0.11796455089789597,0.7070331474169851,2.0007286309275107,-1.005794430896411e-15,-1.0572513439233803e-14,-9.954305999697979e-262,-2.363944063933105e-05,0.00024220527394155968,0.0004933339209594298
1325,0.7300053979323021,0.16914529661634303,-0.3586855534433198,-0.6376116107383945,0.07950010699632394,2.0018794583964588,0.0,-0.0,0.0,0.0,0.0,0.0
1326,-0.13162267581819442,0.45997035903822914,-0.5859020181974549,0.1257366299249264,-0.39056176628629535,2.000813078679336,0.0,-0.0,0.0,0.0,0.0,0.0
1327,-0.06503579033511052,-0.6313332683299324,-2.069290567500628,0.5195365313394573,0.46315851033920563,1.9985773054169107,0.0,-0.0,0.0,0.0,0.0,0.0
1328,-0.64285924609214,0.48835591167773995,-3.5489686060267336,0.4539857222510809,0.07988639313088439,2.002210288127687,0.0,-0.0,0.0,0.0,0.0,0.0
1329,-0.402283501259164,0.49740049369773554,-1.3613629110050933,-0.7188673669350986,0.02090340881259603,1.998836129951648,0.0,-0.0,0.0,0.0,0.0,0.0
1330,0.5981574282227835,-0.5785174273783639,-1.817730862456066,0.05881824357904375,-0.3634623469367524,2.000976747925574,0.0,-0.0,0.0,0.0,0.0,0.0
1331,0.7648608567994739,-0.5198346123607351,-3.995553495777707,0.865521721247471,-0.40403301669376496,1.9997195514425126,0.0,-0.0,0.0,0.0,0.0,0.0
1332,0.6274859489733234,0.324459540220795,-0.9771484773366892,0.2711810825852955,0.8781656214035743,2.000275321039888,0.0,-0.0,0.0,0.0,0.0,0.0
1333,-0.16717902563638956,0.5705648071607272,0.44377632349031987,0.12628161547699465,-0.06567611869251079,2.001433655471404,6.935226138743605e-16,-5.1460915577814586e-15,7.632090609114404e-238,1.745526313665789e-05,0.00011932278415438028,0.0005893683405970157
1334,-0.43990373257943227,0.30232542045420757,-0.4719096141126824,-0.3643004815545655,0.006749706488653857,2.0002679123194373,0.0,-0.0,0.0,0.0,0.0,0.0
1335,0.05996931432491403,-0.07416623232942152,-3.608188510525848,0.5086307154525314,0.4495001290965203,2.0000201412281804,0.0,-0.0,0.0,0.0,0.0,0.0
1336,0.6145107521329538,0.7105976139295584,-0.7956704396641624,-0.10485483380501763,0.7918928777872192,1.99654688533803,0.0,-0.0,0.0,0.0,0.0,0.0
1337,-0.44021376712600774,-0.09923538266908087,-0.8895527856165516,-0.7674030861968525,0.08845357358685066,2.0042313327240797,0.0,-0.0,0.0,0.0,0.0,0.0
1338,0.08879680291896541,0.9175827139546129,-3.7576546824835066,-0.36780186978349816,0.01993157986504958,2.0004608760417946,0.0,-0.0,0.0,0.0,0.0,0.0
1339,0.8155792587126078,-0.4220704070212437,-0.8897528450847862,0.2935689695778576,0.5276944164452255,1.9983991065817721,0.0,-0.0,0.0,0.0,0.0,0.0
1340,-0.2970179664241632,0.6604789079427161,-0.8188402498263563,-0.11655374322546745,0.25979348956623777,1.997446257276809,0.0,-0.0,0.0,0.0,0.0,0.0
1341,-0.5248021570531616,0.09273876114257837,-0.8308307760079711,-0.9428134489003196,0.12719722694787233,2.001337159120595,0.0,-0.0,0.0,0.0,0.0,0.0
1342,-0.6865351261499173,-0.3304925152097348,-3.295623795510601,0.24409593781395214,-0.24196711147695052,1.999948420548153,0.0,-0.0,0.0,0.0,0.0,0.0
1343,0.2533471858130284,0.009499058450976408,0.4403384448707211,0.05006661933813659,0.46813926759627605,1.9972671075776645,2.153843764771049e-15,2.773455367693093e-15,-3.1507908685547255e-240,4.976635066724501e-05,-6.447151380070467e-05,0.0004140819163306073
1344,0.5133163336129485,-0.6397777600272436,-2.7641437604493677,-0.7394681933072956,-0.06775453467496993,1.9994738067870639,0.0,-0.0,0.0,0.0,0.0,0.0
1345,-0.3017468324885202,-0.2653759902207566,-1.0878206688623142,-0.7246624733047162,0.14365089745277781,1.997834155420952,0.0,-0.0,0.0,0.0,0.0,0.0
1346,0.9799839817077333,-0.088404425859564,-2.740749999728508,0.30309094846360807,0.742231923886481,2.0006833221380913,0.0,-0.0,0.0,0.0,0.0,0.0
1347,-0.527472028360677,-0.6902903018891282,-0.5110910458473847,-0.12155764777923159,-0.9313704762216841,2.0006402837183224,0.0,-0.0,0.0,0.0,0.0,0.0
1348,0.04795090840154142,0.33910699500871005,-3.7450723960509573,-0.6941456645332196,0.017157463257716856,2.0015699740677446,0.0,-0.0,0.0,0.0,0.0,0.0
1349,0.07855257862106481,0.9329645487967104,-1.0636541098694847,-0.48015452619650106,-0.19463741576376056,2.0026370007418355,0.0,-0.0,0.0,0.0,0.0,0.0
1350,0.0569522735932359,-0.7408384814369094,-1.1327473233504028,-0.48830129641009246,-0.22039486333864197,1.9985096349498424,0.0,-0.0,0.0,0.0,0.0,0.0
1351,-0.5042166805528681,-0.15435931903999114,-0.8485873787230512,-0.7147211509986572,0.3784220425744823,2.0050111836884885,0.0,-0.0,0.0,0.0,0.0,0.0
1352,0.81869209642509,-0.08436235841493937,-1.1754952140198176,0.4950259490917703,-0.15714540415788522,2.000783197795247,0.0,-0.0,0.0,0.0,0.0,0.0
1353,0.4086196299011703,-0.20195163212229122,-3.6594026919826192,0.7559018657340407,0.3854250410718831,2.0030903602069032,0.0,-0.0,0.0,0.0,0.0,0.0
1354,0.47590318642402835,-0.745564006239134,-2.372913029718714,0.24941813579987604,-0.3603135421697314,1.9977135868696085,0.0,-0.0,0.0,0.0,0.0,0.0
1355,0.13846221314132134,0.2277026575043744,-1.0301810224210017,-0.15643486497666503,-0.6402824559404038,1.9996052902102832,0.0,-0.0,0.0,0.0,0.0,0.0
1356,0.2486975710173902,0.4990171199603285,-0.9988730983796478,-0.563287480029497,-0.5688723328986585,2.0006526984855126,0.0,-0.0,0.0,0.0,0.0,0.0
1357,0.20403257217086684,0.1421711227115376,-2.388910100640407,0.9791302184816297,0.16097317825278826,1.9977435717910466,0.0,-0.0,0.0,0.0,0.0,0.0
1358,-0.19803965098486012,0.3055969602585139,-3.6061664340635047,-0.5421440747191962,0.32222621606711194,1.9983461823555067,0.0,-0.0,0.0,0.0,0.0,0.0
1359,0.8339727166868021,0.1105800264462909,0.3316246477248522,-0.2531813617865196,-0.8676639195668164,2.001828849424429,1.916266173557751e-14,-1.0441191759720009e-14,1.5465174109980829e-301,0.00043975365185891117,0.0002387605942444301,0.0001736560470520112
1360,0.1622453470551196,1.0327608506014225,0.45773130724410016,-0.07164337605000398,0.6604342786951197,1.9967982776410347,5.532852598290136e-15,-2.317485010808811e-14,2.3367360075794677e-229,0.00012791654284898985,0.0005332235406022505,0.0002591110378709071
1361,0.6434491218961486,-0.7388183198534917,-0.10347911438392082,0.10877453492164751,0.5971614714621564,2.0011871635692984,0.0,-0.0,0.0,0.0,0.0,0.0
1362,0.6479882196784664,-0.06836810406802855,-2.196912127122235,-0.26623437156695706,0.1369911929479293,2.0015056268849984,0.0,-0.0,0.0,0.0,0.0,0.0
1363,0.824074619361467,-0.20008705985847328,-1.8216662640843824,0.06639646826813059,0.9185751145212236,2.0009742509052293,0.0,-0.0,0.0,0.0,0.0,0.0
1364,-0.5694532198023731,0.2586732132876954,-4.2186227385513115,0.7508048931883956,-0.0009686236685712308,2.001258462114021,0.0,-0.0,0.0,0.0,0.0,0.0
1365,0.2543109003601596,-0.7241928734809348,-0.37083831745392304,-0.9097334943738786,-0.018234068775044167,2.00315892554617,0.0,-0.0,0.0,0.0,0.0,0.0
1366,0.033005783112384425,0.38842165590693767,-2.285380671163806,0.7997688867926774,0.5127934729090358,2.0032310354581337,0.0,-0.0,0.0,0.0,0.0,0.0
1367,-0.7003991230603158,-0.7056074713755754,-3.490195598327919,-0.7008574662140765,0.3380999475909577,1.997029618494464,0.0,-0.0,0.0,0.0,0.0,0.0
1368,0.9139719686499606,0.38831870649546435,-0.3808261116630287,0.03278040627764148,-0.46854201492063996,2.002246199175481,0.0,-0.0,0.0,0.0,0.0,0.0
1369,-0.6751836297482776,0.34732615295813146,-1.109000441091358,-0.4258484564707727,0.003914953711536128,1.996256249862519,0.0,-0.0,0.0,0.0,0.0,0.0
1370,0.3865031963359242,0.46805828368163377,-0.34991636294480827,-0.3848666704946627,0.052326174264599706,1.9998805786679856,0.0,-0.0,0.0,0.0,0.0,0.0
1371,0.35917497492728073,-0.0799172226368382,-2.003028042760144,0.8777359747240462,-0.21783349414563075,2.0012464061920237,0.0,-0.0,0.0,0.0,0.0,0.0
1372,0.6332728901375889,0.35302676516480297,-4.150522882256196,-0.003794360729647737,-0.5304418506098096,2.001623649727626,0.0,-0.0,0.0,0.0,0.0,0.0
1373,-0.3649156600599867,0.7783849479458161,-2.783087367103501,-0.15401117135157663,0.49902496102185895,2.000803249647703,0.0,-0.0,0.0,0.0,0.0,0.0
1374,-0.2533862003187025,0.9461142643537662,-3.3915352520840325,-0.7707335540878026,0.2757352593527179,2.0004340196414327,0.0,-0.0,0.0,0.0,0.0,0.0
1375,0.17027789932864135,-0.18573558748392457,-1.0513613873799648,-0.11784925478022104,0.8874154620953689,1.9973062887939097,0.0,-0.0,0.0,0.0,0.0,0.0
1376,-0.8432267468204531,0.03235341029236282,-2.7888811999321104,0.8006303358692893,0.09161097867407732,1.9979728133632726,0.0,-0.0,0.0,0.0,0.0,0.0
1377,0.4767336859745883,0.3749386215506765,0.022274395782676412,-0.5505929889754274,-0.2060694070006618,1.998543808468326,2.3440729014687196e-14,-3.469007066615385e-15,-0.0,0.0005415429509012284,8.053683735558608e-05,-0.0003951286217229579
1378,-0.18087946513227898,0.13256343881219965,-3.873034325478542,0.5140926821394419,0.1419031459444044,2.0006718873792155,0.0,-0.0,0.0,0.0,0.0,0.0
1379,-0.6528531299898941,-0.6903639583129446,-1.2717924390174868,0.23305678442554675,0.8800125923158549,1.999945073657614,0.0,-0.0,0.0,0.0,0.0,0.0
1380,-0.17863974794529366,-0.3927360327008367,-2.8223974667297322,0.5705877634779651,-0.4395177726067629,1.9996353439535826,0.0,-0.0,0.0,0.0,0.0,0.0
1381,0.05868319999351525,-0.2942790431421501,-0.23580868238189936,0.3740990672200939,-0.12190852319967914,1.9992035490722382,0.0,-0.0,0.0,0.0,0.0,0.0
1382,-0.5737691487281831,-0.0522500941494545,-1.3792490213916826,0.5790261438183119,-0.469540946612817,2.0034359225287433,0.0,-0.0,0.0,0.0,0.0,0.0
1383,0.4861785611414927,-0.4982883777940125,-0.0880863564911873,0.033995238289780905,-0.7287085534355109,2.001970209951017,0.0,-0.0,0.0,0.0,0.0,0.0
1384,0.6046222987679495,0.48861051649596493,-3.8550109304190396,0.24073519168423163,-0.14672953784402087,2.0023408120631214,0.0,-0.0,0.0,0.0,0.0,0.0
1385,0.11034883085266635,-0.42040469162954797,-4.210152046887739,0.15796068228292448,0.09170721799306329,1.9998160004644288,0.0,-0.0,0.0,0.0,0.0,0.0
1386,0.3509518834637808,0.7295893230513296,-0.8123599454358504,-0.958499163954211,-0.10021437180662704,2.0009323149508753,0.0,-0.0,0.0,0.0,0.0,0.0
1387,-0.5790674217760033,0.6577002200246853,-3.6463265363077997,0.6936377758505444,-0.6668510692792053,2.0008729513505146,0.0,-0.0,0.0,0.0,0.0,0.0
1388,0.594047666516977,0.7731181071825836,-4.289900272211354,-0.9788729995010695,0.03495406788646874,2.0007252662079935,0.0,-0.0,0.0,0.0,0.0,0.0
1389,0.3114840100131812,-0.0028231688797455963,-3.1488282540341777,0.6433753290605623,-0.5957337502771884,1.9993603643638729,0.0,-0.0,0.0,0.0,0.0,0.0
1390,-0.7695810262527488,-0.30404404174417904,-3.417379439550166,-0.9101850348141295,-0.2595970696761715,1.9987724490408323,0.0,-0.0,0.0,0.0,0.0,0.0
1391,0.27607825589164187,-0.4306178179678077,-3.7606042870245986,0.24029335755481226,0.5083747265198955,1.9995460785032655,0.0,-0.0,0.0,0.0,0.0,0.0
1392,0.7042458780990162,0.5752772473600721,-4.213646750442393,0.1865652001289095,0.15531796268311227,2.003636817874639,0.0,-0.0,0.0,0.0,0.0,0.0
1393,0.7821905533971827,0.5134601739648811,-2.383447602514689,0.3107689313542296,0.10544936917362048,1.9992715257178122,0.0,-0.0,0.0,0.0,0.0,0.0
1394,0.5396954484317507,-0.823768344383916,-4.251877073615297,-0.6885740572493924,-0.6979741216152714,2.0026128636438933,0.0,-0.0,0.0,0.0,0.0,0.0
1395,0.5593991088632975,0.22917042157603107,-1.02158477727739,-0.22910416244310539,0.553046554189476,2.001265515977634,0.0,-0.0,0.0,0.0,0.0,0.0
1396,-0.3112103067906253,-0.6254444390325203,-2.0104868725075997,-0.32362056053975624,-0.7560882430530624,2.0035125599249466,0.0,-0.0,0.0,0.0,0.0,0.0
1397,0.10944471054863447,0.3607628803938523,-2.0827692913702736,-0.545774096254701,0.18762977935193415,1.9983476194348537,0.0,-0.0,0.0,0.0,0.0,0.0
1398,-0.5229524061945662,0.3654143594916079,-1.8192983996688792,-0.6015218487222581,-0.7237881036389574,1.9998659347017032,0.0,-0.0,0.0,0.0,0.0,0.0
1399,-0.04486883569842745,0.6954840519604368,-1.2810392378309643,-0.6976005578819839,0.6502937046635192,2.002034347583482,0.0,-0.0,0.0,0.0,0.0,0.0
1400,-0.3830549293173766,-0.07980807234506451,0.3209809485918458,-0.32217528952973223,0.4701232154526398,2.0009421916545818,-8.178382038483726e-15,1.955554236582085e-15,5.916490066599514e-309,-0.00018732871032708996,-4.4632244033000454e-05,0.0002512413918006852
1401,0.781605328979295,-0.4576557688198865,-2.504506437184246,0.05942397745896309,0.2561913707189573,2.0002789085287294,0.0,-0.0,0.0,0.0,0.0,0.0
1402,-0.004862606344702354,-0.8950193024934249,-4.413152126095959,0.41626519947427265,-0.8829921390108901,2.0040520404999893,0.0,-0.0,0.0,0.0,0.0,0.0
1403,0.5262602933936315,0.34929538632244955,-1.6585475580305051,0.006246527761000731,-0.36700115659573707,2.0018757655702206,0.0,-0.0,0.0,0.0,0.0,0.0
1404,-0.8595138643532235,0.3866733958540051,-3.2237664877379646,-0.21337560111009535,-0.591942519698262,1.9962262471703458,0.0,-0.0,0.0,0.0,0.0,0.0
1405,-0.021137472637542277,0.6621944001894169,-3.643746465805083,-0.14147314789003146,0.9046727465209813,2.0030689466970033,0.0,-0.0,0.0,0.0,0.0,0.0
1406,-0.7436875528348275,-0.41398729955248226,-1.8158494597114359,0.1598756554686887,-0.42349501470908213,2.001430448425663,0.0,-0.0,0.0,0.0,0.0,0.0
1407,-0.6399158439790871,0.6557303218628278,-0.7657561854613613,-0.21146670712590948,0.0699440759828886,2.003039073892791,0.0,-0.0,0.0,0.0,0.0,0.0
1408,-0.8029044090826029,-0.43591673211943566,-2.248080185985575,0.8380987257788403,-0.3600963370077928,1.9989402741121205,0.0,-0.0,0.0,0.0,0.0,0.0
1409,0.23019417638132458,-0.7288566005091208,0.4556134226280019,-0.3289507756963446,0.050438986267074534,2.001459116404958,5.55500193385521e-15,1.1523618291693028e-14,1.1536045635692874e-230,0.00012875578561879797,-0.00026504302665057727,0.0005258625122746643
1410,-0.5116552171920027,0.433534599725593,-1.1217063064663393,0.5708000136679673,0.3634982084495989,1.9973185977445358,0.0,-0.0,0.0,0.0,0.0,0.0
1411,-0.551554569906962,-0.33866422536854457,-0.017134757560578348,0.15497834298850408,0.9399023578572276,2.0051573131119005,0.0,-0.0,0.0,0.0,0.0,0.0
1412,-0.28289510388340944,-0.7373684582216292,-2.5362472211142926,0.6853073854849399,-0.0453032260950376,1.998338280286123,0.0,-0.0,0.0,0.0,0.0,0.0
1413,-0.04487721131172063,-0.11817887936722148,-1.2048763383688499,-0.224348775977209,-0.8211320671183786,1.9994036520483982,0.0,-0.0,0.0,0.0,0.0,0.0
1414,0.7082903991901859,0.29055591270223363,-3.7196602332108015,0.6863323795059217,0.4203893129511666,1.9946734622942923,0.0,-0.0,0.0,0.0,0.0,0.0
1415,0.9998235762204145,0.13257921782389576,0.411254878470972,0.35893505233020123,0.2500469132323606,1.9989615989878229,2.5475566765068045e-14,-5.016601153734278e-15,8.427627015532063e-256,0.000585662844021792,0.0001136780235133701,0.00025137214970934885
1416,-0.22082064817048316,0.32542081230803116,-2.1340051807191776,0.16647728778570545,0.09455880609122581,1.9978415047103968,0.0,-0.0,0.0,0.0,0.0,0.0
1417,0.6574631607840581,0.017021282879855493,0.14961142023031904,0.21075115604861158,0.8409592201361898,2.000798215010884,9.726248699938874e-16,1.324067464732323e-15,-0.0,2.125975710376311e-05,-3.417779901129841e-05,-0.0003123498630984212
1418,-0.21592623307025685,0.19794342017489283,-4.274599808530674,0.7874175830481505,-0.42634470079374653,1.997813140377213,0.0,-0.0,0.0,0.0,0.0,0.0
1419,-0.05519483627190158,-0.5237326018389824,0.1430632117771838,0.3086013625490515,0.9140913459239802,1.999884523889546,-1.831586391681774e-15,1.1224061209628145e-14,-0.0,-4.033631918727796e-05,-0.00025806210344751594,-0.0004211195581266619
1420,0.5954674810943824,0.06978868826543683,-0.04298042553502622,-0.5015525186398397,-0.6156800437451581,2.00005193677589,0.0,-0.0,0.0,0.0,0.0,0.0
1421,-0.7680588759874684,0.41855867615011394,-3.256839095901733,0.7331110132865895,0.19015040493826207,2.0012641770260964,0.0,-0.0,0.0,0.0,0.0,0.0
1422,-0.5418998632766042,-0.2195645718924572,-2.4410483317883247,-0.5000797738965556,0.3441986287465931,2.0000109913171333,0.0,-0.0,0.0,0.0,0.0,0.0
1423,-0.8914266551629073,-0.2976519133525768,-3.348234584359341,-0.23089510240843247,0.6497003624076145,2.000153192564548,0.0,-0.0,0.0,0.0,0.0,0.0
1424,0.7613079887761247,-0.5390106060197573,-1.1955638583205157,0.2254544974419792,0.8914301139591227,2.0007635495509493,0.0,-0.0,0.0,0.0,0.0,0.0
1425,0.18347691500444244,-0.09990877971607429,-2.4371101052209605,0.7053801053312615,0.1249699691808285,2.0012376714897466,0.0,-0.0,0.0,0.0,0.0,0.0
1426,-0.6240796985509318,-0.30850945147341785,-4.43983167869578,-0.029007867387822763,-0.7608228564114112,2.0009107023491635,0.0,-0.0,0.0,0.0,0.0,0.0
1427,-0.3939510527020252,-0.7781932620633885,-0.33704641449562434,-0.07671253984570829,-0.20899024725037707,1.998855671866119,0.0,-0.0,0.0,0.0,0.0,0.0
1428,0.6924635774621726,0.6408778739225184,-1.7264813815124622,-0.3869104677003307,0.6135784398695496,1.9985903341059337,0.0,-0.0,0.0,0.0,0.0,0.0
1429,0.9604120137790204,0.12801746287953147,0.3688040743196032,0.025610803266867883,-0.5901789098874798,2.002770944483754,2.0016779429377668e-14,-5.2819174280201935e-15,-1.910456030031111e-280,0.00045835902415364093,0.00012129508027818167,7.930722269871208e-05
1430,-0.639506137564999,0.30444396248720057,-2.2637698283171286,0.40944419733370424,-0.7508861967389835,2.003174007005625,0.0,-0.0,0.0,0.0,0.0,0.0
1431,-0.8280204952837894,-0.07701447573194944,-2.1944399289467427,-0.34690095202360083,-0.7686702482816421,2.0018404825338387,0.0,-0.0,0.0,0.0,0.0,0.0
1432,-0.18258234085398925,0.4345285473570642,-2.4792739024761046,0.3457738309355762,-0.6334115635891041,2.00002338718961,0.0,-0.0,0.0,0.0,0.0,0.0
1433,0.29394338695072686,-0.19352712305920527,-2.268808049482963,-0.3302623374961096,-0.5969097614829411,2.001479593106266,0.0,-0.0,0.0,0.0,0.0,0.0
1434,-0.8224029253179532,-0.5466755999987384,-3.4231759795869134,0.32329176138499,0.19674021678191675,1.9992895924415628,0.0,-0.0,0.0,0.0,0.0,0.0
1435,0.8190320044448111,-0.42523816778385143,0.0849487955941644,0.2542448176092096,0.5031276023808425,1.999219389657195,1.6108406218747156e-14,1.0965174200528424e-14,-0.0,0.0003536810979229391,-0.0002481065479408248,-0.000355425083165687
1436,0.2795417221511571,-0.2149528115238275,-3.964948694184037,-0.29410739330940394,0.026585202613661412,2.002177437372369,0.0,-0.0,0.0,0.0,0.0,0.0
1437,-0.5175814954130662,0.0971263165980554,-2.931382951732056,0.7125883629782153,0.2958596954394355,1.999166628529246,0.0,-0.0,0.0,0.0,0.0,0.0
1438,0.13009964131814544,-0.04009222387859426,-3.4170136607191615,0.15680017001004154,0.9286368079444765,2.0016519267123294,0.0,-0.0,0.0,0.0,0.0,0.0
1439,-0.6613062216478994,0.19690700686941562,-0.291169461572581,-0.02070112257468754,0.6045138428459419,1.9987862936100917,0.0,-0.0,0.0,0.0,0.0,0.0
1440,-0.9535646765023277,0.18934645657175914,-3.1112830665322915,-0.25254089469476443,-0.5949571826299473,1.9977936989280953,0.0,-0.0,0.0,0.0,0.0,0.0
1441,0.11106261276825644,-0.546135788325955,0.10205156561783739,0.9112522968468699,-0.12770187428804242,1.9963110508533937,1.0250701106651955e-14,1.3289387438149747e-14,-0.0,0.00023779570800252405,-0.0003053409945158918,-0.0005192523870269
1442,-0.4448512343442933,0.0982285635051563,-1.3903322705578,0.10690012396098539,-0.04411655720036983,2.0017366715081164,0.0,-0.0,0.0,0.0,0.0,0.0
1443,-0.6070739498018427,-0.5847602837680788,0.15717838339214385,0.5855101980776241,-0.035641229475322264,1.9976909666884113,-1.4023443052952986e-14,1.6004307157628083e-14,-0.0,-0.0003219522225485173,-0.0003680454830507394,-0.00013555012023549885
1444,0.3308417375154549,0.4451595684481563,-3.853938667231997,0.44453801179691327,-0.12678220159033057,2.0032382368988104,0.0,-0.0,0.0,0.0,0.0,0.0
1445,-0.4623286470108296,0.6660469274940727,-1.421847701912574,0.5924208600920966,-0.05721471402377981,2.002169620097276,0.0,-0.0,0.0,0.0,0.0,0.0
1446,-0.15968225890697824,-0.25343513610786766,-3.274778619614606,0.35340160450675406,-0.033639890992931396,1.9993902912303265,0.0,-0.0,0.0,0.0,0.0,0.0
1447,0.8502536735205461,0.22118966966446404,-2.2638689355620203,-0.08676078608626904,-0.70008656099266,1.9986308076291541,0.0,-0.0,0.0,0.0,0.0,0.0
1448,0.7996164517166856,-0.24173690924179891,-0.016668729577704076,-0.6559960724506245,-0.3882697624675284,2.002416137349029,0.0,-0.0,0.0,0.0,0.0,0.0
1449,0.6028986896299583,-0.5123564518045568,-0.029232755108361458,-0.03779039526940146,-0.12887853238151428,2.003100613604121,0.0,-0.0,0.0,0.0,0.0,0.0
1450,0.6041518836058635,0.6119399991466484,-1.8076461331502718,0.18755727456223212,0.6115323934767516,2.002713011920368,0.0,-0.0,0.0,0.0,0.0,0.0
1451,-0.19473751872272232,0.06120665034303507,-2.6552539918458065,0.04842855200936675,-0.18235664114353653,2.0009596160369845,0.0,-0.0,0.0,0.0,0.0,0.0
1452,0.38356056263194466,-0.38348113912148835,-0.5082555252420083,0.644396024535327,0.42091319062977123,1.9978765983536295,0.0,-0.0,0.0,0.0,0.0,0.0
1453,-0.21574764421171014,0.4157763131663846,-2.685564279713,-0.320681118235938,-0.7160615545529572,2.0009910473532373,0.0,-0.0,0.0,0.0,0.0,0.0
1454,-0.050967861226918154,-0.5117286715710901,-1.136580520246345,-0.4466164475584706,0.20970590161653432,1.999579826656328,0.0,-0.0,0.0,0.0,0.0,0.0
1455,-0.052813349689903484,-0.43962292296779576,-3.4828733369364144,0.9074150550466094,0.06582096879514827,2.0009589079179624,0.0,-0.0,0.0,0.0,0.0,0.0
1456,-0.8844749614497591,-0.3965260864402924,-0.6111448772928458,-0.3423445849792637,0.57914927071637,1.9970557728139458,0.0,-0.0,0.0,0.0,0.0,0.0
1457,-0.23999801819429376,-0.5396011435311444,-1.7992992531965384,-0.37897722654297195,0.41066143948167044,2.0031521501177956,0.0,-0.0,0.0,0.0,0.0,0.0
1458,-0.456653112307288,0.2616583332742098,-1.1788846228127716,0.2952552906399333,-0.4384088377645461,2.0031275020923363,0.0,-0.0,0.0,0.0,0.0,0.0
1459,-0.18880059430151278,0.11243140715923998,-4.196434952591391,-0.0839450782973739,0.42027425301326726,2.004320647487768,0.0,-0.0,0.0,0.0,0.0,0.0
1460,0.11404777048393518,-0.5092836841802237,-2.277801424576239,0.166980868958548,0.7106010176640607,2.0017683779461053,0.0,-0.0,0.0,0.0,0.0,0.0
1461,0.5972057878699452,-0.4485257542172109,-3.893021061173124,0.6364493145492857,0.11263717319876326,1.9996149410853608,0.0,-0.0,0.0,0.0,0.0,0.0
1462,-0.2794912488575981,-0.17817220304942713,0.2163682746871034,0.1461863558334115,0.8038868857414166,2.001947332501768,-6.039744464933109e-15,6.725974394311153e-15,0.0,-0.00013808624984814604,-0.00015294784666277029,2.1864163377927363e-05
1463,-0.18583823083676887,-0.38683781523119604,0.22404609427427527,-0.3787237398290079,-0.5853882657812636,2.0008323501536016,-1.1165037204258805e-14,1.0357365732963767e-14,-0.0,-0.0002564705974621447,-0.00023783215398765455,-0.000298641170098646
1464,0.2807746660039643,0.12933961874198624,-3.852859419137249,0.2953329574426763,-0.2260363194147169,1.99854121030076,0.0,-0.0,0.0,0.0,0.0,0.0
1465,-0.9694026797087397,-0.12565398549187162,-3.9889100589478534,0.2648497508840734,-0.28123193165795873,1.9972388803886567,0.0,-0.0,0.0,0.0,0.0,0.0
1466,-0.47536526881374325,-0.46928413521075224,-0.4768991805116429,-0.529645285768567,-0.6276970590413649,2.0015627626968064,0.0,-0.0,0.0,0.0,0.0,0.0
1467,0.16849779117268374,0.96689853803994,-1.8473581401627701,0.08015025581503885,-0.3836438707847174,1.9999763367985604,0.0,-0.0,0.0,0.0,0.0,0.0
1468,0.792992692571571,-0.3195170346650473,-2.277496835412188,-0.12705265237835586,0.9798021627244733,2.0007359225579493,0.0,-0.0,0.0,0.0,0.0,0.0
1469,-0.4439941483607787,0.8927813651949446,-4.0081525539396585,-0.28442002849313525,0.7453915474612616,1.996160443426808,0.0,-0.0,0.0,0.0,0.0,0.0
1470,0.21600468978196743,-0.7507566788339418,-2.2837733028606135,-0.18887544985222196,-0.7082965818476085,2.002857373578562,0.0,-0.0,0.0,0.0,0.0,0.0
1471,-0.8881364264880333,-0.42297450270109105,-0.2755010824844763,-0.052212165751819396,0.8614684274815831,1.9979862727448117,0.0,-0.0,0.0,0.0,0.0,0.0
1472,0.807649514759204,0.0878640574120706,-0.2623570384556728,-0.2800614510069897,-0.7196650043219821,1.9989351248826566,0.0,-0.0,0.0,0.0,0.0,0.0
1473,0.02244696086543401,-0.783271194662012,-3.5465304514653573,0.18413821786690732,0.2734071553826805,2.0031368740764606,0.0,-0.0,0.0,0.0,0.0,0.0
1474,-0.33723467393040657,-0.8529655076236118,-2.4849107870383995,-0.10104630877086351,-0.37490244923310106,2.0025923179343144,0.0,-0.0,0.0,0.0,0.0,0.0
1475,0.889894476452824,0.033906209527268735,-0.11724519094531342,0.25808663704912377,0.9068082582672498,2.001955466870774,0.0,-0.0,0.0,0.0,0.0,0.0
1476,0.6859881910190048,0.22106157237981894,-2.934685490364325,0.4321233349967374,-0.149237931473805,1.9989713079509546,0.0,-0.0,0.0,0.0,0.0,0.0
1477,0.5501456616688715,-0.5995091383305939,-1.1614656317363499,-0.13354553686885218,0.3309751656939654,1.9989136187203913,0.0,-0.0,0.0,0.0,0.0,0.0
1478,-0.5113730461746714,0.7270121050201784,-2.6940348652801056,0.4175162035156393,-0.6652056112404862,1.9981686284575568,0.0,-0.0,0.0,0.0,0.0,0.0
1479,-0.5663959572866427,0.327749497462632,-3.319577765535708,-0.13659295819171577,0.0478214393907398,1.9994023158687126,0.0,-0.0,0.0,0.0,0.0,0.0
1480,-0.8631246271122863,0.18435917436011123,-2.0538361883073772,-0.5169596182422928,-0.638455793235777,1.9988758877274402,0.0,-0.0,0.0,0.0,0.0,0.0
1481,-0.871242232246203,-0.23423432260039775,0.3082360714081103,-0.6728502723405657,0.5796544595484229,1.9982717555782858,-3.531035257233509e-14,9.431974643777953e-15,-9.356962257e-315,-0.0008100303101705278,-0.00021907713172491025,0.00015187368815587244
1482,-0.48380394950682015,0.3353611679393034,-4.30115688198098,-0.2550026790492694,0.39641669588211526,1.998863171250998,0.0,-0.0,0.0,0.0,0.0,0.0
1483,-0.11920982906577443,-0.5894948845061587,-0.32152261791640935,-0.15325486565132856,0.784934245526657,2.001255938602644,0.0,-0.0,0.0,0.0,0.0,0.0
1484,0.5506621750401617,0.7511832484928892,-0.03715353054247604,0.580377559188231,-0.4703773704148404,2.0017656958584493,0.0,-0.0,0.0,0.0,0.0,0.0
1485,0.22067257757370015,-0.7924012575033469,-4.125854857607973,0.8766193038828631,-0.0017108185115858841,1.9972022927395916,0.0,-0.0,0.0,0.0,0.0,0.0
1486,-0.5837656539061431,0.3229422762160132,-1.479657579321044,-0.07402564429609815,0.6402435010216864,2.001102746503841,0.0,-0.0,0.0,0.0,0.0,0.0
1487,0.7381635926982162,-0.25372749816924395,-3.448456330942318,-0.8814616819308119,-0.0719429762496553,2.0013678032880033,0.0,-0.0,0.0,0.0,0.0,0.0
1488,0.2485580027361447,0.4418272807444743,-3.339878006444763,-0.17300080480298408,0.9014281755980758,1.9998896961899923,0.0,-0.0,0.0,0.0,0.0,0.0
1489,0.6729923039392604,0.7280052375536936,-1.4859319630848673,-0.3247682908936871,0.43697654758185145,1.9995829419756832,0.0,-0.0,0.0,0.0,0.0,0.0
1490,-0.4034395074286841,0.13734276496660522,-4.414161488298018,-0.5773820496566644,0.34257954809078,2.0012232555526324,0.0,-0.0,0.0,0.0,0.0,0.0
1491,-0.61194703556642,-0.022411870413118748,-0.9077525672387867,0.7293649748880947,-0.25207917167528454,1.9977243760635797,0.0,-0.0,0.0,0.0,0.0,0.0
1492,-0.6695185487656717,0.4765925552486095,-3.065469692493627,0.2814368782716831,0.8267141496705189,1.997871919086767,0.0,-0.0,0.0,0.0,0.0,0.0
1493,0.8324812136637545,-0.10226506988395004,-2.5670546794846625,-0.11774626352702983,-0.9689701234860801,1.9967146558708375,0.0,-0.0,0.0,0.0,0.0,0.0
1494,0.31693535615772206,-0.4504782299833768,-1.3745260822917482,0.010086174154498388,-0.5119669910803405,2.00080498177039,0.0,-0.0,0.0,0.0,0.0,0.0
1495,0.8875843511376457,-0.2947593873810184,-4.074858400529904,0.5335086197588081,-0.8079703400929905,1.998663855705686,0.0,-0.0,0.0,0.0,0.0,0.0
1496,0.5149063206174154,0.15449955166904153,-0.8179730329640025,0.7626902792520135,0.23041743237985282,1.9994279962886288,0.0,-0.0,0.0,0.0,0.0,0.0
1497,-0.3082969367747433,-0.6473951102702138,-3.7015683538937716,0.6473083259919143,-0.5572466972198683,1.9989703286718896,0.0,-0.0,0.0,0.0,0.0,0.0
1498,-0.8912260272878816,-0.32777914436800937,-3.0773961906252256,0.8471387557459543,-0.1037334240625746,1.9988604663406995,0.0,-0.0,0.0,0.0,0.0,0.0
1499,-0.10683495401192784,0.11797768205990307,-1.7343507129996882,-0.46633652739475273,0.23522416176053956,2.0023924957120127,0.0,-0.0,0.0,0.0,0.0,0.0
1500,-0.5590551776864789,-0.7710799766195553,-2.0246505037639038,0.4622432355918438,0.488261982149727,1.9993616838314499,0.0,-0.0,0.0,0.0,0.0,0.0
1501,-0.740202058790849,-0.032016488060683926,-3.5030037485650944,-0.23624690560250197,-0.9427737001440774,2.0020816172654015,0.0,-0.0,0.0,0.0,0.0,0.0
1502,-0.09900568620847443,0.1352260886325436,-4.4379532218513775,-0.3713947312310452,-0.6676154320800172,2.001220382478016,0.0,-0.0,0.0,0.0,0.0,0.0
1503,-0.6429399332112853,-0.3528271771965665,-2.4368555405888954,-0.42025265414939605,0.25211697086652163,1.9989380471582174,0.0,-0.0,0.0,0.0,0.0,0.0
1504,0.06780685556540923,-0.4909793125508329,-0.7772354500445965,0.3464387255996264,0.04268578301036171,1.9968981591982926,0.0,-0.0,0.0,0.0,0.0,0.0
1505,-0.2948453827947682,-0.9054314162728458,0.2191582809345847,0.9011420449774495,-0.25754360278387983,2.0018242517943947,-1.3683025088817781e-14,2.5465579169038363e-14,-0.0,-0.00031353202543153605,-0.0005831277433288268,-0.00011375063052698657
1506,0.07722599550979521,-0.31439263074247636,-2.6554534640528993,-0.9332899419931577,0.2552413207763712,2.0004364015014318,0.0,-0.0,0.0,0.0,0.0,0.0
1507,0.36776944340090173,0.41365300768582053,-3.3622007976751602,-0.592593568293458,0.23399289346238236,1.9958887184035263,0.0,-0.0,0.0,0.0,0.0,0.0
1508,-0.8091369242106133,-0.06438501574588695,-1.5993245353710481,0.06351050291070917,0.3872956414161715,1.998781091956066,0.0,-0.0,0.0,0.0,0.0,0.0
1509,-0.19248513697226063,-0.8550451781775809,-0.415248942862908,0.13377659970328096,0.5212750532105793,2.0011087024233887,0.0,-0.0,0.0,0.0,0.0,0.0
1510,0.5942427285000672,-0.10601148041393169,-0.7873791712708899,-0.14990984015421793,0.4710970030773954,1.9982415789397079,0.0,-0.0,0.0,0.0,0.0,0.0
1511,0.5032264978186342,0.3668557482828147,-0.9368771220562084,0.6488630451239106,0.5334437854448393,1.9971868145846097,0.0,-0.0,0.0,0.0,0.0,0.0
1512,-0.5743167091102955,0.19610237962419147,-1.0062045831901645,0.6690981169518468,-0.20104296048142165,2.000729021312275,0.0,-0.0,0.0,0.0,0.0,0.0
1513,0.5331263132714429,0.18695131532883077,-3.0459129940430256,0.674947300762741,-0.4595075981673978,1.9981826499274284,0.0,-0.0,0.0,0.0,0.0,0.0
1514,0.3584451253880191,-0.29239557659123355,-2.794079023093215,-0.666626624430454,0.6261459012611692,2.00087001682306,0.0,-0.0,0.0,0.0,0.0,0.0
1515,0.7645399990106647,0.3739663353187227,-2.741673463033459,-0.0039047718809883778,0.5511767849284367,2.0005256908028906,0.0,-0.0,0.0,0.0,0.0,0.0
1516,0.6635580131678176,-0.6655462099812233,-0.03526463617810915,-0.322511905923201,-0.40697537308332926,2.000389571136206,0.0,-0.0,0.0,0.0,0.0,0.0
1517,0.4973362986868016,0.7386492061430807,-2.1646705270729707,-0.27632732677379823,0.33793597044586143,2.0002171257626404,0.0,-0.0,0.0,0.0,0.0,0.0
1518,-0.2953165921638666,-0.36820930901321336,-4.0424900029854305,0.16148647248268766,0.7006043378809689,1.9988101928435382,0.0,-0.0,0.0,0.0,0.0,0.0
1519,-0.558744500864807,0.284985655450597,-1.7001400979744803,-0.44185295617344755,0.41654358507382233,2.001565084395599,0.0,-0.0,0.0,0.0,0.0,0.0
1520,0.4095142152081448,0.6439220910869525,-0.9453092821005951,0.019217224648468124,0.004789711286752869,1.9971163760680752,0.0,-0.0,0.0,0.0,0.0,0.0
1521,0.2951026881605554,0.0057135731471295425,-3.0505277262308894,-0.41768954131285135,-0.5304509745921804,1.9967909557234802,0.0,-0.0,0.0,0.0,0.0,0.0
1522,0.5043318361609304,0.29096883243685073,0.05542314991053841,-0.5514648274060127,0.08104010757150716,2.0060251377988507,1.2281299720963075e-14,-3.4505007811565662e-16,-0.0,0.000282712019290365,7.638526340643491e-06,-0.00026968749286091507
1523,-0.2716638128607937,-0.1228347186932609,-4.194808727790211,-0.9110938835815832,-0.3963623428924851,1.9981436983103402,0.0,-0.0,0.0,0.0,0.0,0.0
1524,0.716346310114596,-0.0527510485315362,-0.5638313128299763,-0.2736692978220704,0.6436828307010259,1.9978621706805726,0.0,-0.0,0.0,0.0,0.0,0.0
1525,-0.7953032338662298,-0.4346631936883303,-3.21214189085894,-0.3003048795887858,-0.3782482461449292,1.9980118399155666,0.0,-0.0,0.0,0.0,0.0,0.0
1526,0.1531219681537361,-0.27253472121272826,-0.2488471388434996,0.383633813083045,0.4391293936596376,2.0035288710358485,0.0,-0.0,0.0,0.0,0.0,0.0
1527,-0.5294239175929224,0.2962200168022041,-1.1785447509459754,0.9152983731415272,-0.28374829886227154,2.0024817856509904,0.0,-0.0,0.0,0.0,0.0,0.0
1528,0.23806746457974048,-0.45196379737070963,0.30189460073733765,-0.09026304175279845,-0.39210550798407356,2.0003875383431957,-2.5940813133600984e-14,4.195329179901651e-15,1.33986e-319,-0.0005886610548530315,-7.59965538024281e-05,0.0005113927222116785
1529,0.05678667058351392,-0.05611903174399901,-4.493462727850688,0.4742877694108384,0.7484264098836161,1.998769575611209,0.0,-0.0,0.0,0.0,0.0,0.0
1530,-0.2108240841488444,-0.5296644254454534,-2.259889028979427,-0.2515691732843433,0.8602129873804547,1.9993187520608429,0.0,-0.0,0.0,0.0,0.0,0.0
1531,0.024542333412773915,0.7453971747006082,-4.40025159543344,0.2931600773903121,-0.8575230390153631,1.9995598698103134,0.0,-0.0,0.0,0.0,0.0,0.0
1532,0.4668272359349903,0.38063964962008645,-2.9779305145671184,-0.9419730767155033,-0.00872471896945716,2.003633268725449,0.0,-0.0,0.0,0.0,0.0,0.0
1533,-0.32161190132030004,-0.4266967062750227,-1.8359622329846716,-0.8194093253304633,-0.03432912170705637,2.0002640861112515,0.0,-0.0,0.0,0.0,0.0,0.0
1534,0.5018917895417748,0.09087840782299154,-4.454044910625321,0.9046207313026308,0.0510830812675988,2.001762302830355,0.0,-0.0,0.0,0.0,0.0,0.0
1535,0.5464381570236455,-0.23322399939423422,-0.4969136419883451,-0.29929844923298465,-0.7984395322893096,1.999404385865069,0.0,-0.0,0.0,0.0,0.0,0.0
1536,0.659687982774674,-0.49747055027488496,-2.848988646208152,-0.0385164427396971,-0.7512051048124733,2.001648968591443,0.0,-0.0,0.0,0.0,0.0,0.0
1537,0.5891665496948989,-0.6113777407822101,-0.6148154790445266,0.33506196313514963,-0.509335942773655,1.9991458872194083,0.0,-0.0,0.0,0.0,0.0,0.0
1538,-0.26327828166979284,0.22866515518967923,-0.4215348346024909,0.3263276558196968,0.24110094656307707,2.0023662875026114,0.0,-0.0,0.0,0.0,0.0,0.0
1539,-0.30146161283216477,-0.80953543405138,-2.8008175253267362,-0.5127065464432549,-0.6899165357223667,1.9970356935033131,0.0,-0.0,0.0,0.0,0.0,0.0
1540,-0.9472851350688274,0.2741836046470934,0.4491711448670143,-0.24181938417550228,-0.15798671013033622,2.001853629660614,-2.134770650908153e-14,-4.022342332007828e-15,2.9396704706869726e-234,-0.0004898746361695027,9.198724711166209e-05,0.00025854163984651967
1541,0.892138599649531,0.15492155210194963,0.13983707678102,-0.35139661706395997,-0.8891880119291542,2.0037761906552145,2.095668682521814e-14,-2.1512226619402852e-15,-0.0,0.00047886008236001655,5.1072863682986866e-05,-0.0004757505467640395
1542,-0.18305837979329256,0.37775283231202217,-1.8345776183530575,0.15667612803281442,-0.5392338398178796,2.0026016063885423,0.0,-0.0,0.0,0.0,0.0,0.0
1543,-0.05260592201732392,-0.7845211172635498,-1.7405981634113925,0.29506819441725657,-0.2372095856324365,1.9994300545372816,0.0,-0.0,0.0,0.0,0.0,0.0
1544,0.7969890054018024,-0.397175330362018,-4.278627196584586,-0.19769863251302972,0.8492876989507974,1.997895045222516,0.0,-0.0,0.0,0.0,0.0,0.0
1545,-0.060597342761158766,-0.9062792807657801,-1.0171043046196868,0.7987451170739474,0.4644769355562868,2.000264872283573,0.0,-0.0,0.0,0.0,0.0,0.0
1546,0.0006455101607097705,0.7307371150822463,-4.404493467662348,-0.29531207744483295,-0.4141605840777142,1.9994499648008524,0.0,-0.0,0.0,0.0,0.0,0.0
1547,-0.5803911362316627,-0.6890048058814998,-3.6650089202833804,-0.23740527782417875,-0.8971636206099802,2.001439904013314,0.0,-0.0,0.0,0.0,0.0,0.0
1548,0.30613472613179965,0.43462030702528287,-4.137577583911083,0.6297249865054692,-0.05165947060991206,1.9999029798205181,0.0,-0.0,0.0,0.0,0.0,0.0
1549,0.10114221793454033,-0.39381243584499376,-3.823899793615523,0.594481189685755,0.23465635780357444,2.000440056937741,0.0,-0.0,0.0,0.0,0.0,0.0
1550,0.24756623546962075,-0.7714781241350502,-3.8467647374608056,-0.0299231064028135,0.8935016215361281,2.003304918846463,0.0,-0.0,0.0,0.0,0.0,0.0
1551,-0.11675032268779256,0.6298485310575067,-4.331307653429336,-0.8767455430269689,-0.15596543089650078,2.0040556458623815,0.0,-0.0,0.0,0.0,0.0,0.0
1552,0.5636656358974832,0.5352540581429761,-2.3779264351524674,-0.3032875079010739,-0.5877457139833779,2.001343961704158,0.0,-0.0,0.0,0.0,0.0,0.0
1553,-0.03860960204803976,0.21059506674734202,-2.4549169678963847,-0.878688975456558,-0.25308827466393397,2.0001471577527776,0.0,-0.0,0.0,0.0,0.0,0.0
1554,0.2049298028996964,-0.8165682166122765,-1.0353435960331265,0.47447282598967755,0.4148498933257898,2.002609043699592,0.0,-0.0,0.0,0.0,0.0,0.0
1555,-0.05387026956525211,-0.7776803660846482,-0.6791094467713551,0.08215871727095429,-0.6088632637172832,2.002638947357513,0.0,-0.0,0.0,0.0,0.0,0.0
1556,-0.05098568050554695,-0.7245695790252049,-3.7179996623665765,0.9546618261567597,-0.17309441155844207,2.000327444539361,0.0,-0.0,0.0,0.0,0.0,0.0
1557,0.3119989108153017,0.4405659670382422,-3.938782766520437,0.3468535078275784,-0.20717640561123254,2.002824085311176,0.0,-0.0,0.0,0.0,0.0,0.0
1558,0.04494527252899747,-0.25009072304271623,-3.5962813237451043,0.8062503375455912,0.19168539306811125,1.9994660621065328,0.0,-0.0,0.0,0.0,0.0,0.0
1559,0.8396999596203614,-0.5229395916463324,-2.113284953872583,0.07399299618006036,0.5416897358785497,1.9965480433812433,0.0,-0.0,0.0,0.0,0.0,0.0
1560,0.8764417953122907,-0.30010086621071297,-3.584774852913385,0.1159521456980297,0.9677337324194725,2.0022867316277453,0.0,-0.0,0.0,0.0,0.0,0.0
1561,-0.2004081211329965,-0.1634076770510017,-2.5222708739031185,0.34290804821739085,-0.43021096704154166,1.9980902269466558,0.0,-0.0,0.0,0.0,0.0,0.0
1562,0.13359127184768146,0.17181783774782833,0.48622101698930953,-0.5223663645545307,-0.19947194628033416,1.9972306516230747,8.205035689926934e-15,2.438670683119887e-15,-3.7120496545111402e-214,0.0001887874813390489,-5.6857708713944947e-05,0.0005913675561964105
1563,-0.06042517913404648,0.20327482128713006,-3.382411025580625,0.7790343224255516,-0.3631062407105602,1.9994250999731682,0.0,-0.0,0.0,0.0,0.0,0.0
1564,0.9432562572710729,0.03263852153130861,-2.8930929302753445,-0.3778924669045934,0.13395447476032177,2.0013215989277877,0.0,-0.0,0.0,0.0,0.0,0.0
1565,0.34324556176560606,-0.6090597441314997,-0.10688561024501718,-0.9532685881722024,0.020150800533360966,2.000249865130844,0.0,-0.0,0.0,0.0,0.0,0.0
1566,-0.8842400330836565,0.03416383361455275,-1.4509651486770918,0.07900683167329339,0.5950516792334909,1.9998765243895456,0.0,-0.0,0.0,0.0,0.0,0.0
1567,0.6397876439881282,-0.19910693517422262,-1.1722287832811646,0.7212861676747224,-0.05492901501005357,2.0009306595096095,0.0,-0.0,0.0,0.0,0.0,0.0
1568,0.22609314814273548,-0.6917680598408655,-0.7186741769175216,0.5506136202709054,-0.7233204866287027,2.0025230179735916,0.0,-0.0,0.0,0.0,0.0,0.0
1569,0.4372663397645957,-0.26514497566497064,0.11504746873231908,0.9063067159163904,-0.27855677385443545,2.000133893079432,5.0745906614531656e-15,-2.8795259462960926e-15,-0.0,0.00012028790646188036,6.343417430604585e-05,-0.00026216125774854577
1570,0.9633813465489894,0.07519780768132475,-1.2165964993718263,-0.5863932661409894,0.13288865466345548,2.0026025054242083,0.0,-0.0,0.0,0.0,0.0,0.0
1571,0.3930208149244808,-0.2673243290011039,-0.4590370298127366,0.37761889732499093,-0.8992532970387105,1.9997761548487887,0.0,-0.0,0.0,0.0,0.0,0.0
1572,-0.06643913363947826,0.9837777939627445,-1.2152772264277583,0.3483394985217295,0.2902583573529569,2.000054786378714,0.0,-0.0,0.0,0.0,0.0,0.0
1573,-0.8366255213762827,0.41057560386464376,-3.8318493103377946,0.6983380843912314,-0.2359731375662245,1.9981131572383164,0.0,-0.0,0.0,0.0,0.0,0.0
1574,0.7060182394824249,0.3699987702211195,-4.467575029696576,0.9118161973149354,-0.19655119513888006,2.001056895382827,0.0,-0.0,0.0,0.0,0.0,0.0
1575,0.12539669515233162,0.9026177697408754,-2.82944543809212,0.6225685643770715,-0.07430234398530344,1.996039658632238,0.0,-0.0,0.0,0.0,0.0,0.0
1576,0.6204644242346075,0.4684264110008665,0.10494033499325553,-0.3574322633295926,-0.281942630854613,2.0014767191954954,2.150211519661133e-14,-7.850793882692976e-15,-0.0,0.0004930699526908111,0.0001797717825336947,-0.0001560672030689276
1577,0.3933835581136674,-0.8115276921182809,0.0344621707936278,-0.4573220013346964,0.2534790394890857,1.9982545500897493,8.065906392325959e-15,2.260507803352446e-14,-0.0,0.0001853616707601684,-0.0005174316213156833,-0.0003801870663656298
1578,-0.7921926769516884,-0.4654988252548044,-2.709347787454764,-0.2592019881135179,0.55661737996848,2.0030160418197505,0.0,-0.0,0.0,0.0,0.0,0.0
1579,0.6710344981913162,0.2427728950675506,-3.3264838942816572,-0.7217149302799707,-0.384391868868037,2.001510085900009,0.0,-0.0,0.0,0.0,0.0,0.0
1580,-0.4209181252303869,0.039986803863158026,-2.9215414137918794,0.21700986334438752,-0.42012260520256955,1.9929774943896905,0.0,-0.0,0.0,0.0,0.0,0.0
1581,-0.30911919126950776,0.22629586144165295,-0.2622881642102294,-0.6002412585525396,-0.21217786522773233,1.9985776467446517,0.0,-0.0,0.0,0.0,0.0,0.0
1582,-0.5923863876434997,0.23140019855994368,-0.9598897050601897,-0.3970865161245755,0.7193094129661165,2.0015676042694217,0.0,-0.0,0.0,0.0,0.0,0.0
1583,0.8460118184304303,0.25828692827850525,-2.657423083598061,0.10158185212623103,-0.8949337665850514,1.9985851146027953,0.0,-0.0,0.0,0.0,0.0,0.0
1584,-0.052232215441117114,0.8766312210485144,-3.9215073348245895,-0.7762368131382723,0.40970482153713067,1.999861871251712,0.0,-0.0,0.0,0.0,0.0,0.0
1585,0.8493480368245433,-0.18347875141359093,-1.5293377825804761,0.9318081744108486,0.2469987941930246,1.998689926815529,0.0,-0.0,0.0,0.0,0.0,0.0
1586,0.0639155596802408,0.42567384963219435,-1.3114330083311199,-0.2665562651610685,-0.48862822736113004,1.9978222776946977,0.0,-0.0,0.0,0.0,0.0,0.0
1587,-0.5019585029196859,0.37540029021358146,-1.0450389259679473,-0.3589208605089586,0.7209380986403201,1.999815283555652,0.0,-0.0,0.0,0.0,0.0,0.0
1588,-0.5621817333322122,0.3956586531873095,-1.1561599763452806,-0.14132239041770728,0.2495111846149895,2.000635092728527,0.0,-0.0,0.0,0.0,0.0,0.0
1589,0.8303165406741094,0.07635561154060079,-4.152063643546552,0.026207024502024372,-0.06949944131942683,1.9985993190648483,0.0,-0.0,0.0,0.0,0.0,0.0
1590,-0.4257742336000736,-0.6422481822854792,-0.7937711513389356,0.16048401179165578,0.42069731848111575,1.9944454524251123,0.0,-0.0,0.0,0.0,0.0,0.0
1591,-0.1290462495893813,0.6297474644323912,-3.4578720550739033,-0.35741589259555806,0.44392197102557235,2.0006972072818403,0.0,-0.0,0.0,0.0,0.0,0.0
1592,-0.7652241387097143,0.16289692650122983,-1.7941371718178145,-0.6406475888847015,-0.47981945782398794,1.9991280657749415,0.0,-0.0,0.0,0.0,0.0,0.0
1593,-0.1701142686800456,0.26109161208609544,-0.37802394990920285,-0.5229377250289562,-0.4476102491503075,2.0014727816682987,0.0,-0.0,0.0,0.0,0.0,0.0
1594,0.06233557002486969,0.19220234139479406,-1.5052333873229844,0.7498170132202802,0.6133469794755407,1.9973672987517743,0.0,-0.0,0.0,0.0,0.0,0.0
1595,0.34778529335406994,0.33337898544051564,-2.780750248918314,0.8262620758167694,0.49123256193280607,1.9997104616274364,0.0,-0.0,0.0,0.0,0.0,0.0
1596,0.03353914189264734,0.40710695330090935,-1.3073037372205036,-0.6327278775123966,0.17206006511997693,2.000649595182164,0.0,-0.0,0.0,0.0,0.0,0.0
1597,-0.44548303915281423,0.41276424592874167,-3.1169313531371325,-0.6560595012528183,0.5435208945611509,2.0008611905097204,0.0,-0.0,0.0,0.0,0.0,0.0
1598,-0.1095392340897849,-0.35565447971957503,-2.837722070140851,0.13409727275336858,0.4399924219328037,2.0020121182565296,0.0,-0.0,0.0,0.0,0.0,0.0
1599,-0.5424846175167046,0.7598241943083289,-1.8888458670932569,-0.6593817006111881,-0.4078486587684562,1.9973694252109848,0.0,-0.0,0.0,0.0,0.0,0.0
1600,-0.643979763465091,0.37662433650026295,-1.4285792811835332,-0.2555186641690005,-0.21421957125450633,1.9997104245280861,0.0,-0.0,0.0,0.0,0.0,0.0
1601,0.610698579947849,0.5788846528153222,-0.2625369067926095,-0.3146236203046881,0.564132416270087,1.9968000802269688,0.0,-0.0,0.0,0.0,0.0,0.0
1602,-0.5955876977210306,0.4359434956233673,-2.2505263988616524,0.11856333840388839,0.5068959126269637,1.9990447875066542,0.0,-0.0,0.0,0.0,0.0,0.0
1603,-0.12363255157987627,-0.31692969560245765,-3.0862692621992815,-0.5374363677548679,0.6665836322565138,1.9982859674761573,0.0,-0.0,0.0,0.0,0.0,0.0
1604,-0.544508506747184,-0.05425945177153105,-3.2256072615262705,-0.5089447465509506,-0.2544803594381702,2.0007657279894855,0.0,-0.0,0.0,0.0,0.0,0.0
1605,0.6794337653180066,0.4726483612790698,-3.0912382126343196,-0.19480213696508328,-0.14227456513871353,1.9989463084057741,0.0,-0.0,0.0,0.0,0.0,0.0
1606,0.3440508003148526,-0.6811524907774043,-1.5059493888135644,0.05945881189088406,0.9885131156609246,1.9990687886750782,0.0,-0.0,0.0,0.0,0.0,0.0
1607,-1.040238300580508,0.4081872983098365,0.4150071479591093,-0.7274143346527444,-0.13145128076357337,2.001348454712706,-2.1661990621022e-14,-7.02762622106787e-15,5.531271043665783e-254,-0.0004973314654418156,0.0001614704665805901,0.00014390055444297642
1608,-0.7110944471322383,0.4066228556607153,-1.962502541154844,0.1622449458059991,0.9473574209295942,1.9994599463614389,0.0,-0.0,0.0,0.0,0.0,0.0
1609,0.09566007410740444,0.8682913497719597,-3.241253998409073,-0.9568993341737811,0.12046904471832731,1.9999000419554664,0.0,-0.0,0.0,0.0,0.0,0.0
1610,-0.6125175682064095,0.65326942886895,-0.7675641790016007,0.4765598518365938,0.5816828736417974,1.9988715393855283,0.0,-0.0,0.0,0.0,0.0,0.0
1611,-0.33390763034330084,-0.82698934836039,-1.0186750298987386,-0.7840085790417594,0.2050924170782437,2.0006250896841333,0.0,-0.0,0.0,0.0,0.0,0.0
1612,-0.43188513863790134,0.8762838088765823,-1.3353856331259963,-0.3410894941381362,-0.6680349319769977,2.0002710737799374,0.0,-0.0,0.0,0.0,0.0,0.0
1613,0.1567632641100882,0.25633298720401304,-3.7222159124278678,0.46181339982526615,-0.34537177584299694,2.0011874449871776,0.0,-0.0,0.0,0.0,0.0,0.0
1614,-0.5819726532367834,0.5698977171986088,0.21447752438370907,0.4684107296880147,-0.6977090478277548,2.0022991193284496,-1.861701170698319e-14,-2.293662305171306e-14,-0.0,-0.0004259412228149263,0.000524471927135676,-0.0002401059460757747
1615,0.24957571248833238,0.9552245337510425,-2.8667059207355976,-0.16327813810940264,0.6904305943936997,2.000014266786956,0.0,-0.0,0.0,0.0,0.0,0.0
1616,0.7440973270844266,-0.025999593548040937,-1.473813071038351,-0.13680093885037503,0.2543984076610963,1.9999084701486802,0.0,-0.0,0.0,0.0,0.0,0.0
1617,-0.08340498162448111,-0.5598525622537757,-2.1950916540938983,-0.5568184552673898,0.5406799391883581,1.997821323057155,0.0,-0.0,0.0,0.0,0.0,0.0
1618,0.22910965526328106,0.8045074357071014,-2.5093121575117876,-0.07994939511376815,0.31314806575617415,2.0012114384423683,0.0,-0.0,0.0,0.0,0.0,0.0
1619,0.4975159851437134,0.8169683692583669,-3.2460204205849603,0.8175441704946622,0.3192562208020224,2.003248137374401,0.0,-0.0,0.0,0.0,0.0,0.0
1620,0.43095573108677826,-0.20670507573795147,-2.054700018570115,0.9003041963233833,0.27512681529027333,1.9997222254123013,0.0,-0.0,0.0,0.0,0.0,0.0
1621,0.4477558626204096,0.4178037714870419,-0.3682205325856693,0.6116049419730747,-0.7176811962391222,1.9992970172100961,0.0,-0.0,0.0,0.0,0.0,0.0
1622,-0.8773341842699643,0.33273023495708,-2.1625299278258447,0.6179938256617521,0.037753256301857496,1.9974517878112503,0.0,-0.0,0.0,0.0,0.0,0.0
1623,-0.21945899363685273,0.6047973970965391,-0.5108035288094259,0.8533017638596886,-0.3881556138773833,1.9995333777486846,0.0,-0.0,0.0,0.0,0.0,0.0
1624,-0.3053734119023617,0.8813146924028246,-3.48760937159252,-0.7053200453929102,0.5939111587596514,1.9990692199136477,0.0,-0.0,0.0,0.0,0.0,0.0
1625,0.3774098270894293,-0.29602843811519214,-4.083140417884255,-0.0015630297637015777,0.7495134551407578,2.0034480444995753,0.0,-0.0,0.0,0.0,0.0,0.0
1626,0.019571044974555876,-0.9722649736334322,-2.3752433364257763,-0.5818190975145696,0.7050709390394267,1.997108465838667,0.0,-0.0,0.0,0.0,0.0,0.0
1627,-0.3860441186157966,0.14771357200243604,-2.4221238035157966,0.13974810457034845,0.673999484543072,1.9999777707606599,0.0,-0.0,0.0,0.0,0.0,0.0
1628,-0.6743598851898478,0.10738158211035277,-4.386176955693118,0.842318657790759,0.22069158143376144,2.003738535860729,0.0,-0.0,0.0,0.0,0.0,0.0
1629,-0.3752940988491417,-0.2700180640717163,-3.173001190458661,0.13273879526458418,-0.21138457369328323,2.0031048680172976,0.0,-0.0,0.0,0.0,0.0,0.0
1630,-0.366908799941205,0.7736814586095279,-3.255146586757042,0.6297900994114983,-0.5911618244030438,2.0017568111687907,0.0,-0.0,0.0,0.0,0.0,0.0
1631,0.3465246593541288,0.520575364028369,-1.2354277419596555,-0.1541075413966989,0.5905853890666373,2.0012040035581653,0.0,-0.0,0.0,0.0,0.0,0.0
1632,-0.06434467525606029,0.0613568912312765,0.25317680328293124,0.7861220180435964,-0.03992086876736986,1.9980340101414262,6.588008510127219e-15,-6.360188899867357e-15,0.0,0.00015519620264190786,0.0001451401651255216,0.00011359858985916133
1633,0.46023106628036514,0.35346966591034357,-3.773174479075532,-0.34418772514771706,-0.28461506439075196,1.9965989997311497,0.0,-0.0,0.0,0.0,0.0,0.0
1634,0.20159901299144004,0.3307883647809267,0.028517428710421056,0.04954811428810249,0.7218223936336099,2.0000323113887966,-7.148057616659557e-15,-7.261545854489907e-15,-0.0,-0.00016292231502506397,0.00016357631472885267,-0.0005170348912121991
1635,-0.26603983907916,0.17449713374427078,-3.1931784593858,0.3885005275057331,-0.4040356914032905,1.9990358445948992,0.0,-0.0,0.0,0.0,0.0,0.0
1636,0.1053589634332057,0.44374076067240814,-0.7518191585911915,0.7221383338273702,-0.4706847042179667,2.000507262099028,0.0,-0.0,0.0,0.0,0.0,0.0
1637,-0.2890661039346416,-0.909604443278507,-1.8663107343194592,0.7103429243649092,-0.23324174257244384,1.998820050873121,0.0,-0.0,0.0,0.0,0.0,0.0
1638,-0.3609397272462818,-0.2594200342834346,-3.9898630751327224,0.63213470946537,-0.15151845082059467,1.9969710148755286,0.0,-0.0,0.0,0.0,0.0,0.0
1639,-0.07743060744851318,0.015334415240797542,-1.0101694095322071,0.2654797081478609,0.8119776144342737,1.9991813516116874,0.0,-0.0,0.0,0.0,0.0,0.0
1640,-0.33250558350858944,0.40017225224937397,-2.7115413623096494,-0.7941282793565423,-0.30054642561109585,2.0038327363007262,0.0,-0.0,0.0,0.0,0.0,0.0
1641,0.4778774825182467,0.14509933863219696,-3.5439861060277047,-0.11066908619027521,0.001436211341444166,1.996719463153918,0.0,-0.0,0.0,0.0,0.0,0.0
1642,0.2299486673804023,0.0313618367809965,-3.392954943954822,-0.3640085457060791,0.05898201936519334,1.9980085899199245,0.0,-0.0,0.0,0.0,0.0,0.0
1643,-0.1552530460477079,-0.07210430921374791,-3.157347048387183,0.144915764189365,0.7583364761885396,1.9987098989725762,0.0,-0.0,0.0,0.0,0.0,0.0
1644,-0.9292813277673654,-0.3433999032258796,-1.0800726638469518,0.33724925916156795,-0.17273243679844097,1.9989224783363184,0.0,-0.0,0.0,0.0,0.0,0.0
1645,-0.1527834988658678,0.1347571814249123,-2.00960125158376,0.4755983995492475,0.33208456339067505,1.998160825815641,0.0,-0.0,0.0,0.0,0.0,0.0
1646,0.2015659005020321,0.7148421633477325,-0.900698109812384,-0.47637930436097264,0.7207149471901633,1.9985384611355792,0.0,-0.0,0.0,0.0,0.0,0.0
1647,0.43537407347363444,-0.7851888547677465,0.3699048547788383,-0.2093926738855291,-0.3233152515873619,2.000071333503528,9.793057116884774e-15,3.2303616957019832e-15,2.659778186686067e-280,0.0002234883560305033,-7.353963492829389e-05,0.0003199325426065479
1648,-0.6825888050999126,-0.1291726385220553,-0.8274005772741597,-0.4815897833193332,-0.29744344272901374,2.0026493028618866,0.0,-0.0,0.0,0.0,0.0,0.0
1649,0.49751247379015395,-0.23448126268743336,-0.07238302052292722,0.1803491781983773,0.1876091768005506,2.0021288015988814,0.0,-0.0,0.0,0.0,0.0,0.0
1650,0.18290499199205956,-0.4047423974855413,-4.070224790334752,-0.3867696659203579,-0.5757494249916008,2.0033750426363954,0.0,-0.0,0.0,0.0,0.0,0.0
1651,-0.4597678741405031,0.3573743130725482,0.5106465508749399,0.41117288600103435,0.2465386601843755,2.000839086248553,-2.773141404981909e-15,-5.2136322761378954e-15,-1.8905927493196964e-199,-6.334793757487759e-05,0.0001194952023001517,0.0005714527218919786
1652,0.21304939256830932,0.22814371504915687,-1.5793277786809068,-0.551177557185706,0.25157154518731245,2.0001414908106074,0.0,-0.0,0.0,0.0,0.0,0.0
1653,0.32466353335207015,0.7750786652591529,-3.9732470935940833,-0.5447357470589053,-0.723704287254286,1.999459116776767,0.0,-0.0,0.0,0.0,0.0,0.0
1654,0.7898767714586706,0.15129074369851583,-4.257154124580246,0.22689392381007406,-0.70248362460316,2.0016930923524274,0.0,-0.0,0.0,0.0,0.0,0.0
1655,0.3469397330924161,0.7150506300074524,-2.527447157167577,-0.48194370006472126,0.4881673054672655,2.002283202760497,0.0,-0.0,0.0,0.0,0.0,0.0
1656,0.11366187615117394,-0.18294835535611167,-4.435073945405855,-0.21085534806892473,0.9046738948711406,2.0005155243206745,0.0,-0.0,0.0,0.0,0.0,0.0
1657,-0.6602058729094857,-0.5196187105443014,-3.36482814725558,0.5006927364000018,0.5424481845497602,2.0001707574744203,0.0,-0.0,0.0,0.0,0.0,0.0
1658,0.5549790732996599,0.6537303541012772,-1.932051842087941,-0.08903413805211365,-0.8836557728623641,1.9976273270614462,0.0,-0.0,0.0,0.0,0.0,0.0
1659,-0.7280432669776562,0.602053325755216,0.3125848002182903,-0.6367470633005162,-0.6834013852192826,2.004272987884343,-1.5661907816592544e-14,-1.650786238002316e-14,-2.756246413556e-312,-0.00035923008029641355,0.0003777197785816161,0.00021021032278297242
1660,0.502886448472512,-0.4574289251883592,0.3041804627387354,-0.14004565624342946,-0.020778153771901134,1.9965352417359405,1.0562803666492563e-14,5.656249401731339e-15,-1.680156e-317,0.00024451291208718487,-0.00012925805984638315,5.264603433912499e-05
1661,-0.28420146680810787,-0.8087075440974275,-1.6684706134693177,0.10849454273517493,0.22848699286718568,2.0026707783927775,0.0,-0.0,0.0,0.0,0.0,0.0
1662,-0.5350966560193825,0.4680348834116954,-1.6958645732045372,0.5238422647446614,-0.3526002968616312,2.0016697820970624,0.0,-0.0,0.0,0.0,0.0,0.0
1663,0.1353232577532001,0.20866058522687467,-2.2435393414068847,-0.36164102670374476,0.7944733643890224,2.0012395927360647,0.0,-0.0,0.0,0.0,0.0,0.0
1664,0.631871917974402,-0.34995352123111106,-2.7142374108573124,0.25113447767275127,-0.32999489250967656,2.002271413468124,0.0,-0.0,0.0,0.0,0.0,0.0
1665,0.2114873216170353,-0.08237903067585299,-0.29456550998374564,0.5475688312937184,-0.3417693142362239,2.0013851070122213,0.0,-0.0,0.0,0.0,0.0,0.0
1666,0.006333937491970696,0.331983221201633,-3.689030306467449,-0.5859623285069393,0.7931990053627508,1.9977638591014508,0.0,-0.0,0.0,0.0,0.0,0.0
1667,0.17284938651572127,0.5611379360828948,-0.9016591824627116,-0.8916933366458447,-0.034442340535094366,2.0021984125214396,0.0,-0.0,0.0,0.0,0.0,0.0
1668,0.07366293637501681,0.9410614569671311,-2.0431584439357637,-0.1320969852054743,0.28865109117058724,2.000233709023246,0.0,-0.0,0.0,0.0,0.0,0.0
1669,0.7813704005058445,-0.5872514153464617,-3.3145253041717946,-0.6901672474894075,-0.5618923706702915,2.001032043128052,0.0,-0.0,0.0,0.0,0.0,0.0
1670,0.8623442887476221,0.2122341031326349,-1.2687091744306864,0.15799544425692175,0.3377854216921864,1.998127836389749,0.0,-0.0,0.0,0.0,0.0,0.0
1671,-0.08474925288968597,0.5466929372976966,-2.182950533699579,-0.810083421377811,-0.4134987623622046,2.0002159580987815,0.0,-0.0,0.0,0.0,0.0,0.0
1672,0.1465077782625374,0.0024208482056888294,-0.2328580437756694,0.09750744480230497,0.24424868491734641,2.0013230433559093,0.0,-0.0,0.0,0.0,0.0,0.0
1673,0.4555595110062085,0.8510787982449897,-1.8302350983512408,0.03642252314019863,-0.2255705291749331,1.998984901181768,0.0,-0.0,0.0,0.0,0.0,0.0
1674,0.2331320637836873,0.5190914575426688,-1.1173204551707308,0.22147667194859216,-0.891127184298355,2.0030766140047604,0.0,-0.0,0.0,0.0,0.0,0.0
1675,0.5177397554650547,-0.11302387234775431,-4.176444248788812,-0.15651301352643132,0.6936235425592099,1.9986590900697225,0.0,-0.0,0.0,0.0,0.0,0.0
1676,-0.22182731455713678,0.7005953969554237,-2.7559301405486267,-0.10525740655747295,0.3771485907932322,1.9976654698119785,0.0,-0.0,0.0,0.0,0.0,0.0
1677,-0.20496666304137692,0.7018275140874175,-4.38445209990608,0.18173173632808295,0.2476303078715405,2.000709382406416,0.0,-0.0,0.0,0.0,0.0,0.0
1678,0.24149685470479557,0.3853504977509577,-3.1638961823290788,0.21162719940941896,0.6276124984607647,2.0013984901475577,0.0,-0.0,0.0,0.0,0.0,0.0
1679,-0.32530948419627265,0.8260277531293837,-3.5737254125247744,0.35044782356011167,-0.4087629758913001,2.0008001593414537,0.0,-0.0,0.0,0.0,0.0,0.0
1680,0.3331870069287603,-0.46546512939079776,-2.9310932325352272,-0.37454365284506486,-0.18288544420175018,1.9991190802712326,0.0,-0.0,0.0,0.0,0.0,0.0
1681,-0.6664751685806481,-0.08788516249096139,-2.3089632577883963,-0.0993994113014807,-0.6167560012160197,2.0000005968654966,0.0,-0.0,0.0,0.0,0.0,0.0
1682,-0.08419510614503059,0.4756849829296531,-2.959037737991077,0.3283070980245751,-0.0484207488160945,1.9988808587912357,0.0,-0.0,0.0,0.0,0.0,0.0
1683,-0.2301503023714311,-0.9351292563379698,-3.5573228480578485,-0.4265869434525222,-0.7524850010462996,2.000528248753169,0.0,-0.0,0.0,0.0,0.0,0.0
1684,-0.8561117915128865,0.09031090009674811,-0.7134426084398748,0.3937972752235762,0.056942257383857366,2.0027345086536683,0.0,-0.0,0.0,0.0,0.0,0.0
1685,-0.2733967436069332,-0.38523224789015115,-0.6974377869730027,0.08196966337552651,0.9012656090461201,2.0004312071740538,0.0,-0.0,0.0,0.0,0.0,0.0
1686,0.5426366439547021,0.8516370142159024,0.48320116342327063,0.6504823595057457,-0.021896905490476255,2.0019477517102433,1.05291910421987e-14,-1.5535220158312414e-14,1.1502919073362623e-214,0.00024152813724633948,0.0003562904582666611,0.0002362863217233618
1687,-0.21229691287258692,-0.9317218943536297,-1.469947963391519,-0.15624319925409905,0.6408563429590972,1.999257816936791,0.0,-0.0,0.0,0.0,0.0,0.0
1688,0.002049397380806965,-0.3760958581043102,-4.434664494683874,-0.4310953276319199,0.7790338413295932,1.9996341620729479,0.0,-0.0,0.0,0.0,0.0,0.0
1689,-0.45548182438624657,0.5664376218914604,-0.9352596993096901,0.8759259871937763,-0.017364393515614706,1.9986300362572174,0.0,-0.0,0.0,0.0,0.0,0.0
1690,-0.6741482115652864,0.4951829578632655,0.10569267053819792,0.5881339463641444,0.039110201542099536,1.9994199135804684,-8.236714213972703e-15,-2.3045980272648973e-14,-0.0,-0.00018724444836758295,0.0005303297716487232,-0.0002567242618674371
1691,0.58321328727803,0.09456710824785924,-0.15419187355758143,-0.46110678166313673,-0.11295169032622632,2.000014796398459,0.0,-0.0,0.0,0.0,0.0,0.0
1692,0.8764135494397897,-0.1277560520267235,-3.1028799170416783,0.031337855325813006,-0.4318684785089537,2.0033032343632464,0.0,-0.0,0.0,0.0,0.0,0.0
1693,0.23766226096397097,0.5420993905961516,-1.5651748041008022,-0.92707617497419,0.27582966174339335,1.9994477420214438,0.0,-0.0,0.0,0.0,0.0,0.0
1694,-0.7024971248070715,-0.2099601013331424,-0.15191347328507437,-0.1907166338364198,0.3087471648612699,2.001465990887327,0.0,-0.0,0.0,0.0,0.0,0.0
1695,-0.26558392887406873,0.2956390157873909,-1.1365111634590217,0.01566132659480889,-0.1518952403445827,1.9980156101269777,0.0,-0.0,0.0,0.0,0.0,0.0
1696,-0.2735878938055207,0.3985080779546337,-1.5987137213569944,-0.1279916942559255,-0.6269831366215128,1.9953505242256833,0.0,-0.0,0.0,0.0,0.0,0.0
1697,-0.22508594831194592,-0.412232355013321,-1.826992283345914,-0.7942478251570263,-0.5425129750372005,1.9987466351969763,0.0,-0.0,0.0,0.0,0.0,0.0
1698,0.43136307908923743,0.30642308092070786,-0.11277391037159247,-0.2699677090423921,-0.10702033361262084,2.0011133538353185,0.0,-0.0,0.0,0.0,0.0,0.0
1699,-0.23712902412083844,0.6193681564455094,-3.256557100876992,0.4515927547382171,0.09919016953246777,2.000953141171568,0.0,-0.0,0.0,0.0,0.0,0.0
1700,0.7553333490566944,0.26233500818352423,-0.46861721414155555,0.41978256658083346,0.6606723630534144,1.9982994866370403,0.0,-0.0,0.0,0.0,0.0,0.0
1701,-0.8266512815700197,-0.40269286213295286,-0.26098865989297737,-0.6011499445252021,-0.7880553973089122,2.00018684698769,0.0,-0.0,0.0,0.0,0.0,0.0
1702,0.7693688950441899,-0.24658660081644226,-0.7274043129160138,-0.8520633624928429,-0.28443282065625236,1.997319324332134,0.0,-0.0,0.0,0.0,0.0,0.0
1703,0.015674051918026618,-0.8769175597008676,-0.6809126974833722,0.6903517690100939,-0.39756520554694247,2.000316861146663,0.0,-0.0,0.0,0.0,0.0,0.0
1704,-0.2739305012013869,0.011236897083364604,-2.3711005339060103,-0.27085529448299583,0.09035781374027463,2.005124956524262,0.0,-0.0,0.0,0.0,0.0,0.0
1705,-0.8818354806965689,0.2630167604724227,-3.834401609034938,0.2889083098340722,-0.21990034770593073,2.0020575857884007,0.0,-0.0,0.0,0.0,0.0,0.0
1706,0.5393570558745426,-0.043901134679488425,-0.7842752091794525,-0.3127657233405203,0.8217745541162789,1.9987592064496857,0.0,-0.0,0.0,0.0,0.0,0.0
1707,-0.012127841883674573,0.8022919815903312,-1.549579698508737,-0.8968484569232258,0.2801976529640937,1.9983929194854733,0.0,-0.0,0.0,0.0,0.0,0.0
1708,-0.1397728137501567,0.5334365606975703,0.22442286763693495,0.828521869962434,0.18450808679111558,2.0007911674795045,-4.00661643609111e-16,-1.5103080858407395e-14,-0.0,-8.494049602732856e-06,0.0003464883886154291,-4.1986537490974885e-05
1709,-0.22433704121067283,0.19888598798634163,-2.7800836596198257,-0.5099715097094959,0.2638824280954653,2.0021632341253013,0.0,-0.0,0.0,0.0,0.0,0.0
1710,-0.15137049312446155,-0.6379019315114738,-1.3442296454320137,0.5003889160005445,0.7796314308822184,2.003472425356199,0.0,-0.0,0.0,0.0,0.0,0.0
1711,0.2368667438748311,-0.569326095389396,-4.114053523756059,-0.14854817922389874,0.8108739855076527,1.998990518563391,0.0,-0.0,0.0,0.0,0.0,0.0
1712,0.6026597963697752,0.5838572764632602,-0.6101243201685401,0.4823311138408111,-0.12875270461392102,1.9986952710670516,0.0,-0.0,0.0,0.0,0.0,0.0
1713,-0.4408243915179378,-0.005647462248178131,-4.120329234493056,0.4095206134679978,0.3855389999651153,2.000172787624521,0.0,-0.0,0.0,0.0,0.0,0.0
1714,0.057063074163487736,0.17606260590457115,-1.9910625515180012,0.81359917519834,0.25552472766173917,1.9984557936412997,0.0,-0.0,0.0,0.0,0.0,0.0
1715,-0.04556491338141369,0.8633940319326157,-0.2691740114508217,-0.559523841516119,-0.07663896560289928,2.000003251133851,0.0,-0.0,0.0,0.0,0.0,0.0
1716,0.6914971508611824,-0.5888174724385705,-2.290043756046403,-0.680253352801265,-0.20111781057729064,2.0044280198421798,0.0,-0.0,0.0,0.0,0.0,0.0
1717,0.2554091771053544,-0.46212128351442555,-2.080677137824505,0.6903565068368832,0.030504226822154066,1.9993362702556665,0.0,-0.0,0.0,0.0,0.0,0.0
1718,-0.20587870682506293,-0.6239608765226466,-1.7783318308723997,-0.08534962313797922,0.49557268809204413,2.0009940856943076,0.0,-0.0,0.0,0.0,0.0,0.0
1719,-0.30790261410285824,0.22357099092997254,-2.5808741765440817,-0.37723810573924005,-0.25958606137452384,1.9983752220815587,0.0,-0.0,0.0,0.0,0.0,0.0
1720,-0.9014265589663462,0.10605798300289342,-0.005131869289075297,0.40780944870860353,-0.6359606492056014,2.0018188058755673,0.0,-0.0,0.0,0.0,0.0,0.0
1721,0.2136763082092305,0.9143688647698491,-2.052007294611905,0.24607453528589962,0.40361924239601504,2.0029912651575263,0.0,-0.0,0.0,0.0,0.0,0.0
1722,0.08189751179235412,0.8590675518158402,-2.8767451225421814,0.3444972404582392,-0.618696847452096,2.0003200518792337,0.0,-0.0,0.0,0.0,0.0,0.0
1723,0.6340655282903717,0.47538001641318234,-2.9341019701457145,0.19623781816613248,-0.8415503322878438,2.004545084985685,0.0,-0.0,0.0,0.0,0.0,0.0
1724,-0.07569284483581444,0.9202441275322532,-3.6032831731425747,0.0030019044395436806,0.36747132970063534,1.9977122970811314,0.0,-0.0,0.0,0.0,0.0,0.0
1725,-0.34870995611448335,0.32192147671817956,-0.7334206416296,-0.2688750803102781,0.17429439661819415,2.0029957199623007,0.0,-0.0,0.0,0.0,0.0,0.0
1726,0.11238517040691356,0.016648543523938634,-1.814024106077696,-0.08942912629867811,-0.5228644516894773,1.9997492169299136,0.0,-0.0,0.0,0.0,0.0,0.0
1727,-0.07576370629369582,0.27659378985787836,-4.357825638642918,-0.7821963172966133,-0.4264882047247658,1.9999573382701854,0.0,-0.0,0.0,0.0,0.0,0.0
1728,0.5328135489815004,0.6353936114947838,-3.936662938065887,-0.6727626243113852,-0.10069154540434301,2.0013958744392624,0.0,-0.0,0.0,0.0,0.0,0.0
1729,0.20815831684478142,0.41553823184914684,-0.14010431177817578,-0.5495915205296582,0.06050122448788995,1.999219541250555,0.0,-0.0,0.0,0.0,0.0,0.0
1730,-0.15084385877715095,-0.5598681554875062,-1.2419588135133763,-0.4847637204056524,-0.4092557154535905,1.9973291560207096,0.0,-0.0,0.0,0.0,0.0,0.0
1731,-0.3109169057699637,-0.07100249978286585,-2.006913429091406,-0.0485988795997258,0.008500954780674927,2.002807618464551,0.0,-0.0,0.0,0.0,0.0,0.0
1732,-0.33209712881880693,-0.8074049183878179,-2.938176670052458,-0.00863704252444177,-0.8915031108253441,2.001462154687918,0.0,-0.0,0.0,0.0,0.0,0.0
1733,0.07670114073407319,0.9215306927558738,-4.077101509112852,-0.13387036899435267,-0.9900060226949619,1.9990257199708108,0.0,-0.0,0.0,0.0,0.0,0.0
1734,-0.9422689241318494,-0.11099867426344755,-2.0350530968314873,-0.5507900144406127,0.41738618537601024,2.0012557022464903,0.0,-0.0,0.0,0.0,0.0,0.0
1735,0.5260945558683799,-0.8009129258789117,-4.33172894227529,-0.19923939233931534,-0.02608730189899619,2.0024000952061205,0.0,-0.0,0.0,0.0,0.0,0.0
1736,0.2737738399098178,-0.234325064267104,-3.7251005621886324,0.8866833080182187,0.12394452573966358,1.998961750414381,0.0,-0.0,0.0,0.0,0.0,0.0
1737,0.787327808707989,0.20751445460664494,0.4557765280817387,-0.25010512575323307,0.5561406185367967,1.9982795353611529,1.9328378726411527e-14,-8.622293359476835e-15,8.880519332405574e-231,0.0004433245633517513,0.00019763485569327624,0.00034684942130216296
1738,-0.7607181131486671,0.6039567269458362,-4.137559161981186,0.7860694305492241,-0.4563892684274045,2.0016638625304575,0.0,-0.0,0.0,0.0,0.0,0.0
1739,0.624402643065341,0.2773674110004532,-4.231065208038544,0.3401324573031994,0.09390142057044616,2.0017226049595385,0.0,-0.0,0.0,0.0,0.0,0.0
1740,0.7242032138236706,-0.5849881609864013,-1.3140888364309113,0.2490838109793291,0.2610633052652635,1.998289411216327,0.0,-0.0,0.0,0.0,0.0,0.0
1741,-0.04858288837886393,0.21193550607147227,0.36425275967633264,-0.3557672178686573,0.35011087809214253,2.0044038992058235,6.920859008913741e-15,4.451994707374465e-15,-6.714924337607532e-284,0.00015584212777011407,-0.00010130206009060571,0.0001438627966915539
1742,-0.6512528999245218,-0.5302591507246363,-2.0439729887141764,-0.17995740726532145,-0.1478856734530421,2.0000000668209124,0.0,-0.0,0.0,0.0,0.0,0.0
1743,0.23920383765878175,-0.052537753815925646,0.0039052065492276794,0.12130532534686943,0.5359224595848605,1.998727839874803,4.235700794228884e-15,-2.0706956249748325e-15,-0.0,9.837441829566707e-05,4.611705930579694e-05,-0.0006633969897805631
1744,-0.3926637149253482,0.107233859569969,-4.404380854855228,0.1477304084532739,-0.501596058838934,2.0002434243360496,0.0,-0.0,0.0,0.0,0.0,0.0
1745,-0.6960605887270174,0.5851592321642439,-2.9882691204105196,0.7545557001631443,-0.5419887066863458,1.9972030306636614,0.0,-0.0,0.0,0.0,0.0,0.0
1746,-0.6001753891955052,0.5478831070167998,-1.3839999202792874,-0.9258688514889969,0.3357468923398314,2.0005569361306526,0.0,-0.0,0.0,0.0,0.0,0.0
1747,-0.0715905865728671,-0.3000604258956723,-2.103562134964059,-0.2634465543385777,-0.25458400814772647,2.000305055171579,0.0,-0.0,0.0,0.0,0.0,0.0
1748,0.749776761454043,0.6298340132632162,-0.03434823278243625,0.35507728449109455,-0.07003967849388677,1.9950946451860836,0.0,-0.0,0.0,0.0,0.0,0.0
1749,0.4556521663648356,0.28089318416729003,-3.995129798528187,-0.12473263711616463,0.3118731485089636,2.0016615448636874,0.0,-0.0,0.0,0.0,0.0,0.0
1750,0.5752930559202046,0.013413475673238634,-3.2393555469683615,-0.46791492303192356,-0.6564390957629499,1.998790374625393,0.0,-0.0,0.0,0.0,0.0,0.0
1751,-0.2947947215552157,-0.8361523564912667,-2.1477794294652823,-0.5224046329641286,-0.6573477244150517,1.997501884967985,0.0,-0.0,0.0,0.0,0.0,0.0
1752,-0.9375756671602258,0.10900733503979367,-0.8686582034489194,0.401910041315681,-0.42626676464491187,1.9990784382546587,0.0,-0.0,0.0,0.0,0.0,0.0
1753,-0.3897007946311934,-0.7599270756428911,-0.4308643533021106,-0.6705474619792228,-0.6916873257650947,2.0030518403917315,0.0,-0.0,0.0,0.0,0.0,0.0
1754,0.6473996834110185,-0.4571531106096737,-3.36948731744476,-0.6599054824988871,-0.5019010417700445,1.9991134059230755,0.0,-0.0,0.0,0.0,0.0,0.0
1755,0.6912555400567125,-0.6672181198943199,-1.7088356642396991,0.00792912052503138,0.7161294905592333,2.0009738961508323,0.0,-0.0,0.0,0.0,0.0,0.0
1756,-0.6448704332007391,-0.08162343785980275,-2.946907427953985,0.37115442741956994,0.8362085225489819,2.000001930553057,0.0,-0.0,0.0,0.0,0.0,0.0
1757,-0.48100177245106085,0.6358330567530376,-0.4838793296073003,-0.42927186913964216,-0.23746354060452368,1.9993676653604295,0.0,-0.0,0.0,0.0,0.0,0.0
1758,-0.9322161734106085,0.2873258272475974,-0.1086481547540763,0.09329638229602401,-0.46167463065571346,2.002359688587119,0.0,-0.0,0.0,0.0,0.0,0.0
1759,-0.0003738504553291932,0.3295138450749975,-3.2906821882496806,0.7983203100468994,-0.5712501840869915,2.0007610538290654,0.0,-0.0,0.0,0.0,0.0,0.0
1760,-0.610856394540696,0.3111665376127183,-4.000622726113025,0.22623185847510188,-0.690716149140889,2.0010165434441127,0.0,-0.0,0.0,0.0,0.0,0.0
1761,0.49026024957798153,-0.8510887901070304,0.4325790052993923,-0.16209074037162174,-0.2061302014290642,1.9954246976108043,7.08228883612878e-15,8.576689352443687e-15,-1.330585765083829e-243,0.0001634960934597892,-0.00019634302119760346,0.00018447892814695775
1762,0.6176149101108126,0.0965540920582847,-2.2142425199019677,0.41086680551239924,-0.8354707776080326,1.997452608319572,0.0,-0.0,0.0,0.0,0.0,0.0
1763,0.7254358536629352,-0.6125500176490922,-0.7598063414369703,-0.6790677991545868,0.6848795532924054,1.9993249144631628,0.0,-0.0,0.0,0.0,0.0,0.0
1764,0.5611236831007395,-0.30078011781822467,-2.0228114700708115,-0.615050517778462,0.7165488310387956,2.002180325346395,0.0,-0.0,0.0,0.0,0.0,0.0
1765,-0.4773988812561555,0.2943170650192859,-0.35891814802704597,-0.7509294080253588,0.42702924381015733,1.9995765198203697,0.0,-0.0,0.0,0.0,0.0,0.0
1766,0.03299408150450234,0.5861894743059597,-3.931402688939759,-0.3613448794786919,-0.2761679989284222,2.0024914388690864,0.0,-0.0,0.0,0.0,0.0,0.0
1767,-0.46501538692468214,0.01880066200718834,-2.2362069089565297,0.6876879643067175,-0.35992238969996393,1.998148693836466,0.0,-0.0,0.0,0.0,0.0,0.0
1768,0.8064934955034804,0.36643663892128414,-1.616122053183585,-0.6285524675116896,-0.223639057048541,1.999026468576945,0.0,-0.0,0.0,0.0,0.0,0.0
1769,0.38740896236121797,0.0414092997894666,-3.8279809401531333,0.27566688118780425,-0.9436029675880909,2.0019956253070044,0.0,-0.0,0.0,0.0,0.0,0.0
1770,-0.3566456028477868,0.6027153088264932,-2.5313609618712527,0.5452231459793816,0.7168845178587688,2.0021968824734433,0.0,-0.0,0.0,0.0,0.0,0.0
1771,-0.43449341898755367,-0.33811282619725685,-2.6981502188424664,-0.517350058142476,-0.4281213336085523,1.9987728991251235,0.0,-0.0,0.0,0.0,0.0,0.0
1772,-0.3752419047907996,0.9006321578585974,-3.8403054603918054,0.6906990574786793,0.1289500405161166,2.0026339523926633,0.0,-0.0,0.0,0.0,0.0,0.0
1773,0.02125460859893741,0.942959752195446,-2.5209477363571433,-0.4803883044692391,0.620589288751,1.997993672044267,0.0,-0.0,0.0,0.0,0.0,0.0
1774,0.8191536398045852,-0.020372666474577892,-1.3198679936469007,0.3660553139167187,-0.8771282440132542,2.0000229476412246,0.0,-0.0,0.0,0.0,0.0,0.0
1775,-0.6973410670147462,-0.02939247245816707,-3.2681321538282866,-0.22285470530116547,0.8082573593401893,1.9955694949501526,0.0,-0.0,0.0,0.0,0.0,0.0
1776,0.08607337195259974,0.5904078958184514,-0.3875955883386111,-0.7506084980675704,0.5896394423207173,1.9989914915558344,0.0,-0.0,0.0,0.0,0.0,0.0
1777,0.08966583729716496,0.9093013853120069,-3.6160534856450797,-0.9117836993812428,0.28356148430771283,2.0007278998974107,0.0,-0.0,0.0,0.0,0.0,0.0
1778,-0.0395238162809756,0.5836048806307053,-1.0870632260184527,-0.2949313281483148,-0.8560080240880132,1.9979769422190214,0.0,-0.0,0.0,0.0,0.0,0.0
1779,-0.47967484475257977,0.6480416991307989,-2.1971906493400644,-0.698492115443793,-0.5585556546046722,2.000559130666137,0.0,-0.0,0.0,0.0,0.0,0.0
1780,-0.7756012180456302,-0.5282231837489443,-0.7825419730296009,-0.5772437202765003,0.004031069077327541,1.9987989046332313,0.0,-0.0,0.0,0.0,0.0,0.0
1781,-0.12009538166165618,-0.8612825923279633,-0.45084260800955106,0.5234247589959599,0.775583615283206,2.0006317472091397,0.0,-0.0,0.0,0.0,0.0,0.0
1782,-0.6814261707921292,-0.30104464966857697,-4.113640714988247,0.34520171869326094,-0.01742181361291782,2.0003398860366626,0.0,-0.0,0.0,0.0,0.0,0.0
1783,-0.8161391791393796,-0.41559960671419965,-3.7395251701300336,-0.5233392183434307,-0.18445859377498622,1.9976515864414268,0.0,-0.0,0.0,0.0,0.0,0.0
1784,-0.7948007958858602,0.513351908488111,-2.99140415112652,-0.7177002894751945,-0.6620492548625507,1.999472802899834,0.0,-0.0,0.0,0.0,0.0,0.0
1785,0.25665762667387887,0.7002830877951879,-1.76853038047616,0.013194270743904448,0.058688858327837386,1.9980620679154752,0.0,-0.0,0.0,0.0,0.0,0.0
1786,-0.719326061016396,-0.16651452181012233,-0.683961690099997,0.5451288371927759,0.17161938278257935,2.000430928162118,0.0,-0.0,0.0,0.0,0.0,0.0
1787,0.6820380813377579,0.10614500355732495,0.04972620568400455,0.3984093161490471,0.27156699751876945,1.9985124621401857,1.2534895055306059e-14,-1.1875652225902908e-15,-0.0,0.00028812292509448754,2.524903331653173e-05,-0.000502255512971792
1788,0.20424217133784253,-0.7662214540828446,-2.8343405260085803,-0.12342527480469527,0.6492402133439508,2.0027632682973215,0.0,-0.0,0.0,0.0,0.0,0.0
1789,-0.7795238376494253,0.5870080531160841,0.26639265587042593,-0.3148040867396567,-0.24528005878911663,1.9995367705692628,-2.3006798833614976e-14,-1.4183897849532967e-14,-0.0,-0.0005282280359660746,0.00032525723417726386,-1.1678375415088817e-05
1790,0.02508713885655959,-0.6934966146884151,-4.262506686051014,0.3965378822090595,0.35633089633389825,2.0014912661063495,0.0,-0.0,0.0,0.0,0.0,0.0
1791,-0.8507802124879097,-0.10220703074464785,-3.369409403802052,0.6071473280059794,-0.7245068227254229,1.999163451272061,0.0,-0.0,0.0,0.0,0.0,0.0
1792,-0.1493934448116179,-0.19164020134868334,0.21526835231721372,-0.25509572091628363,0.06383590843330071,1.9981824007150917,-1.302615374861591e-16,1.0187515587311326e-15,-0.0,-2.196338983249932e-06,-2.273642826495065e-05,-5.4419519155748497e-05
1793,-0.2753418304184749,0.07814281440438096,-1.333037494707083,-0.29244174327376293,0.5342980108943056,2.0005609903568042,0.0,-0.0,0.0,0.0,0.0,0.0
1794,0.22112609739919867,-0.17918824408015716,-1.337505293224711,-0.6909117695648596,0.49300183098052447,2.0009584360395753,0.0,-0.0,0.0,0.0,0.0,0.0
1795,0.4502059740194102,0.1050433548148734,0.24393086842376807,0.6808682278404363,-0.02638301082530451,1.9970946685845066,1.1615493357435543e-14,-1.594510130639197e-15,-0.0,0.0002680057860277662,3.638374178198074e-05,-0.00010366360266885833
1796,-0.5799896945339366,-0.555843941982587,-3.3173186267604278,0.18749271673898774,-0.2839551563903869,2.00117226047672,0.0,-0.0,0.0,0.0,0.0,0.0
1797,-0.42787952179937444,0.6453460386490397,-3.268864620945066,0.12198691943724714,0.6062933846665368,1.9981007628510892,0.0,-0.0,0.0,0.0,0.0,0.0
1798,0.11588718762089563,0.40578884431681833,-0.8753551870333932,-0.3361966014899622,0.6942925488083264,2.003721679319966,0.0,-0.0,0.0,0.0,0.0,0.0
1799,0.09895456842504573,-0.782537305829421,-1.7744136963639354,-0.014085947426216583,-0.025908852610854623,1.9978172862209396,0.0,-0.0,0.0,0.0,0.0,0.0
1800,0.3483077671789963,0.5655107280029706,-2.6402260199713483,-0.18882999504782863,-0.5972306362572284,2.002843813154715,0.0,-0.0,0.0,0.0,0.0,0.0
1801,-0.7236028879353663,0.5571673878776332,-1.0697800509845212,-0.008413728588667093,0.3429770036203612,1.998520214906895,0.0,-0.0,0.0,0.0,0.0,0.0
1802,-0.6815196080007881,-0.11419753274630196,-2.494094621056518,0.22576517487173395,-0.1827611708677526,2.0012218600536587,0.0,-0.0,0.0,0.0,0.0,0.0
1803,0.020383735605865465,0.6027975335738716,-0.3860667465743789,0.35182706384742835,0.9275993556254148,2.000144671571728,0.0,-0.0,0.0,0.0,0.0,0.0
1804,-0.7295151769857232,0.050965042702820686,-1.429305405671524,0.17062504490932412,0.14645483715252183,1.9993046371017384,0.0,-0.0,0.0,0.0,0.0,0.0
1805,0.2484216503292222,0.39311720315301735,0.22989326361687548,-0.10585992590812537,-0.9633714006083128,2.0003498109434665,4.6277424492391185e-16,-3.713358777720683e-15,0.0,1.1864785055411304e-05,8.609696962856514e-05,9.305686099055835e-05
1806,0.4176617448831019,0.5443963958917492,-1.9256906220254346,0.5994635055129746,0.7764071590436792,2.0025501412633866,0.0,-0.0,0.0,0.0,0.0,0.0
1807,-0.4471330965061608,0.35313429882223446,-3.424238978602887,0.7629071938190977,-0.24948196395036476,1.996506999560727,0.0,-0.0,0.0,0.0,0.0,0.0
1808,0.035153716036549265,-0.5727327459280239,-4.299230453666049,0.8563709609358584,0.0648245641611218,2.001739876845547,0.0,-0.0,0.0,0.0,0.0,0.0
1809,-0.10282814033584312,-0.14214723819862152,-0.776150617924047,-0.38206950443529575,0.007062873114162042,1.9993640928677796,0.0,-0.0,0.0,0.0,0.0,0.0
1810,-0.12907610605719635,-0.6641301298933244,-2.862037218604838,0.3522515575372322,-0.7929164944667675,2.0022295420479477,0.0,-0.0,0.0,0.0,0.0,0.0
1811,-0.9308548911194433,-0.25776064644528784,-3.0802821048536866,0.10046161375725966,-0.4368160229930446,1.9980924354797864,0.0,-0.0,0.0,0.0,0.0,0.0
1812,-0.6580949106964281,-0.6451132413708246,-1.15246338814811,0.36247538925242373,0.40541859271282255,1.9959627555595523,0.0,-0.0,0.0,0.0,0.0,0.0
1813,0.3383193918963963,-0.44908434660109237,-1.9162898733446796,-0.7175048931876236,-0.014924023976499732,1.9999290819942832,0.0,-0.0,0.0,0.0,0.0,0.0
1814,-0.7278206591161015,-0.6711651002849944,0.004915213640172507,0.8773307830984117,-0.3269526676843336,1.9975957639785873,-1.456134649736497e-14,1.5557197886716512e-14,-0.0,-0.000334684552807451,-0.0003576554332428752,-0.00026852279184449496
1815,0.699765629093315,-0.16473438148470582,-2.733236296814273,0.7774363506128363,-0.09142426678808854,1.9994403849046443,0.0,-0.0,0.0,0.0,0.0,0.0
1816,-0.5919803759166042,-0.44543583137178994,-1.338441806198694,-0.1768335692347021,-0.7543475976747355,1.9980510623939267,0.0,-0.0,0.0,0.0,0.0,0.0
1817,-0.3667532317407528,-0.3844183685769586,-1.6216392841264875,-0.663376129725288,-0.25132382152533855,2.0021628092699073,0.0,-0.0,0.0,0.0,0.0,0.0
1818,-0.5526491295767804,-0.07444112409651972,-1.1907420320740234,0.2443216209955505,-0.1645914981039371,1.9998453885085579,0.0,-0.0,0.0,0.0,0.0,0.0
1819,0.03336231901092782,0.2735218196074973,-0.10117439965131789,-0.6903521426092216,-0.4473925906261019,2.0002545388166415,0.0,-0.0,0.0,0.0,0.0,0.0
1820,0.3854618897539446,0.5215259311437999,0.27087715739963897,-0.27055127768973763,0.3470752725922768,1.9967329951488606,1.422314050757303e-14,-1.1780596315702178e-14,0.0,0.0003260624189915418,0.0002697241690110859,0.00023020178532355006
1821,-0.8807756406950568,-0.39485421735766807,-3.842016288362827,-0.6187657947632219,0.04551764423713591,2.001004651052963,0.0,-0.0,0.0,0.0,0.0,0.0
1822,-0.7496643976496872,-0.3041930728861101,-1.3803586376765637,-0.3362025128349529,0.8385714824889317,1.9991755616277114,0.0,-0.0,0.0,0.0,0.0,0.0
1823,0.72355695220441,0.08124966985091454,-2.9649387320307454,-0.479645172879059,0.02759962687450299,1.9989824986909326,0.0,-0.0,0.0,0.0,0.0,0.0
1824,-0.004088941061135276,-0.5303161986189809,0.008804595583601072,-0.898079434541616,-0.3987785477682442,1.9997495887981331,-7.26343121001534e-15,1.0033072876919768e-14,-0.0,-0.00016803642778203952,-0.00023112409819650416,-0.0006004689934827951
1825,0.7203408631620973,0.5867886793158842,-0.438052833073921,-0.795160323789959,-0.47287667847463655,1.9979233464708521,0.0,-0.0,0.0,0.0,0.0,0.0
1826,-0.7392849644102155,-0.26382925131704416,-3.924579271887143,-0.19103028610327008,-0.744702611371063,1.9987613359903338,0.0,-0.0,0.0,0.0,0.0,0.0
1827,0.12449226947480034,0.16245921465207716,-3.956267979805392,0.7216173126080149,-0.6606676178765195,2.0016524813185668,0.0,-0.0,0.0,0.0,0.0,0.0
1828,-0.011480204141929608,0.4061800897854002,-1.6431600371853574,0.17028441360121738,-0.3602412737077489,2.001581090012921,0.0,-0.0,0.0,0.0,0.0,0.0
1829,-0.7054275361707988,0.372677533416617,0.017835098269135832,-0.2582869511779646,-0.29661785165603494,2.0012190766542575,-1.0526231195071661e-14,-5.7376217887408155e-15,-0.0,-0.00024163490707065615,0.0001316130863716728,-0.0006060014658368902
1830,0.4017516858094789,-0.2482972672607419,-0.41011286626862686,-0.014511738287806926,-0.09871352705023634,1.9968580153163467,0.0,-0.0,0.0,0.0,0.0,0.0
1831,0.5311836302085027,-0.369499479018831,-2.7063355813485748,-0.8195084988959003,-0.5208872017413801,1.9967807335681056,0.0,-0.0,0.0,0.0,0.0,0.0
1832,-0.31871572465188885,0.45760456538519234,-4.276297486085449,-0.7323994992440154,-0.615244622737157,1.9991971384228722,0.0,-0.0,0.0,0.0,0.0,0.0
1833,-0.5741512222834106,-0.5403213388944125,-2.8574949944050996,-0.027281828651780506,0.42773877184510406,1.998901191619309,0.0,-0.0,0.0,0.0,0.0,0.0
1834,0.4452335507909765,0.6875761700942331,-2.312155772842758,-0.10298860371233204,-0.8819727467511698,1.99967382209035,0.0,-0.0,0.0,0.0,0.0,0.0
1835,-0.2666450825444837,-0.4694171375412631,-2.6379470561894784,-0.43852641803887604,-0.6544502341873678,1.9995673214514451,0.0,-0.0,0.0,0.0,0.0,0.0
1836,0.2182869343254803,0.6876119107582555,-2.4393959146213926,-0.49268534805543096,-0.5873435354705361,2.0023641363140308,0.0,-0.0,0.0,0.0,0.0,0.0
1837,0.8119916299266016,0.37244645539153426,-2.663911316182797,0.09732935080481245,-0.43409962846614525,1.9969594282924261,0.0,-0.0,0.0,0.0,0.0,0.0
1838,0.04992457151385771,-0.8604745255534557,-1.0496366288914594,-0.3102472419278595,0.02625260180452396,2.0003922989911525,0.0,-0.0,0.0,0.0,0.0,0.0
1839,0.3382055651442634,-0.3082020078394267,-4.294835492582868,0.57524428381962,0.3994497450390735,2.001099701946827,0.0,-0.0,0.0,0.0,0.0,0.0
1840,0.6991625163564247,0.42802345884048076,-0.9437392248418408,-0.656865389965414,-0.1347902895807312,2.003077013181772,0.0,-0.0,0.0,0.0,0.0,0.0
1841,-0.726106154896561,0.6411712838614992,-2.225254212073771,0.4135168508952801,0.41538233535974745,2.000053175788945,0.0,-0.0,0.0,0.0,0.0,0.0
1842,0.2649392642353181,-0.5148398464791538,-0.6333557358753957,0.11782819291557843,0.17754176563186103,2.0014858554818145,0.0,-0.0,0.0,0.0,0.0,0.0
1843,0.32430386490565616,-0.44383714519706313,-0.3944635890774821,0.3083685302660305,0.20968315120856207,1.996773629934929,0.0,-0.0,0.0,0.0,0.0,0.0
1844,-0.028944631470342704,-0.6322979641718731,-1.3572586618832003,0.7376224780359083,0.6391273852091993,1.99802807131345,0.0,-0.0,0.0,0.0,0.0,0.0
1845,0.21027903469981785,-0.286009262386872,-4.352537699463835,0.09868199819146672,-0.8229750985099175,1.9989590193627704,0.0,-0.0,0.0,0.0,0.0,0.0
1846,0.18462363975605842,-0.40205279446859754,0.1662556414371951,0.7920555137384822,-0.0665447147616424,1.9980646421485062,8.113175621069866e-15,7.125191254652907e-15,-0.0,0.0001884536651687682,-0.00016352971364759567,-0.00020501323527932202
1847,-0.16706070810035134,-0.8951620940219156,-4.052651673081669,-0.031693044336437076,-0.8808240876887349,1.9979286661569402,0.0,-0.0,0.0,0.0,0.0,0.0
1848,-0.7289435766063297,-0.4188914193800085,-4.414776059105992,0.30193390797783587,-0.5882490857775392,2.0021806108268057,0.0,-0.0,0.0,0.0,0.0,0.0
1849,0.6688676163319343,0.45762678715641397,-3.9430240998943202,-0.2715949965194639,-0.7608351354667527,1.9992991631435966,0.0,-0.0,0.0,0.0,0.0,0.0
1850,-0.22180658023593353,-0.14081484396616717,-3.4205316403577513,-0.25294786187316354,-0.32896805366621057,2.001722249167029,0.0,-0.0,0.0,0.0,0.0,0.0
1851,-0.41622262463612303,-0.44551139764787373,-2.131371141555129,-0.6368043649609142,-0.6534268163314685,2.0005104796242548,0.0,-0.0,0.0,0.0,0.0,0.0
1852,-0.6098964269039712,-0.051547312855784136,-0.7580224931935866,-0.6598179098267195,-0.732783109377253,2.0012507328509717,0.0,-0.0,0.0,0.0,0.0,0.0
1853,0.32739458845066466,-0.2109287104230318,0.09095020129681433,0.020990872682521637,0.4776360496440112,2.003957073527367,6.339605068358047e-15,2.811442011527868e-15,-0.0,0.0001475698972135084,-6.554146827743469e-05,-0.00034932910060932914
1854,-0.41823331382789214,-0.7770016070244431,-3.5991714282801586,0.26452145907209046,-0.0997592324501883,2.001038690819973,0.0,-0.0,0.0,0.0,0.0,0.0
1855,0.04036892923831611,0.5592879650923128,0.39317788308494883,0.20656307094544146,0.39625127092561124,1.9987686386901398,-2.832243045355391e-15,-1.1756739559499987e-14,1.0084574352327595e-266,-6.418224919564986e-05,0.00026979340526424447,0.00037905339988681297
1856,0.5969871089354527,0.4626956818697229,-1.0907846275661368,0.5901841196038341,-0.5936262646996985,1.9981531036030553,0.0,-0.0,0.0,0.0,0.0,0.0
1857,0.1885620958645042,0.6054956276233535,-0.8574859471046027,-0.023129010291923435,0.026202825822936638,1.9975909425179352,0.0,-0.0,0.0,0.0,0.0,0.0
1858,-0.8160226149512166,0.034803007231710835,-0.41010052218521836,0.07078772809716363,0.14284975492198151,2.0013564375846404,0.0,-0.0,0.0,0.0,0.0,0.0
1859,0.6230145852346199,-0.5473739428488871,-1.333122610942607,0.6530073870507649,0.1636317585692933,1.9975704622358217,0.0,-0.0,0.0,0.0,0.0,0.0
1860,0.4320342093324562,-0.25170314643567226,-1.881241194409812,-0.05037063556274327,0.46313601101488117,2.001279069969619,0.0,-0.0,0.0,0.0,0.0,0.0
1861,0.9074008600022423,-0.28746158814753237,-0.3372329753325123,-0.38340303808205545,-0.44444677732286114,2.0005504650028376,0.0,-0.0,0.0,0.0,0.0,0.0
1862,0.043538163054129435,0.47202482709169186,-4.233409780095964,-0.3350997448406234,-0.21154199499557766,2.003535820689252,0.0,-0.0,0.0,0.0,0.0,0.0
1863,0.594972925678107,-0.42420997281079853,-0.36159413397061335,0.3342146425435657,-0.35482669826962066,1.999918529948216,0.0,-0.0,0.0,0.0,0.0,0.0
1864,-0.3714390887689795,-0.554484577977719,-3.32090581229063,-0.15137237989967725,0.4905475680389888,2.005638841540016,0.0,-0.0,0.0,0.0,0.0,0.0
1865,0.151469641177517,-0.5185723758920805,-3.046914015319724,-0.5034594445833757,0.10331887543266587,1.9985116472961966,0.0,-0.0,0.0,0.0,0.0,0.0
1866,-0.3006884852742036,-0.3142897615898754,-0.9336042102783852,0.5074667079227756,0.7184337813985492,2.0003953538928707,0.0,-0.0,0.0,0.0,0.0,0.0
1867,-0.25114201688060256,0.016175502938964005,-0.16275557442453123,0.6508972840066749,-0.5080671695076463,1.997129463711353,0.0,-0.0,0.0,0.0,0.0,0.0
1868,0.15594736030070552,-0.6310813305226589,-3.2841754645244743,0.7010177526930326,0.467216734764181,2.0012434280499765,0.0,-0.0,0.0,0.0,0.0,0.0
1869,0.11425505750999651,-0.042940958626920794,-1.3144174031120757,0.6177332661609266,0.14178779991080476,2.0001649214872286,0.0,-0.0,0.0,0.0,0.0,0.0
1870,0.06969873106218623,0.3424376121270083,-4.076451886142198,-0.15214162467762785,0.5589035694673076,2.002207949393088,0.0,-0.0,0.0,0.0,0.0,0.0
1871,-0.21336812268067112,-0.6695504242767377,-2.9793607897729553,0.21340789065211416,-0.49047967095697526,1.998636307563969,0.0,-0.0,0.0,0.0,0.0,0.0
1872,0.4556491391291913,0.36198064806000646,-2.5405786239824826,0.49493342736373735,-0.7269524197356384,2.0017562062934333,0.0,-0.0,0.0,0.0,0.0,0.0
1873,0.5734487692036717,-0.5340427311452483,-0.2643539127474081,-0.7804643576630547,0.4803214119694701,2.0025170331993687,0.0,-0.0,0.0,0.0,0.0,0.0
1874,0.32605970174629534,-0.7567158413468387,-2.909669271381328,0.6945535354566211,-0.23644023900732217,1.9987112860039655,0.0,-0.0,0.0,0.0,0.0,0.0
1875,-0.22072179174593343,0.3442275906405204,-0.6583761835641451,-0.887040487161809,0.3029809393273816,2.0038493002319435,0.0,-0.0,0.0,0.0,0.0,0.0
1876,-0.8191909105831761,0.4826567297846519,-2.92948657164665,0.3739935340625831,-0.3104516559519773,2.0004749845620244,0.0,-0.0,0.0,0.0,0.0,0.0
1877,0.1122545657525714,-0.5661388416481101,-4.393100866729778,-0.6665346295124778,-0.5169392710793591,1.9978067361168101,0.0,-0.0,0.0,0.0,0.0,0.0
1878,-0.36984756732047513,0.5859145580058436,-3.270960905796574,0.7030026785594607,0.14252653558050815,2.001270550400259,0.0,-0.0,0.0,0.0,0.0,0.0
1879,-0.7267244410809314,-0.198388145339007,-1.374563946504583,0.15488615792224514,-0.7289355483456598,1.998753667138979,0.0,-0.0,0.0,0.0,0.0,0.0
1880,0.06961040007744536,-0.863851104959885,-2.7022930636878333,-0.2296856481968796,0.4868490038689085,2.0002017120731606,0.0,-0.0,0.0,0.0,0.0,0.0
1881,-0.2941375625837854,-0.8669729969791546,-1.3427601700255862,0.37403947922404657,-0.31438459016754117,2.0029776432604103,0.0,-0.0,0.0,0.0,0.0,0.0
1882,0.4789342353911653,-0.8577197589366616,0.01411236130057287,-0.1559605256239376,-0.5295720569916149,1.9963504698665355,1.1272405891540274e-14,1.8984945602653556e-14,-0.0,0.0002604817094112511,-0.0004351233213163309,-0.00029450380028036644
1883,0.9249515605955446,-0.3724658390868695,-0.6527167022534849,0.4105670419477234,0.5925027113222964,2.0025925387041146,0.0,-0.0,0.0,0.0,0.0,0.0
1884,0.1623466707550738,0.4090904837059868,-0.877664479037338,-0.1118535860419374,0.3437885836759176,2.003902522380575,0.0,-0.0,0.0,0.0,0.0,0.0
1885,0.36490770141514556,-0.34199076740495693,-1.6383849144286697,-0.43991753184698107,-0.7116233039129417,1.9998523322394264,0.0,-0.0,0.0,0.0,0.0,0.0
1886,0.6214432952919796,0.18927561843505034,-3.916888617573935,0.1573709044333269,0.5259679058399357,2.001271017955509,0.0,-0.0,0.0,0.0,0.0,0.0
1887,-0.08053573548907439,0.402615623833996,-2.58787441517134,-0.16792717347765848,0.8062306004924581,1.9966869355090164,0.0,-0.0,0.0,0.0,0.0,0.0
1888,-0.30074427156218225,-0.915835696315059,-0.16364636489389633,0.31556475070655493,-0.4509407237031111,2.000993886263679,0.0,-0.0,0.0,0.0,0.0,0.0
1889,-0.015903679414581033,-0.9817120537148954,-0.9374087885254697,-0.7608134096239304,-0.14021806402419956,2.002086553534307,0.0,-0.0,0.0,0.0,0.0,0.0
1890,-0.4905549778563246,-0.6890204669403233,-0.7430097256205644,-0.71059025626969,0.46734591186234914,1.9997901314142446,0.0,-0.0,0.0,0.0,0.0,0.0
1891,-0.08356204355946248,-0.9004293221133709,-2.7116630729311275,0.2790284190038241,0.7213751921498528,2.0008134524463395,0.0,-0.0,0.0,0.0,0.0,0.0
1892,0.34516602471770536,-0.9279889141693408,-2.580160289067864,0.3873479124361107,-0.023006700732295826,1.997048443701043,0.0,-0.0,0.0,0.0,0.0,0.0
1893,0.7449303248222994,0.493167038893295,-1.3670552144150376,0.3326047539876296,0.11289773789632546,1.997812694294917,0.0,-0.0,0.0,0.0,0.0,0.0
1894,-0.15057594400633004,-0.056181044867909403,-2.8444607836490374,0.26661098394193955,-0.4488620197981068,2.001663715696836,0.0,-0.0,0.0,0.0,0.0,0.0
1895,0.047331368083400195,-0.3884146611652343,-0.052446732997666175,-0.5028338691080887,-0.40718611356695783,1.99838222433467,0.0,-0.0,0.0,0.0,0.0,0.0
1896,0.5391908827558444,0.4608337347651562,-3.7022431571741814,0.08961981872767599,0.12907039382286822,1.9986599533746507,0.0,-0.0,0.0,0.0,0.0,0.0
1897,-0.13627726328181872,0.6200981676745493,0.1018627839954018,0.30949377743888923,0.5212517613236424,2.000774211309929,-5.8814847123459345e-15,-1.8681041107876253e-14,-0.0,-0.0001351003992846813,0.00042930975750508633,-0.00019645228021018346
1898,-0.7481158318930863,0.4508581870165465,-3.432033520486813,-0.46331493375612637,0.039876245714098466,1.9967509499827636,0.0,-0.0,0.0,0.0,0.0,0.0
1899,0.8504589748068838,-0.05206227123595642,-0.8768942814173855,0.3762330534568019,0.23314596310337263,2.003088395002694,0.0,-0.0,0.0,0.0,0.0,0.0
1900,-0.6680775285650715,0.15656674584044983,-3.9570928126418945,0.7934694031776759,-0.5247795195543581,1.9998076320884826,0.0,-0.0,0.0,0.0,0.0,0.0
1901,0.12440397853246919,-0.02016828166276572,-2.3216199881609185,0.13202412477940442,-0.4416057689288141,1.998159156208183,0.0,-0.0,0.0,0.0,0.0,0.0
1902,0.17452346837193466,-0.8438362039025445,-2.323381828976876,0.4052076316976593,0.07085811884456089,2.0018300853868607,0.0,-0.0,0.0,0.0,0.0,0.0
1903,-0.45508174549780533,-0.6825400944472599,-2.2299982264155385,0.342169359595537,-0.1588394936688293,2.0025313230896797,0.0,-0.0,0.0,0.0,0.0,0.0
1904,0.569963211524676,0.6228886728239905,-3.4556381882278133,0.3768596863478495,-0.540489737662887,2.0027695906226617,0.0,-0.0,0.0,0.0,0.0,0.0
1905,-0.0021454591859194965,0.048816283587901056,-0.10047089566124454,-0.12701907622064584,0.4702881448831403,2.0017711322993073,0.0,-0.0,0.0,0.0,0.0,0.0
1906,-0.16228730209541245,0.5003872317759972,-1.2045657838206218,0.4337950655232347,0.38698742851123374,2.0039298072050955,0.0,-0.0,0.0,0.0,0.0,0.0
1907,0.2286193783140493,0.585778268227,-3.7265362693319606,0.32506432688328396,0.6790168433222173,2.0006959921004825,0.0,-0.0,0.0,0.0,0.0,0.0
1908,0.09831611708799927,0.6022117818258783,-3.6885494560315384,-0.07525489654635081,0.7515984279139816,2.000777747425581,0.0,-0.0,0.0,0.0,0.0,0.0
1909,0.07562370910562742,-0.33246072656192216,-1.66142430244956,-0.4176305383214542,-0.4525608784311817,2.0025502075393566,0.0,-0.0,0.0,0.0,0.0,0.0
1910,0.5650818757627273,0.6605073114114534,-2.9926720249463252,-0.5512383454409163,0.5973845347891661,2.0017037706257046,0.0,-0.0,0.0,0.0,0.0,0.0
1911,-0.3748060606562674,-0.44870518665760795,0.12926707084272834,0.6617360158491301,0.29879661147910647,2.000430437980305,-9.842054534743035e-15,1.4687423244372863e-14,-0.0,-0.00022565171653390477,-0.0003373228311989736,-0.0003552623274260658
1912,-0.8142135625507093,-0.2471519525802892,-1.9554873841038773,0.9811291892570102,0.10266483652437718,2.002937351607354,0.0,-0.0,0.0,0.0,0.0,0.0
1913,-0.7170747083883721,0.26300086404632267,-0.9183515814621745,-0.6430995099803553,-0.4493791404305162,1.997320891179238,0.0,-0.0,0.0,0.0,0.0,0.0
1914,-0.6285944878664638,0.2933588768619721,-1.6977799234398951,0.3672518172989447,-0.8773061202531759,2.0050535258268427,0.0,-0.0,0.0,0.0,0.0,0.0
1915,0.10276986531186204,-0.3960510670188831,-2.2415884836960642,-0.2843349931820449,-0.5047773070766186,2.0022614960054503,0.0,-0.0,0.0,0.0,0.0,0.0
1916,0.44569253350369026,0.0015706177542321323,-1.6563967477448014,-0.4396491839288954,-0.3776465285369223,1.9982969289693224,0.0,-0.0,0.0,0.0,0.0,0.0
1917,0.9216554169233689,0.25701551749465135,-1.9549629360840597,-0.12198378608351362,-0.885931696505177,2.0017365178917714,0.0,-0.0,0.0,0.0,0.0,0.0
1918,0.5729702721115413,-0.6209259123720168,-3.9010386158460104,-0.9311575886473472,-0.26603075002447085,2.0024455235515832,0.0,-0.0,0.0,0.0,0.0,0.0
1919,0.8014936021488597,-0.2840932080642791,-1.8357307945449743,-0.3875096837426422,-0.5299001885397775,1.9977364705980567,0.0,-0.0,0.0,0.0,0.0,0.0
1920,-0.806638448443761,0.4180225804678625,0.20797859103695734,0.2527065831522598,0.7633975633094026,2.0033026746321516,-2.150305699821207e-14,-1.7061281641493934e-14,0.0,-0.0004922979717255556,0.0003910578067704744,6.390955965536335e-05
1921,-0.3004068450146537,0.9246327246906179,-0.9894416062289878,0.41119266140043514,0.5729624330365258,1.9987374488037912,0.0,-0.0,0.0,0.0,0.0,0.0
1922,-0.3867907135126588,-0.6402536941321585,-2.134701118588767,0.23965705817629593,0.5646374039058495,1.9981588035581759,0.0,-0.0,0.0,0.0,0.0,0.0
1923,0.5647378759762394,-0.6496357020857744,-3.867853732828475,0.41095346594459087,-0.5345594689746985,1.9995698342101134,0.0,-0.0,0.0,0.0,0.0,0.0
1924,-0.3097863377330167,-0.9444533511807236,0.1376364286895344,-0.3150870782875136,-0.4435677049356243,1.9959990722053613,-1.1107424021210543e-14,2.2733416881243852e-14,-0.0,-0.0002550933585266307,-0.0005229970365083968,-0.00019281710541342603
1925,-0.8386732273649189,0.24168338870768602,-4.096580198011169,0.4303601653683045,0.5363493642045919,2.002919566127875,0.0,-0.0,0.0,0.0,0.0,0.0
1926,0.12099217950605015,-0.5533851733720039,-3.424105143170808,0.25046818796983983,-0.1674071686553544,2.0012294992027697,0.0,-0.0,0.0,0.0,0.0,0.0
1927,-0.5987821085151515,-0.40220796754836385,-4.320204671151718,0.800938100989594,-0.0021584742197688768,2.000141921268626,0.0,-0.0,0.0,0.0,0.0,0.0
1928,0.24370549504938963,-0.9562469053048624,-1.95454875401594,-0.6069018871826722,0.12309438060111767,2.0035549517084057,0.0,-0.0,0.0,0.0,0.0,0.0
1929,-0.04526836619600517,0.6340822714127154,-3.428249335876506,0.8837981343356064,0.10605990624644897,2.0008895678685286,0.0,-0.0,0.0,0.0,0.0,0.0
1930,-0.4092315287191267,-0.5332017191834899,-3.240616665120686,0.7808837147147785,-0.3856164868878096,1.999906880302613,0.0,-0.0,0.0,0.0,0.0,0.0
1931,-0.019199582647349677,-0.19696062882646326,-1.1073521033060092,-0.2287426046574642,-0.23537046436337264,2.004163383438544,0.0,-0.0,0.0,0.0,0.0,0.0
1932,0.058104728427063136,0.9575988669447553,-3.663522821309951,0.17279609998090778,-0.1263226686999478,2.003468847696598,0.0,-0.0,0.0,0.0,0.0,0.0
1933,0.7509978635927026,0.4605905092162911,-2.24636244714924,0.6292708831495702,0.25330445631125664,1.9979658862872214,0.0,-0.0,0.0,0.0,0.0,0.0
1934,0.041592929378319335,-0.06945635885407415,-2.874674626760225,0.2799817673098629,0.8212897985560622,2.001041280270961,0.0,-0.0,0.0,0.0,0.0,0.0
1935,0.1765086035400792,-0.3559637496904339,-2.47573455133545,-0.8317435748829505,-0.4160595795386534,1.9992110200134565,0.0,-0.0,0.0,0.0,0.0,0.0
1936,0.19137153139189747,0.8010014487034962,-4.4328263569889605,-0.474703155293667,-0.8767668495882747,1.9982241756229961,0.0,-0.0,0.0,0.0,0.0,0.0
1937,0.8475230724052317,0.3115978005632979,-1.6466513842005415,-0.1409317102915996,-0.04081627167642973,1.9989403596948496,0.0,-0.0,0.0,0.0,0.0,0.0
1938,0.7008024814121906,-0.058369341645147954,-2.159529825496216,0.6291882751565494,0.357417902131636,1.9935738003114867,0.0,-0.0,0.0,0.0,0.0,0.0
1939,0.44580278372556303,0.21389946600906454,-1.5941598048145553,-0.18204486408631887,0.15040758881755104,1.9985398304839173,0.0,-0.0,0.0,0.0,0.0,0.0
1940,0.8724843437871518,0.4024224948151687,-1.20603205281762,0.2311300661439682,-0.9661385152020906,2.002283581563651,0.0,-0.0,0.0,0.0,0.0,0.0
1941,-0.5572200241271329,-0.2511471110925796,-0.6355717243119678,-0.5334917704470196,-0.5248643155858387,1.9973209777376317,0.0,-0.0,0.0,0.0,0.0,0.0
1942,-0.8951754602417196,-0.20218403534184742,-1.9049470129766772,0.6738364912020617,-0.5665271817919028,2.0028783028732975,0.0,-0.0,0.0,0.0,0.0,0.0
1943,0.6946956581184183,-0.5657901129150544,0.36368499333646814,0.25597130006989066,-0.3315527475601129,2.0005071959984893,7.455872476915203e-15,1.1155186288421026e-14,3.51540320980532e-283,0.00017009703965565788,-0.0002574373222487336,-5.712992122622096e-05
1944,-0.11210624458832338,-0.5803747820530496,-0.8552365115151479,-0.26109121441467525,-0.9615636882585247,2.000842540811029,0.0,-0.0,0.0,0.0,0.0,0.0
1945,-0.5164021913794823,-0.06495657641077365,-0.379924568035242,-0.2810151095104862,-0.2629816406016852,2.0019308602554635,0.0,-0.0,0.0,0.0,0.0,0.0
1946,-0.00685496953112129,0.4981950140517247,-0.0767257701071399,-0.40700156186158926,0.2870102474006572,1.9955654676961652,0.0,-0.0,0.0,0.0,0.0,0.0
1947,0.6304141321375104,0.19799115157154135,-0.23201842113173038,0.11599976745966263,0.4308502331872654,1.9995447303556546,0.0,-0.0,0.0,0.0,0.0,0.0
1948,-0.06448811979830815,-0.5734216525026847,-0.934221263057273,0.5299967825643223,-0.08343012247366362,1.9974104251291325,0.0,-0.0,0.0,0.0,0.0,0.0
1949,-0.12128569180743065,0.11706701299051583,-0.7492886038563612,-0.9634497603040406,-0.07375760360215053,1.9998681900710429,0.0,-0.0,0.0,0.0,0.0,0.0
1950,-0.09660359738161758,-0.2102032366557179,-2.1555657060391527,0.7219442057411829,0.2737680717072299,2.0006179484519824,0.0,-0.0,0.0,0.0,0.0,0.0
1951,0.7846663869666021,-0.34346331590167867,-0.9244068730227158,0.49275822600146907,0.005736015917542495,2.000298408668768,0.0,-0.0,0.0,0.0,0.0,0.0
1952,-0.012724225786059234,0.967767356194102,-3.6086395087204663,0.8551621074550843,-0.1764921243012599,1.996748832755263,0.0,-0.0,0.0,0.0,0.0,0.0
1953,-0.8416723310111041,0.07368579057034226,-0.740621285094955,-0.1556583192000567,-0.4962107023527786,2.0006395377905366,0.0,-0.0,0.0,0.0,0.0,0.0
1954,-0.01752594942866762,-0.30014360578945287,-1.0477515225670389,0.29565080822605105,0.29379859498915795,1.9987371546151071,0.0,-0.0,0.0,0.0,0.0,0.0
1955,-0.6428390629877981,0.1062496348359209,-1.1968210559464074,-0.4392551765078143,0.6062348174157278,1.998933976844434,0.0,-0.0,0.0,0.0,0.0,0.0
1956,0.02888461738527075,0.012395729528488315,-4.173424455777519,0.8841302746041894,-0.3786503725951245,2.0002179058451945,0.0,-0.0,0.0,0.0,0.0,0.0
1957,-0.4712064957330288,-0.2724867374039885,-2.713124338124291,-0.7588881534693056,-0.6482871121642159,1.9989639712546752,0.0,-0.0,0.0,0.0,0.0,0.0
1958,-0.06333826662605924,-0.13171250041600727,-1.982878837702422,0.3648061603226872,0.6961382617673914,2.0006020083916485,0.0,-0.0,0.0,0.0,0.0,0.0
1959,0.8659515030536367,-0.031021941891222916,-2.0263255296111353,-0.8463134169398911,0.001424658422820534,1.9981026361370777,0.0,-0.0,0.0,0.0,0.0,0.0
1960,0.16189330602242297,0.018271778015981645,-0.4583408422080746,-0.5963300956986243,-0.47152629811277597,1.9984342061710367,0.0,-0.0,0.0,0.0,0.0,0.0
1961,-0.0033560239903239965,-0.09686114910897983,-0.9227346120908226,-0.2508516405950184,-0.24972043745984696,1.9970250161420324,0.0,-0.0,0.0,0.0,0.0,0.0
1962,-0.6371243876653129,0.4300609168745957,-3.507783795046999,-0.20381868974639195,-0.7536770089011916,1.9998971688019056,0.0,-0.0,0.0,0.0,0.0,0.0
1963,0.392990110237311,-0.1857585689484752,-1.162085190927314,0.2915883055949629,0.9242353337688397,2.0018723578578017,0.0,-0.0,0.0,0.0,0.0,0.0
1964,-0.1291220429151518,-0.5506609032685603,-2.446037783129668,0.06989106665645928,-0.7081653996256815,2.001329534781225,0.0,-0.0,0.0,0.0,0.0,0.0
1965,0.37781114224403034,0.1868153540268531,-0.5658707231654945,-0.30190955027109245,-0.7693248795953007,2.002211222174391,0.0,-0.0,0.0,0.0,0.0,0.0
1966,0.08824236539368707,-0.7335940269172877,0.14084055761002334,0.6745073583485957,-0.29292049443818285,1.9987361981233347,1.0845498725871615e-14,1.7110037236821836e-14,-0.0,0.00025066047725999605,-0.00039295320806636663,-0.00031949943121106674
1967,-0.36691679482944445,-0.5775915758211884,-3.3781916219552826,0.7631918924656755,-0.1743139623538556,2.0023302340882445,0.0,-0.0,0.0,0.0,0.0,0.0
1968,0.44553120927857204,0.1365274582424795,5.9654979708517744e-05,0.4237214351826153,-0.6762667450024541,1.9981131137726973,0.0,-0.0,0.0,0.0,0.0,0.0
1969,0.3544619600360706,-0.04230108001185129,-4.342907143182502,-0.7929047195665346,0.45530698838636063,2.001086670389517,0.0,-0.0,0.0,0.0,0.0,0.0
1970,-0.7441264414173501,-0.515610425483324,-3.138523468930766,0.1905392551181868,-0.6816767405137016,2.0000224544938288,0.0,-0.0,0.0,0.0,0.0,0.0
1971,0.47542116176518073,0.33957407383539,-1.6289308298938479,0.7243486308936061,-0.07344515746398227,1.9994668661858923,0.0,-0.0,0.0,0.0,0.0,0.0
1972,0.07756070191220991,-0.3243629795855095,-2.8193459914131207,0.027149623198663594,0.6386644046205486,2.001776532996839,0.0,-0.0,0.0,0.0,0.0,0.0
1973,-0.01981337067583141,-0.9729667680935296,-0.4447115503915867,0.26563879841538335,-0.4652221186940642,2.0022738400074545,0.0,-0.0,0.0,0.0,0.0,0.0
1974,-0.16162677684702625,0.6029091436401154,-0.4730906311611108,-0.24445095777602183,0.6071998588196512,1.9976492282407454,0.0,-0.0,0.0,0.0,0.0,0.0
1975,0.10133877656396205,-0.632457359827687,-1.3644237160307697,-0.48854801972338785,0.4709116004634592,2.0003998271992223,0.0,-0.0,0.0,0.0,0.0,0.0
1976,-0.6962451539062199,0.16330188650719696,-4.132943965503947,-0.8605439847338233,0.43160459858855266,1.9977640796032978,0.0,-0.0,0.0,0.0,0.0,0.0
1977,0.3842162485566823,-0.8158901521745536,-3.0191653675498937,-0.1829043911015272,-0.16678769573625984,1.9979197742585264,0.0,-0.0,0.0,0.0,0.0,0.0
1978,0.591028150050634,0.13127966907046432,-3.196368453247564,-0.8681858377591528,-0.4322670196209765,2.0012918890601576,0.0,-0.0,0.0,0.0,0.0,0.0
1979,0.5952903726658196,-0.04037940282026307,0.2953213346424857,0.3743682453138111,0.5547941612345371,1.9993024755237168,-1.7116898730342906e-15,-1.7750447481438762e-15,0.0,-4.2370123714365354e-05,3.9634077229951906e-05,4.899774285095129e-05
1980,-0.8805660382678159,-0.34877574602505923,-4.422683264211178,-0.5311630188355055,-0.567452736317126,1.9989606928429373,0.0,-0.0,0.0,0.0,0.0,0.0
1981,0.3032930096803052,-0.6109484798310899,-0.8655093273904997,-0.08610003455482265,0.6564308535422634,2.0014854668205597,0.0,-0.0,0.0,0.0,0.0,0.0
1982,-0.07674066505989556,-0.047363893849483855,-4.363804565645585,-0.011611188431443436,0.858230536615455,2.0021139568654944,0.0,-0.0,0.0,0.0,0.0,0.0
1983,0.2625313603697466,-0.43268209274386243,-3.395587534716923,-0.23821285117857577,-0.7173724930846275,2.0005188937821963,0.0,-0.0,0.0,0.0,0.0,0.0
1984,0.05219423765903479,-0.9531174622084357,-2.236150240095677,0.7984095035179328,-0.26247525907802566,2.0039322042476884,0.0,-0.0,0.0,0.0,0.0,0.0
1985,0.8207906958566793,0.12410218582850936,-3.210986607281866,0.4951043144398334,0.5442820874469064,2.0010598645684228,0.0,-0.0,0.0,0.0,0.0,0.0
1986,0.015744308827377387,0.9107889700180785,0.391661874174769,-0.9348132276133744,-0.03809357915748077,1.9991544361910816,-2.1439464940217706e-15,-1.8448679202794392e-14,3.4519285795922067e-267,-4.983041014933541e-05,0.00042344663490647615,0.00017938398757980515
1987,-0.015591293778149,-0.14589721090118274,-4.179555006346825,0.026683123676257314,0.04705818029094904,1.9995660466680376,0.0,-0.0,0.0,0.0,0.0,0.0
1988,-0.513627046664176,-0.2242820341529221,-0.673313408639977,-0.2446809250685952,0.2726945072586416,2.0008404968769526,0.0,-0.0,0.0,0.0,0.0,0.0
1989,0.19473450417251706,-0.543655923920362,-2.9195563361906,-0.43851631863746393,-0.6715106005579529,2.0003378304916084,0.0,-0.0,0.0,0.0,0.0,0.0
1990,0.1659238909694449,0.8783838796946606,-0.4684996326259733,-0.15643221757805292,-0.30294897674180793,2.003318759239904,0.0,-0.0,0.0,0.0,0.0,0.0
1991,0.4883307915452382,0.5831638225841519,0.19904598315837257,0.7435444296237436,0.43515074280089877,1.9963364074128649,-1.8770988587352685e-15,1.6410923863225965e-14,-0.0,-6.97074447838499e-05,-0.0003666897886753037,-0.0012270277127868472
1992,-0.12967501138080476,0.9797213113426301,-2.1387765305518003,0.05653910964378673,-0.0968328742791547,2.0003247371234334,0.0,-0.0,0.0,0.0,0.0,0.0
1993,-0.9164863869844487,-0.004618554413777703,-1.6144730417791955,-0.005918198505731083,0.34097030229879777,2.0041745058218723,0.0,-0.0,0.0,0.0,0.0,0.0
1994,0.5630377991970159,0.6230776128682424,-2.630267203567112,0.6409861454105923,-0.10096744884827312,1.997007887113694,0.0,-0.0,0.0,0.0,0.0,0.0
1995,-0.6327051260380229,0.21996585123550969,-3.103330093659583,-0.677433933817004,0.4507178411475688,2.0047239783109765,0.0,-0.0,0.0,0.0,0.0,0.0
1996,-0.12082516194844356,0.3658076562842289,-3.09057551020111,-0.9717751722414947,-0.2155996307392914,2.0005270298038083,0.0,-0.0,0.0,0.0,0.0,0.0
1997,-0.4328371295106421,-0.2696347581230255,-1.2741296242558524,-0.24151242238814902,0.19394205899667993,1.9984021344719605,0.0,-0.0,0.0,0.0,0.0,0.0
1998,0.22056102744615175,-0.8115562104916806,-4.251463126735836,-0.08196513707932696,0.014132153419647447,1.99909787992983,0.0,-0.0,0.0,0.0,0.0,0.0
1999,0.4146267730081635,0.18993709112230459,-1.4556884665938667,-0.21052374339042854,0.3643595669877269,2.000232886845704,0.0,-0.0,0.0,0.0,0.0,0.0
2000,0.22310335562023614,0.37006997393784447,-3.2172953000656386,0.020878638163176557,-0.8016200420773083,2.001597144186105,0.0,-0.0,0.0,0.0,0.0,0.0
2001,-0.3725038306006181,0.05432807780154219,-2.2962411270383316,0.19326194995537582,0.7957245382463142,1.9982243833148348,0.0,-0.0,0.0,0.0,0.0,0.0
2002,0.5123637047780734,-0.037904532012486475,-3.6172626394399505,-0.43200149112659775,0.009912924439258104,2.0020441790319734,0.0,-0.0,0.0,0.0,0.0,0.0
2003,-0.47313151608582976,0.7556755114208282,-3.8529127323796315,0.6928205132321762,-0.720999388361527,1.9992851632935544,0.0,-0.0,0.0,0.0,0.0,0.0
2004,-0.369612475718204,-0.7737105087381868,-2.306497346759145,-0.061673504458837736,0.24178462640236728,2.0021254153061334,0.0,-0.0,0.0,0.0,0.0,0.0
2005,0.9323730416451107,-0.13360693683137084,-1.0821664107811972,0.443266956148081,0.005976457540641282,2.0012270282264297,0.0,-0.0,0.0,0.0,0.0,0.0
2006,0.46483216247724934,0.07910515009250402,-0.5969083506295766,-0.6047462937628943,0.6469309000573013,1.9987959986321369,0.0,-0.0,0.0,0.0,0.0,0.0
2007,-0.31084926635363497,-0.3307123834520889,-1.8417913200380471,0.7091472730047915,-0.6794061148184674,2.002564127204681,0.0,-0.0,0.0,0.0,0.0,0.0
2008,0.17271891958043414,0.5299506748289753,0.34307139149847504,-0.18378573803232368,-0.9273083565029383,2.0014934075157016,8.462820140076866e-15,-1.4552837190358033e-14,2.041188668424338e-295,0.0001941833114158489,0.0003327495508446295,0.0003322436304058237
2009,-0.2896661253141704,-0.4264456615486674,-1.125620959191917,0.5602308875357139,-0.6600897199101143,2.000684810330197,0.0,-0.0,0.0,0.0,0.0,0.0
2010,-0.48172828906486204,-0.5687927434815754,-1.3107229070361113,-0.35287318277238633,-0.29315926074223003,1.998315933162116,0.0,-0.0,0.0,0.0,0.0,0.0
2011,-0.6783670940259112,-0.5240801179549037,-3.931182550092716,-0.1231346646272076,-0.21131812307807998,1.9991659021603019,0.0,-0.0,0.0,0.0,0.0,0.0
2012,-0.03848356125544897,-0.5294204326345229,-2.840694075805389,0.5929876484497555,-0.2753003281166627,2.000252892705872,0.0,-0.0,0.0,0.0,0.0,0.0
2013,-0.778493307749393,-0.03915406243965926,0.34355504419448535,0.12840491513813646,0.2406890762544458,2.001163739658141,-2.1068030829422928e-14,-1.0050990372636487e-14,1.0529856731341277e-294,-0.0004827662079639736,0.00023038648642373144,0.0002125097498790441
2014,0.15708579875717596,0.09991028919810124,-2.42383360735405,-0.6189057593335646,-0.7070641412205035,1.9990102025341971,0.0,-0.0,0.0,0.0,0.0,0.0
2015,-0.9235820430577094,0.18142965704369937,-1.485606309253404,-0.4019744282167687,0.07659188110344978,1.9956718239878428,0.0,-0.0,0.0,0.0,0.0,0.0
2016,0.9251926120487579,-0.10889035146885309,-0.9705892124009534,-0.4258785243937393,0.3368173368987751,2.001527778665978,0.0,-0.0,0.0,0.0,0.0,0.0
2017,0.1327452138786704,0.8786165677176292,-4.0212193922392405,0.8388753388350345,-0.10629617999470904,1.9987767358416135,0.0,-0.0,0.0,0.0,0.0,0.0
2018,-0.42853824293509135,0.7553703686635387,-3.989569837243728,-0.15963240417837105,-0.21096570024505212,2.0000217355956735,0.0,-0.0,0.0,0.0,0.0,0.0
2019,-0.9421655391689285,0.3286826694405246,-0.3672423460239105,-0.6204594571957747,-0.6171383326980906,1.9978512716980008,0.0,-0.0,0.0,0.0,0.0,0.0
2020,0.6027131914764483,0.06467589507367619,-3.658776021633025,-0.4624545641386232,0.4800519140422755,1.9986740624101447,0.0,-0.0,0.0,0.0,0.0,0.0
2021,-0.3612905879804637,0.26437321747255815,-3.1155399775905415,0.4510106287481383,0.3359940776155859,2.0023272454706573,0.0,-0.0,0.0,0.0,0.0,0.0
2022,0.023288165781471245,-0.003020004476192615,-3.325143966814019,0.8800113208095098,0.1535501429758581,1.9998453828139156,0.0,-0.0,0.0,0.0,0.0,0.0
2023,0.493539742606407,0.5917813599638706,0.21377404129297603,-0.13228877003540654,0.486132756604027,2.001824376699874,3.841845654728241e-14,-4.6089113221755904e-14,0.0,0.0009082236969190031,0.001045443639234158,0.0011883446035895625
2024,0.9449093360848434,0.18565180540466317,-2.471625518553366,-0.29948963098627235,0.6092574071615919,2.001101741415786,0.0,-0.0,0.0,0.0,0.0,0.0
2025,-0.11706369772478906,0.23159523313736952,-3.768609427521352,0.7839208671633747,0.20194402141812381,2.0022924683551016,0.0,-0.0,0.0,0.0,0.0,0.0
2026,-0.3681997168677647,0.7653953281863208,0.21597141731028216,-0.42057639832019517,-0.5964527046941555,2.0007227253496342,-1.0886135117389672e-14,-2.238398793737507e-14,0.0,-0.0002524145720380473,0.0005235641805640021,0.000476567073179079
2027,-0.4786753776552722,-0.07838455601423103,-2.5389867769820897,-0.1972010309603104,0.74384001971505,2.0038819479488295,0.0,-0.0,0.0,0.0,0.0,0.0
2028,-0.25094417107945005,0.3452943414266684,0.007289669631441596,0.013193694743240267,0.922934550860571,2.001538979316001,-4.8134719657518635e-15,-1.8069671945550584e-15,-0.0,-0.000110421745055071,4.157082630233088e-05,-0.0006760547183813324
2029,-0.8143835087551312,0.42394102496906816,-0.29836981268025536,-0.3585990536952057,0.8247010422669677,2.0016433628557975,0.0,-0.0,0.0,0.0,0.0,0.0
2030,-0.49500797907681787,-0.2964372702870378,-2.833440975704445,-0.11012060220270545,-0.7360755487028179,2.0025980586559546,0.0,-0.0,0.0,0.0,0.0,0.0
2031,0.6858648238347793,-0.23146886494847813,-4.261753728171149,-0.4450212614003686,-0.7195447503988704,2.0028878778967636,0.0,-0.0,0.0,0.0,0.0,0.0
2032,0.46871844250700345,-0.7324314429718851,-0.24510151659165968,-0.48540363773003536,-0.3570223972704633,1.9993217186992704,0.0,-0.0,0.0,0.0,0.0,0.0
2033,-0.5974235027289498,0.5197718494377092,-4.277499303237409,-0.36587249824057655,0.14901770597220382,2.0008746691600123,0.0,-0.0,0.0,0.0,0.0,0.0
2034,-0.7075966224369856,0.47374756263937684,0.29907515887115893,-0.207977356500994,0.8257461987787895,1.997566491551333,-1.810746244311644e-14,-1.4050177426229793e-14,2.923e-320,-0.0004164755402408158,0.0003234402945863398,9.18369036486599e-05
2035,-0.737063954982266,0.5571822900129016,-0.30130934867110765,0.31397965636238107,0.7440097338163066,1.9991815933430457,0.0,-0.0,0.0,0.0,0.0,0.0
2036,0.49114726234493616,0.8469707499884608,-2.7722666122385244,-0.09946399719884852,0.49678952590916947,2.003375418475417,0.0,-0.0,0.0,0.0,0.0,0.0
2037,-0.14627757869597682,-0.8082394896840225,-2.039491180142607,-0.482333815064502,-0.2111095440913813,1.998876577991803,0.0,-0.0,0.0,0.0,0.0,0.0
2038,0.31906337522504874,0.444155708528796,-1.1376324828512359,-0.3198238677290694,0.3823603221710348,2.0010966121154286,0.0,-0.0,0.0,0.0,0.0,0.0
2039,0.5772119135267929,0.3386537004087349,-1.1647943350443934,0.04749695876233143,-0.6362176466650463,2.0000149993975507,0.0,-0.0,0.0,0.0,0.0,0.0
2040,-0.009356141232818485,-0.3695716076031311,-1.4018892588278928,0.0017927414610801134,-0.9969782351943629,2.001425979718993,0.0,-0.0,0.0,0.0,0.0,0.0
2041,-0.06404010560983595,-0.3179216085671154,-1.91011718311931,-0.2607915936464783,-0.05357822941176939,1.9972343899866036,0.0,-0.0,0.0,0.0,0.0,0.0
2042,-0.45334125689157595,-0.15431648318366556,-0.8417033721872644,-0.060244915426129364,0.4186482217388433,2.0003791756594578,0.0,-0.0,0.0,0.0,0.0,0.0
2043,0.661152432511063,-0.14285661342425207,0.17831598761559092,0.2165691307459203,-0.6339288106181354,2.0010135170899765,1.4553292674226e-14,-7.290332230371979e-16,-0.0,0.0003345359662975884,1.2176648548809505e-05,-0.0002247118245288215
2044,0.4583015863489844,-0.7363636364375727,-1.6295341104911023,-0.3685988893312966,0.3093530325585733,2.0009747113444742,0.0,-0.0,0.0,0.0,0.0,0.0
2045,0.7793595203325019,0.2301060351269542,-3.2236956123448297,0.37145956876720804,0.8211492189961893,1.999801819972689,0.0,-0.0,0.0,0.0,0.0,0.0
2046,-0.5509657308750407,0.6265779905928756,-4.04148430226541,0.5243598126434451,0.3815666137276188,1.99429506628055,0.0,-0.0,0.0,0.0,0.0,0.0
2047,-0.6930603176449651,0.4481594850372676,0.10484476733753453,0.5855962024203908,-0.4660066640492451,2.000048566898814,-1.1331864321707554e-14,-9.117255106055576e-15,-0.0,-0.00026021210823123784,0.0002092159867350074,-0.0002675916125561287
2048,-0.7485647807337544,0.3670401319631536,-1.7589897595202828,0.4344210056091056,-0.7158194595493238,2.002168555731292,0.0,-0.0,0.0,0.0,0.0,0.0
2049,-0.4024870495108757,0.06617664238665945,-1.1540858605863125,0.3382061703637794,-0.1294403406331107,1.9980978799117266,0.0,-0.0,0.0,0.0,0.0,0.0
2050,0.06923670655235448,0.29658475053781624,-3.2075198460212864,-0.6975833759902035,-0.16230385968339928,2.000490394902569,0.0,-0.0,0.0,0.0,0.0,0.0
2051,-0.8679729139913064,-0.41148925034167033,0.1364109257969882,-0.20845056548415353,-0.7445691684387336,2.000127686781373,-2.2147606458886492e-14,1.1435397983719056e-14,-0.0,-0.0005087958316809788,-0.00026248724810810226,-0.0002719180255795529
2052,0.8442123334252589,0.303659858842483,-0.07132165043930241,0.1692936344336983,-0.13784558741733038,1.998840513334081,0.0,-0.0,0.0,0.0,0.0,0.0
2053,-0.6203035966166439,-0.686604205077612,-1.2559897907468385,-0.8519938760904417,0.058472784142760685,2.0010717288445203,0.0,-0.0,0.0,0.0,0.0,0.0
2054,0.741060499197934,0.6577156157342392,-4.244226690716541,-0.5975627312975349,0.3440797479095807,2.000172287051802,0.0,-0.0,0.0,0.0,0.0,0.0
2055,-0.4286948261746123,-0.1611407193376738,-1.4761026159001631,0.5913522551409477,0.429274128895304,1.9986984004052017,0.0,-0.0,0.0,0.0,0.0,0.0
2056,-0.5931052449959351,0.6439066783131325,-1.5608530896028583,-0.18367178503940154,-0.9396180882348861,2.002170264812235,0.0,-0.0,0.0,0.0,0.0,0.0
2057,-0.4543573152415979,-0.010506441106578618,-2.0745449797247475,-0.20625402879261412,-0.6200978128109028,2.000665765703709,0.0,-0.0,0.0,0.0,0.0,0.0
2058,-0.23490692072272928,-0.306752489327685,-1.4919956175391442,0.4310975704274442,0.3420215367389568,2.0006683324694072,0.0,-0.0,0.0,0.0,0.0,0.0
2059,-0.7557141325638207,-0.013811124991135614,0.15664034499868656,0.518257263009634,0.4046407843735678,1.998604811474716,-4.5172138331729035e-14,4.804396883034204e-16,-0.0,-0.00099912891436756,-0.00037624371425338876,-0.00677877999447061
2060,0.11037069603310752,-0.7239093591947483,-0.5887638250744731,-0.04162599811660181,-0.26716983376950343,1.9971523284555621,0.0,-0.0,0.0,0.0,0.0,0.0
2061,-0.8509643787125235,0.30280121743507576,-3.138725040472954,-0.5579794027141216,-0.7578179014583791,2.0012447467366763,0.0,-0.0,0.0,0.0,0.0,0.0
2062,0.8957002306114774,0.1332123363542024,-3.120535961190043,0.8279180259884388,0.23610343223462205,1.9996983594890132,0.0,-0.0,0.0,0.0,0.0,0.0
2063,-0.9843293998060713,-0.061079835360273414,-4.470440742183841,-0.30867293242768035,0.38553731083506054,2.0024447900467264,0.0,-0.0,0.0,0.0,0.0,0.0
2064,-0.27008994175431716,-0.8820173929702114,0.25632545835515225,-0.18117869454731542,-0.823129614680273,2.0003211552385403,-6.284213370365025e-15,1.8719967287733245e-14,0.0,-0.00014447820031273764,-0.0004304421740612365,0.00020248601487921227
2065,0.4344410351231047,0.019720227142934987,-1.824218454758319,0.32268829327357196,-0.4058232213651618,2.0014545639100882,0.0,-0.0,0.0,0.0,0.0,0.0
2066,0.06883045497421605,-0.06732661746033773,-4.243545168718848,-0.5570656033944754,0.35068686335480986,2.0025984748689245,0.0,-0.0,0.0,0.0,0.0,0.0
2067,-0.42182948410824805,0.6874036566103015,-4.045961002345531,-0.5228791718597885,0.6106517580723462,1.9969269325163532,0.0,-0.0,0.0,0.0,0.0,0.0
2068,0.7411394397752722,0.2579988617448606,-2.2772260915094327,0.19519441328251602,0.17433447967860702,2.0021207733503026,0.0,-0.0,0.0,0.0,0.0,0.0
2069,0.7825164103750503,-0.17482441959210832,-0.1434344248769573,-0.7447570277860802,0.18256935686750708,1.9998679934963552,0.0,-0.0,0.0,0.0,0.0,0.0
2070,0.13361124332929566,0.9830175454562222,-0.5575580323837216,0.022328274436233815,0.4236685341996685,2.0009600669613343,0.0,-0.0,0.0,0.0,0.0,0.0
2071,0.7584032103693464,0.20975502135943275,-2.299869911282752,0.37042028349621475,0.2774268190225304,2.0014767243835547,0.0,-0.0,0.0,0.0,0.0,0.0
2072,0.0478618793516743,-0.47195383592006457,-1.6849378427280628,-0.8282335203782323,0.1827033512928241,2.0000491658353905,0.0,-0.0,0.0,0.0,0.0,0.0
2073,-0.8455795793842156,0.29644168447310837,-2.9379080132380975,-0.7110410722567145,0.2636428689920965,2.0028585971245048,0.0,-0.0,0.0,0.0,0.0,0.0
2074,0.33837105736430934,-0.9392543024275998,-4.003826928773424,-0.435471958203561,0.31338130796917435,1.9987444690674308,0.0,-0.0,0.0,0.0,0.0,0.0
2075,0.4390559403008959,0.3116212273740635,-2.6304983516463096,-0.10777712712388417,0.4343637924084173,2.0013409204343287,0.0,-0.0,0.0,0.0,0.0,0.0
2076,0.22750584337376964,0.7044801110866369,-2.5351455837662584,-0.8058836499512853,0.23204426611322002,1.9994195514711672,0.0,-0.0,0.0,0.0,0.0,0.0
2077,-0.4360239218427458,-0.4862235538975177,-1.6858689882168638,-0.02700027668706189,0.9367499634858631,1.9992954167126478,0.0,-0.0,0.0,0.0,0.0,0.0
2078,-0.5217687093325971,-0.01764673909199794,-3.255743266556759,0.25742260399849276,0.6901171431199117,1.995996940987383,0.0,-0.0,0.0,0.0,0.0,0.0
2079,-0.13082229538943507,0.4129821070388012,-1.2510114075761873,0.9261441495996323,-0.20160932833391046,1.9976788184043197,0.0,-0.0,0.0,0.0,0.0,0.0
2080,0.274489117249677,0.5250123507255735,-2.115311721973303,0.10801926539466247,0.1923243324292409,2.0008107994358943,0.0,-0.0,0.0,0.0,0.0,0.0
2081,0.8900332022499147,0.40992367224559334,-0.4470857711019722,-0.7633858967594911,0.28429945622581043,2.003216684217013,0.0,-0.0,0.0,0.0,0.0,0.0
2082,0.8691616355564319,0.09487191917953568,-3.022829533216567,0.01837344223744999,-0.014135866552055145,1.9994915764374377,0.0,-0.0,0.0,0.0,0.0,0.0
2083,0.5064900402672505,0.4463935359218766,-1.3381025551792631,0.16874485641921091,0.35552810396255424,2.00262347972625,0.0,-0.0,0.0,0.0,0.0,0.0
2084,-0.5604865349373473,0.5620306935604834,-1.606738352639678,-0.6408793192803441,-0.6975596991328181,1.9996551799442257,0.0,-0.0,0.0,0.0,0.0,0.0
2085,0.9522983660509198,0.07013154917913508,-2.564400093426939,0.0026556489253031774,0.5777632810359382,2.000927700728922,0.0,-0.0,0.0,0.0,0.0,0.0
2086,0.00221665161862933,0.04610520295791048,-0.1095790574567575,0.9249226055564609,0.0878517673962408,2.0020886254071373,0.0,-0.0,0.0,0.0,0.0,0.0
2087,0.17815296683082896,0.35034382786927726,0.12755867606459192,-0.3987365274434882,-0.8636085206607066,1.9999088527037852,-1.4004291978810475e-15,-2.2875626578826385e-15,-0.0,-3.132220611147214e-05,5.1681523296215485e-05,-0.000372627521337825
2088,-0.022334678963422814,0.26580962059121593,-1.772957063098713,0.45676471106948574,0.17166266941496472,1.9988700805232509,0.0,-0.0,0.0,0.0,0.0,0.0
2089,-0.20786750810653742,0.2917557522174256,-0.5613312365949991,-0.7169955408757112,0.48460802961390426,1.999944559968252,0.0,-0.0,0.0,0.0,0.0,0.0
2090,0.6339721231870935,0.7162772593365547,-3.070775264529735,-0.5753662131293267,-0.7313534998423036,1.999296431941051,0.0,-0.0,0.0,0.0,0.0,0.0
2091,0.2065210562035048,0.40014779991510996,-3.8078072075817695,0.0709811606084453,0.5563944741978148,2.0012186402528864,0.0,-0.0,0.0,0.0,0.0,0.0
2092,-0.02231358402914555,0.6602811467443281,-0.14139207606493076,-0.27311408025441924,-0.6724433272092638,2.000271085803066,0.0,-0.0,0.0,0.0,0.0,0.0
2093,-0.4474074888102698,-0.5501453485321338,-2.540697819540322,0.2615776491973737,-0.6036492084427425,2.0003609765904247,0.0,-0.0,0.0,0.0,0.0,0.0
2094,-0.6898193192722736,0.2244015061010064,-2.7082140104660484,-0.8731501855546129,-0.24027975012157088,2.001327867640669,0.0,-0.0,0.0,0.0,0.0,0.0
2095,-0.30319265495820963,-0.5043484382667102,-3.6339624662789753,-0.5336218138364518,-0.5849031770795112,1.9980730419672308,0.0,-0.0,0.0,0.0,0.0,0.0
2096,0.01030956827095072,0.4766191959784908,-3.349404053443056,0.6252713491214262,0.7080090949773088,1.9979458518436193,0.0,-0.0,0.0,0.0,0.0,0.0
2097,-0.3331426249072561,-0.8573580415418063,-3.7697394479717405,0.33985019948832007,-0.42512970140019507,2.002057568525022,0.0,-0.0,0.0,0.0,0.0,0.0
2098,-0.3716745317460864,-0.40390899886845133,-3.5832886753732813,-0.17494308079676668,0.35003543039631935,1.9981525316857283,0.0,-0.0,0.0,0.0,0.0,0.0
2099,-0.22680430443871077,0.9314024286490566,-2.4747556151581684,0.685188662877615,0.6826887178468649,1.9989864951655758,0.0,-0.0,0.0,0.0,0.0,0.0
2100,-0.5999154015704231,0.2757635099744362,0.45440697063772545,-0.07093105386716256,0.5233170874214821,1.9993379852214952,-1.0643870871581216e-14,-5.50988362415187e-15,-2.0945872612275206e-231,-0.00024383462705892565,0.00012640233462089763,0.0005100959997247621
2101,0.7486776979209456,-0.11542716792631007,-1.8556687863132393,-0.587218021401855,0.20956883764626125,2.00001209024852,0.0,-0.0,0.0,0.0,0.0,0.0
2102,-0.2909789068589739,0.06927790869393839,-4.166024298021401,0.6851748424457036,0.13901558830728294,1.9985290248135599,0.0,-0.0,0.0,0.0,0.0,0.0
2103,0.25790102489943845,-0.8671652405934057,-1.7490032462503982,0.5305160299748223,-0.5759883669059842,2.0018340410390363,0.0,-0.0,0.0,0.0,0.0,0.0
2104,0.5655009954676927,0.009359568009350526,-2.6409827668311148,-0.5604773217033473,0.0024972202882827246,2.001318569266927,0.0,-0.0,0.0,0.0,0.0,0.0
2105,0.21021296118538468,-0.1097557049061444,-3.080432402196546,-0.5120236012174172,0.27570018448299816,2.0013704438271795,0.0,-0.0,0.0,0.0,0.0,0.0
2106,0.4452382923759717,0.4826505451800755,-3.370451534916448,0.7161745349142499,-0.049863914627985936,2.003301280460342,0.0,-0.0,0.0,0.0,0.0,0.0
2107,-0.13920306862557133,0.487820817383293,-4.267901939021681,-0.19790181163000886,0.9507514572863868,1.9980531687536665,0.0,-0.0,0.0,0.0,0.0,0.0
2108,-0.5994013551593337,0.08462582530999428,-3.008293587108849,-0.07188989010540849,0.41739927242582436,2.0009317676352216,0.0,-0.0,0.0,0.0,0.0,0.0
2109,0.370166067030256,-0.5749681531948547,-2.2168538809604543,0.25682381869998755,-0.6806173466292219,2.0008417262740217,0.0,-0.0,0.0,0.0,0.0,0.0
2110,-0.1187035214042791,0.8629767454301512,-2.083937444188939,-0.5367481344625736,0.12227433844474661,2.0025923688284575,0.0,-0.0,0.0,0.0,0.0,0.0
2111,-0.5233435450104189,-0.09411220243840496,-1.1438182845272542,0.8554019184494103,0.3631636697383275,2.000115802466926,0.0,-0.0,0.0,0.0,0.0,0.0
2112,-0.552417293886649,-0.26738311997651365,-1.7824470415869953,-0.5246393267299029,-0.013655507698450024,1.9980924050381346,0.0,-0.0,0.0,0.0,0.0,0.0
2113,-0.3342133679586284,-0.0858301980645827,-1.8403464298161483,-0.06846145333452412,-0.5792004499363248,1.9996014253026537,0.0,-0.0,0.0,0.0,0.0,0.0
2114,-0.05967960433927498,-0.10898474659714981,-4.228427388383033,0.0976330562703939,0.06355301080995943,2.0012336151970262,0.0,-0.0,0.0,0.0,0.0,0.0
2115,0.8769388147068164,-0.4231783094074671,-1.7474727080717347,-0.2779019891715512,-0.06835779140080207,2.004299929956538,0.0,-0.0,0.0,0.0,0.0,0.0
2116,-0.29214744421068684,-0.4518055995208569,-1.0258245462924231,-0.016267350943242748,-0.12000195029496523,1.9974498736324222,0.0,-0.0,0.0,0.0,0.0,0.0
2117,0.3358494271810383,-0.44215093560371554,-2.8817145570585265,0.6764231769770556,-0.46725426303929196,1.998096688652903,0.0,-0.0,0.0,0.0,0.0,0.0
2118,0.5197370491337975,-0.058317715462011,-1.2772454636671402,-0.07969570909937645,-0.23500730192944602,2.0000378230015428,0.0,-0.0,0.0,0.0,0.0,0.0
2119,0.7399848233261778,-0.613687219447653,-2.770261852652438,0.9670845028255892,-0.13356241266338947,1.998364256276511,0.0,-0.0,0.0,0.0,0.0,0.0
2120,-0.6821142430380776,0.6770398226631101,-1.1230012655466384,0.25363759013618686,-0.7936632845270212,2.001514422328674,0.0,-0.0,0.0,0.0,0.0,0.0
2121,-0.37801193331257393,0.7652709070120925,-1.7340603742105745,-0.34091727450962683,-0.00030069583260603866,1.9978660467476792,0.0,-0.0,0.0,0.0,0.0,0.0
2122,-0.923814102343311,0.2395344597446409,-2.0643705245260473,-0.1292990433183831,-0.34904810333573844,1.9986364357606488,0.0,-0.0,0.0,0.0,0.0,0.0
2123,0.2555894087639122,0.2879573394233353,-1.2348363763421328,-0.060650741022860805,-0.6994142174075876,2.0021058642442617,0.0,-0.0,0.0,0.0,0.0,0.0
2124,0.783754353539065,0.23809519048333413,-4.282401079272708,-0.1607706615053362,-0.20907841501752591,2.0013827598715768,0.0,-0.0,0.0,0.0,0.0,0.0
2125,0.7680647609772637,-0.07782625987027884,-4.442736857549466,0.24230353548893,0.31441730529512474,2.0006359764151886,0.0,-0.0,0.0,0.0,0.0,0.0
2126,0.3485134843257734,-0.14922993126915754,-3.0760523825467136,0.026419217794238354,-0.29601630708426685,1.9991017688972545,0.0,-0.0,0.0,0.0,0.0,0.0
2127,0.03177248760959058,0.9186746659070615,-1.3315776476985715,-0.2766665576302812,0.08060012639490634,2.0013388907011413,0.0,-0.0,0.0,0.0,0.0,0.0
2128,0.6735290333869526,0.5040478994175215,-1.548736849171931,-0.2890699106438303,0.38247046264221635,1.999213860227416,0.0,-0.0,0.0,0.0,0.0,0.0
2129,0.09947101277098845,-0.04637746452396809,-1.1988723203294462,0.05811379553238628,-0.284084705124373,2.0030728996232154,0.0,-0.0,0.0,0.0,0.0,0.0
2130,-0.6898641807963023,-0.068609067944714,-4.113934001361617,-0.8391258455384663,0.1511062668344764,1.9972822232102263,0.0,-0.0,0.0,0.0,0.0,0.0
2131,-0.32527439229260147,0.29726864955828164,-4.248232041009487,-0.4609355141957094,0.8808594685852548,2.0016005403965615,0.0,-0.0,0.0,0.0,0.0,0.0
2132,-0.8079379791566493,0.14718333975281345,-0.8661320623501871,-0.09709159842839767,0.8320331501317825,1.9992077897038065,0.0,-0.0,0.0,0.0,0.0,0.0
2133,-0.2201533971306846,-0.24605224690730246,-0.7332808018848012,0.8605522942081901,-0.17831701764592972,2.0011045507954512,0.0,-0.0,0.0,0.0,0.0,0.0
2134,-0.8331243131256979,0.23381578076381968,-2.143644701787118,0.7628529516783283,-0.48502817059926,2.0008343299941824,0.0,-0.0,0.0,0.0,0.0,0.0
2135,0.5936117104571365,-0.6587252856434518,-2.356145220407611,0.5472007571741674,-0.4113488138146996,2.0017253534381263,0.0,-0.0,0.0,0.0,0.0,0.0
2136,0.9085034086535688,-0.37580043122347306,-1.4636166275220328,0.15356526257483588,-0.8432105107586422,1.9941847186231205,0.0,-0.0,0.0,0.0,0.0,0.0
2137,-0.277229531582024,0.7800680817775877,-3.28728949582323,-0.1399087969815191,-0.22881644133626053,1.9989823126091455,0.0,-0.0,0.0,0.0,0.0,0.0
2138,0.17578318770027662,0.14484891943395548,-0.6792500279923398,-0.09863881821655733,-0.8917409024878159,1.9992984545901518,0.0,-0.0,0.0,0.0,0.0,0.0
2139,-0.5434877672165493,-0.4763895914424279,-0.42339758239136505,0.14394050963031932,-0.9742107598973038,2.0013809206392654,0.0,-0.0,0.0,0.0,0.0,0.0
2140,-0.57591815194101,0.6138524494708534,-1.9461819150813857,0.044805449712276124,0.3199756530029086,1.9998353676145906,0.0,-0.0,0.0,0.0,0.0,0.0
2141,0.51582490188652,0.06977996541396457,-3.235997961217994,0.590399710421392,0.6385062169305971,1.9999293758760017,0.0,-0.0,0.0,0.0,0.0,0.0
2142,0.6818835061206798,-0.28821938457992347,-4.402193348128875,0.7952741478400288,-0.42420018333641685,1.9986251067839516,0.0,-0.0,0.0,0.0,0.0,0.0
2143,-0.7757243161909413,-0.1906229059333147,-2.581728600997552,0.5198462022309152,-0.02795402410854558,1.998945275950212,0.0,-0.0,0.0,0.0,0.0,0.0
2144,-0.005380720083592551,0.386008618138376,-3.2997837985818674,0.8766957605043209,-0.01208139996762026,1.9979785837112183,0.0,-0.0,0.0,0.0,0.0,0.0
2145,0.14279922894702438,0.5387859422863449,-2.390811911250711,-0.03044059440359043,-0.45721755247908863,1.998823245840481,0.0,-0.0,0.0,0.0,0.0,0.0
2146,0.1030722294982112,0.577908366271879,-2.0914616879731205,0.615309990735739,-0.7766088816469314,2.0013913669926526,0.0,-0.0,0.0,0.0,0.0,0.0
2147,-0.3542036115565015,0.1433343762828878,-2.5441835226007736,-0.02706253079976846,0.015159562159026427,1.9999630382812137,0.0,-0.0,0.0,0.0,0.0,0.0
2148,-0.06447121922535652,-0.749993146477825,-0.5794946294471406,-0.7705035070048554,0.27929549172198426,1.999963877118949,0.0,-0.0,0.0,0.0,0.0,0.0
2149,0.9026545378356309,0.231480411722105,-3.6849486716283093,0.45009345221708896,-0.513425816899683,1.9972883568104345,0.0,-0.0,0.0,0.0,0.0,0.0
2150,-0.14001116110753858,-0.8958106868031276,-3.0026870021341394,0.30803644598419727,0.4922759931877292,2.0012168623055833,0.0,-0.0,0.0,0.0,0.0,0.0
2151,0.5954731046858907,0.4315039506467843,-1.4611206770223955,-0.07951039106222307,-0.0393587243669316,1.9986398989695635,0.0,-0.0,0.0,0.0,0.0,0.0
2152,-0.7536349860510515,-0.07962346450995905,-1.132086972475408,-0.38171362029646577,-0.7518699368014128,2.0000026189041615,0.0,-0.0,0.0,0.0,0.0,0.0
2153,0.4318761664231783,-0.20818973399182006,-3.9782883255225934,0.05167689144586422,-0.09235040285330795,2.0001853797581144,0.0,-0.0,0.0,0.0,0.0,0.0
2154,0.71319735152696,-0.006984719639835395,-3.7573274294931687,-0.5391140941354208,0.3908742731405178,1.9986663864061598,0.0,-0.0,0.0,0.0,0.0,0.0
2155,-0.3588670975786871,0.2596586395742762,-3.3257633550171763,-0.5689379882567908,0.237342707603034,1.9974724254236111,0.0,-0.0,0.0,0.0,0.0,0.0
2156,0.11337956727671918,0.5679245293752677,-1.981955852171829,-0.3800852576953375,-0.9154349748595485,2.001362507073912,0.0,-0.0,0.0,0.0,0.0,0.0
2157,0.04469263647823684,-0.8222487359408694,-3.8515138614583426,-0.33609566332913,0.31270671705745884,1.9988414824355665,0.0,-0.0,0.0,0.0,0.0,0.0
2158,-0.2297502000998485,-0.022525267413139174,0.28594881148283496,0.733016793843451,-0.5812013573601402,1.9968212403258117,-3.830096172571888e-15,-3.468421472575219e-16,0.0,-8.636668742650502e-05,7.126544880754596e-06,0.00023018081428514332
2159,-0.6070779607825779,-0.7127048949171305,-2.1594371253344984,-0.4107193052058393,0.899466150175221,2.006483134583965,0.0,-0.0,0.0,0.0,0.0,0.0
2160,-0.22185654872435814,-0.9654677259056647,-0.628317862900447,0.49152986959325723,-0.2635635832179396,2.0028365295682358,0.0,-0.0,0.0,0.0,0.0,0.0
2161,0.1539036908892778,0.7465613563666429,-1.2549191297755968,-0.49502433342743885,0.6669084842775075,2.0025420618330307,0.0,-0.0,0.0,0.0,0.0,0.0
2162,-0.1946708328566673,-0.04941217562763897,-4.301660035830365,-0.14685990899978632,-0.3067512175685825,2.00037425256905,0.0,-0.0,0.0,0.0,0.0,0.0
2163,0.7354983231908192,0.5063451846999968,-2.613977993679096,0.16754536812531134,0.7048176753852405,1.9989371607956203,0.0,-0.0,0.0,0.0,0.0,0.0
2164,-0.4813129254082864,-0.28337294648636174,-0.8590603215206122,-0.4625352362714397,-0.3271863864983179,1.99670525674302,0.0,-0.0,0.0,0.0,0.0,0.0
2165,-0.1949790378290576,-0.48616225939461716,-1.687584590690463,-0.019563119539667495,0.6204995137537916,1.9992340506203592,0.0,-0.0,0.0,0.0,0.0,0.0
2166,0.6889864361742098,-0.1849576465492187,-1.6034748114695485,0.03779517288646235,0.5799275969227383,2.000953064851356,0.0,-0.0,0.0,0.0,0.0,0.0
2167,0.07302249766876091,0.41064655667094246,-0.6262797713376036,-0.4734101077188939,0.36967656193239357,2.0012825630720714,0.0,-0.0,0.0,0.0,0.0,0.0
2168,-0.9028650325450663,-0.4229856682614214,-2.44242702217058,0.9789121563439811,-0.10009566486363715,1.9998093840217142,0.0,-0.0,0.0,0.0,0.0,0.0
2169,-0.9465319816244002,0.22787923645623503,-1.3478744564873877,-0.8510370242019195,0.28901277664375397,1.99907604939823,0.0,-0.0,0.0,0.0,0.0,0.0
2170,0.9474038005351849,0.03855743297585516,-3.1519106965046046,0.7338483928229264,-0.07074383615357457,1.995367897831663,0.0,-0.0,0.0,0.0,0.0,0.0
2171,0.1914238089865236,0.21222740819414365,-2.728735971393699,-0.615776788095206,-0.16567916515765257,1.9971261846813162,0.0,-0.0,0.0,0.0,0.0,0.0
2172,-0.4426346533858149,-0.4173346531327159,-2.209148155867878,0.6226099400338326,-0.0005343388422909177,1.9970502468210252,0.0,-0.0,0.0,0.0,0.0,0.0
2173,0.41687880271396904,-0.8116229072351383,-3.1081713048465156,-0.05902360447116028,-0.6932593404335082,2.000173300378528,0.0,-0.0,0.0,0.0,0.0,0.0
2174,0.6057230358641253,-0.6960584700845948,-0.4276622546881977,-0.09521991697289876,-0.943658599466252,1.9977216782283111,0.0,-0.0,0.0,0.0,0.0,0.0
2175,-0.7731162603991328,0.32482131109361956,0.3771822909594372,0.2118357813510005,-0.6496708599840627,1.9969490712469193,-2.3800703729857315e-14,-9.692157100192828e-15,1.785730403741802e-275,-0.0005473692714352124,0.00022272493342549853,0.0003333650589629868
2176,-0.6786383938998887,0.5287097866927919,-2.407243470027115,0.5028788366377595,0.48118156950253443,1.9989263953246788,0.0,-0.0,0.0,0.0,0.0,0.0
2177,-0.20344228256829142,-0.009608239239370818,-3.653864367273783,-0.5044550516994415,-0.42323927787704185,2.000774327294324,0.0,-0.0,0.0,0.0,0.0,0.0
2178,-0.21511232539352687,0.6598642416192494,-1.0583604670903013,0.8500870023628175,-0.4337978911545315,1.9991712835779096,0.0,-0.0,0.0,0.0,0.0,0.0
2179,-0.18331090707011974,-0.05920678426563748,-4.009291797845344,-0.5173612283474631,0.12897005596101974,2.0033014311022526,0.0,-0.0,0.0,0.0,0.0,0.0
2180,0.2235555812874506,-0.0768319640402044,-4.276333065365491,0.7770052365246064,-0.19573858577215217,2.0025905913885986,0.0,-0.0,0.0,0.0,0.0,0.0
2181,0.8409089569554923,-0.4328837835142628,-0.4412177654450122,0.5110336656477525,0.4152324732540623,1.998661872254197,0.0,-0.0,0.0,0.0,0.0,0.0
2182,0.7484296258311024,0.37071513686934093,-2.555250891823286,0.10031701118606391,-0.5070716675786252,2.0007356586637117,0.0,-0.0,0.0,0.0,0.0,0.0
2183,-0.04426602038521452,0.25780914825355433,-3.064094380947776,0.05669164487838163,0.062426849680059196,2.0039553254606455,0.0,-0.0,0.0,0.0,0.0,0.0
2184,0.35784350302501194,0.22502660731094387,-0.6677598627460719,-0.47808772008557193,0.13048220647109973,2.0029304783149704,0.0,-0.0,0.0,0.0,0.0,0.0
2185,0.5600256438060479,-0.7693245321213601,-0.29017921551451775,0.7038817069067133,-0.26735991993538843,1.997141825826726,0.0,-0.0,0.0,0.0,0.0,0.0
2186,0.875879882051745,-0.3430484884195504,-1.7401896784395356,-0.09004654698618199,-0.8563648750428337,1.9989595911161426,0.0,-0.0,0.0,0.0,0.0,0.0
2187,-0.8924981694635715,-0.14155311090520833,-3.3097502289472227,-0.5407546526638884,0.09700880251101858,1.9993168429209485,0.0,-0.0,0.0,0.0,0.0,0.0
2188,0.4567129972156933,0.45666624955059626,-4.174459251024851,0.38241266720154454,-0.5883768337743238,1.9948734482364863,0.0,-0.0,0.0,0.0,0.0,0.0
2189,-0.3527290942922406,-0.5465149429718776,-2.0237091498267614,0.11027422755462235,-0.11377426912915922,2.001418800085268,0.0,-0.0,0.0,0.0,0.0,0.0
2190,-0.588981636932026,-0.11962840506253637,-0.9790317729546646,-0.4223606208415388,-0.6039603798259519,1.9989795191702107,0.0,-0.0,0.0,0.0,0.0,0.0
2191,-0.2527915792370987,-0.26387688037920165,0.34005588901920075,-0.46335461095831043,-0.5732477857404557,2.0012036408767866,-5.915939111515458e-15,-6.693839032395429e-15,-1.3006437803606879e-297,-0.00013403677420744688,0.00015282218869633796,0.00018785344726496785
2192,0.45341686223516875,-0.2762601748922962,-3.2002154122356226,0.3321415114416124,0.260065636999592,2.001626456068443,0.0,-0.0,0.0,0.0,0.0,0.0
2193,0.6403421165572132,0.34130260915062943,-2.775227551178903,-0.5389425658294443,0.10788521928946977,2.001512489365517,0.0,-0.0,0.0,0.0,0.0,0.0
2194,-0.44192335372952596,0.6340318222088445,-0.6788654914176332,0.5646127716011882,-0.14531006084830198,1.9965878012042262,0.0,-0.0,0.0,0.0,0.0,0.0
2195,0.33028032579418204,0.15726149175521845,0.4204651071512298,0.4199294062835466,-0.49658592191726336,2.00029348185892,1.6425688530216874e-14,-4.360994027238666e-15,-2.6775451852732295e-251,0.00038172803805543897,0.00010538659717838026,0.0005189289104268939
2196,-0.4852630420034781,-0.22506696251539843,-1.105796070977313,-0.3244227896407593,0.8334320513683592,2.002626355469198,0.0,-0.0,0.0,0.0,0.0,0.0
2197,0.6698419725519255,0.1471708671046875,-3.4264454754237867,-0.318421667414973,0.6513529964003053,2.0017430396425104,0.0,-0.0,0.0,0.0,0.0,0.0
2198,-0.21148014113138536,0.4320868101481383,-2.924572285233149,-0.8068885528278967,0.5429505207915275,1.9991245255807402,0.0,-0.0,0.0,0.0,0.0,0.0
2199,0.5480363904793789,-0.037722644105987815,0.08142563820950943,0.7629759893680864,-0.5982855634101026,1.9982872319594875,9.600584586157848e-15,-2.531817140820899e-15,-0.0,0.00022176647085339163,5.539159165755256e-05,-0.00035103953874460837
2200,0.202797771818774,0.6901959576033933,-1.9491918743298298,0.2899193790300945,0.9231658194171123,2.0030718571265913,0.0,-0.0,0.0,0.0,0.0,0.0
2201,0.15685812131090704,0.44713892415496026,0.37611711697321176,0.3224870116317659,0.8865900506120884,2.0003251546238245,8.555812340946548e-15,-1.1325565520629925e-14,-1.417055990432554e-276,0.00019700107295400526,0.0002609334796327108,0.0004197169143251459
2202,0.43473951673018146,0.4759569168603969,-0.38290868340535117,0.752949745133613,-0.40676803856434524,2.002712345326423,0.0,-0.0,0.0,0.0,0.0,0.0
2203,-0.6411077906979366,-0.32662001024356463,-4.248764412899343,-0.5364615785295492,-0.5216274028223323,1.998162824134722,0.0,-0.0,0.0,0.0,0.0,0.0
2204,-0.16852422351274587,0.7916046920521699,0.1945263861359816,-0.053033756436420845,-0.5944813725091824,2.000046139730764,-3.1851958856459877e-15,-2.3608816508730862e-14,-0.0,-7.211694101563278e-05,0.0005415802909674901,-0.00012716609402528637
2205,-0.9116440857327537,0.34281643850561017,-3.1043581785348136,0.47809814909457626,0.16403283011234343,2.0004254541188717,0.0,-0.0,0.0,0.0,0.0,0.0
2206,0.26230428756594976,0.047079840987899566,-1.5922499101387877,0.6403957374029282,-0.2815996384705195,2.000887630830545,0.0,-0.0,0.0,0.0,0.0,0.0
2207,-0.4394896226407837,-0.659937173005424,-1.5363416527106615,-0.23273939172505964,-0.2207323048185427,1.999883156582412,0.0,-0.0,0.0,0.0,0.0,0.0
2208,-0.03649154910957648,0.6042707874848092,-0.16070208281603426,-0.5298892564775831,-0.5558649948813523,2.0022690130288376,0.0,-0.0,0.0,0.0,0.0,0.0
2209,0.12363896524193459,-0.5358244089631331,-0.6491020543172596,0.4944906505584114,-0.10269479441564881,1.9969210427353636,0.0,-0.0,0.0,0.0,0.0,0.0
2210,0.49333587712661003,-0.6832768177605606,0.023871248260862152,-0.3011484093696732,-0.1052039310705358,1.9992905537294368,1.1140634648495617e-14,1.1653828192499591e-14,-0.0,0.0002579208980141443,-0.0002651135428352738,-0.0003790116319282086
2211,0.18055581271712132,-0.9429866920765728,-2.9000386962109284,-0.10088410403663652,-0.5450275683702077,2.0034571197167423,0.0,-0.0,0.0,0.0,0.0,0.0
2212,-0.6294916568296915,0.16309618574082144,-0.3988924036428966,0.32080925351714656,-0.08628824070199502,2.0011083679833375,0.0,-0.0,0.0,0.0,0.0,0.0
2213,0.14839070832074566,-0.6699859786229297,-1.8012292017877995,0.11283806667321719,0.8169139110691706,2.0000595680062827,0.0,-0.0,0.0,0.0,0.0,0.0
2214,-0.33556312776832165,-0.07770837562046597,-3.226667780997701,-0.7194098290865433,0.36766288785114054,2.001935118371484,0.0,-0.0,0.0,0.0,0.0,0.0
2215,0.5698838873187323,0.05066196567518347,-1.7150553102355441,0.2202484847217734,0.854696514079968,2.0004188174511017,0.0,-0.0,0.0,0.0,0.0,0.0
2216,0.11905457412520448,-0.12301244448907621,-0.9966104812667315,0.8621683905750823,-0.3553439397606879,1.996305587947278,0.0,-0.0,0.0,0.0,0.0,0.0
2217,0.6604443486631317,-0.08248711840279423,-2.40355478983756,0.454976122662681,-0.12494390663612152,2.0000470777968156,0.0,-0.0,0.0,0.0,0.0,0.0
2218,-0.4850075610532987,-0.07462529446737355,-0.551818313635634,-0.781212235125741,0.5607151658738866,2.0019371011519493,0.0,-0.0,0.0,0.0,0.0,0.0
2219,0.4174335079349569,0.6928998088747044,-0.32632739112924286,0.5760569442202428,-0.5919116363566307,2.0017914620571866,0.0,-0.0,0.0,0.0,0.0,0.0
2220,0.8230348715119062,0.330202835154699,-1.3096454440515157,0.6827196169726388,0.2989488147514507,1.9993560709073626,0.0,-0.0,0.0,0.0,0.0,0.0
2221,-0.7769464317051137,-0.45125333636022597,-3.5619188583678096,-0.3034224220443679,-0.7514369438480286,1.9972631116913442,0.0,-0.0,0.0,0.0,0.0,0.0
2222,0.9498446097078129,0.08514150932025967,0.49014809202868,0.2875968591225132,0.49625306014535053,1.9993155399831932,1.8513653683941973e-14,-2.0397520164271473e-15,-7.875747637731408e-211,0.00042542021101107534,4.613252529869039e-05,0.00036712712267426227
2223,0.8545262806695544,0.2767713074481218,-0.4557441655555545,0.7188386326702706,-0.04687380679572633,1.99570766675111,0.0,-0.0,0.0,0.0,0.0,0.0
2224,-0.5050385116964107,-0.8156804647485569,-3.3156852300546795,-0.39187660322727275,-0.22580836716923078,2.000938800963784,0.0,-0.0,0.0,0.0,0.0,0.0
2225,0.01606354392799391,0.48560747282268785,-0.05377044523863926,0.4603699035432647,-0.5490013713197144,2.000494006458178,0.0,-0.0,0.0,0.0,0.0,0.0
2226,-0.8191045504713442,0.18045393326128673,-3.226257306073868,-0.6150978441865944,0.18099777269625406,2.0008327588766988,0.0,-0.0,0.0,0.0,0.0,0.0
2227,-0.13717668349188838,0.823974570959555,-1.5941584173079242,-0.7357699264435609,-0.15471744325343628,2.0003098101852146,0.0,-0.0,0.0,0.0,0.0,0.0
2228,-0.2840651544470458,-0.2809766629594027,-2.3569742999826744,-0.3693717978706283,-0.7438119710036758,1.9990875487067057,0.0,-0.0,0.0,0.0,0.0,0.0
2229,-0.6890309023340042,0.579471417978194,-3.7031189094119705,-0.117609253098236,-0.7564641584047115,1.9994922796851522,0.0,-0.0,0.0,0.0,0.0,0.0
2230,-0.009263566596868484,0.9974934080756134,-3.220249609568095,0.3950290313268665,0.4768086451821359,2.0007505249698094,0.0,-0.0,0.0,0.0,0.0,0.0
2231,0.4589673134252078,-0.5141378655901209,-0.3061673660604364,-0.6883935301944579,0.20709890269044523,2.003808211079367,0.0,-0.0,0.0,0.0,0.0,0.0
2232,-0.5090067424092236,0.7735913280787086,-1.960696955802154,0.8366640839261522,-0.03610702640773279,1.99478101253407,0.0,-0.0,0.0,0.0,0.0,0.0
2233,-0.5216798807394621,0.7879675099135942,-1.6619319085601592,-0.405394106607768,-0.6504621829360231,2.0018990056272568,0.0,-0.0,0.0,0.0,0.0,0.0
2234,0.8864335203189011,0.40906383439312355,-4.352068444670166,0.7160271862899917,-0.09889987335116968,1.999742804970284,0.0,-0.0,0.0,0.0,0.0,0.0
2235,0.3750016516384352,0.9208957232195779,-1.6362236480523913,0.007748257947308749,0.30388501739815227,1.9992869679218446,0.0,-0.0,0.0,0.0,0.0,0.0
2236,-0.19159227757603,-0.3736316257592023,-2.47912440055257,0.41374977435110394,-0.373653645158893,2.000039573204191,0.0,-0.0,0.0,0.0,0.0,0.0
2237,-0.06482463503447182,0.46654665066349893,-3.985128591447837,-0.13782233716584358,-0.3567144028986109,1.9992131574065812,0.0,-0.0,0.0,0.0,0.0,0.0
2238,0.9211715529707993,0.14009351959280797,0.04282716926947933,-0.4521238555951037,-0.12048548948619825,2.002881662624162,2.503446880823334e-14,-6.408526377699934e-15,-0.0,0.0005730024011392517,0.0001457556055664315,-0.0004005071098933471
2239,-0.2850494641135825,0.41100789032879376,-3.588275984402356,0.14732723231723466,-0.8853010986206138,1.9996448176973791,0.0,-0.0,0.0,0.0,0.0,0.0
2240,-0.5911327976113268,-0.4365780633332259,-0.3968907744473396,0.443537372941777,0.15166421005798114,2.000963391900932,0.0,-0.0,0.0,0.0,0.0,0.0
2241,-0.39785227385126315,-0.30969146859133195,-0.7163697097491488,0.6925358299493457,-0.5091147314836261,1.9995217810927481,0.0,-0.0,0.0,0.0,0.0,0.0
2242,0.12155905059422958,0.5304832249172596,-3.414546743641931,-0.7356981719815366,0.3917187522470935,2.000465969488794,0.0,-0.0,0.0,0.0,0.0,0.0
2243,0.6580936791277723,-0.5132822406137432,-3.7890137385130487,-0.5459490750270682,0.2620103967615711,2.0024144556324823,0.0,-0.0,0.0,0.0,0.0,0.0
2244,-0.11907503607965232,0.6095367225201687,0.46783724086547723,-0.3516012667187367,-0.08614697922441221,1.999019463152174,7.269287656010283e-15,-1.2773461790820479e-14,3.1513840634487816e-224,0.00016714724626328703,0.00029216851147382714,0.0005848302847248799
2245,0.49133826924644386,-0.4939049454211991,-0.5705254534612191,0.41272440609235156,0.27948222588126237,1.9976030892880559,0.0,-0.0,0.0,0.0,0.0,0.0
2246,0.8209357793068504,-0.4860227777721497,-0.7542948941065166,-0.1507233517062109,-0.43427385307451916,2.0039854377489914,0.0,-0.0,0.0,0.0,0.0,0.0
2247,-0.21174989358613194,0.7181885174638459,-3.238532324418771,-0.5226422716222349,0.019622382023749052,2.0048508896029595,0.0,-0.0,0.0,0.0,0.0,0.0
2248,0.37830803868403773,-0.7778064299863018,-1.6040888970483,-0.2191351456368476,0.8810299374402897,2.0009994580106985,0.0,-0.0,0.0,0.0,0.0,0.0
2249,-0.12195991289269195,-0.32767158792036577,-4.37735869350698,-0.24146860442931783,-0.708223903431508,2.0012351137627737,0.0,-0.0,0.0,0.0,0.0,0.0
2250,-0.581953015412023,-0.6413239532238587,-3.3174762295896354,0.4878491520769046,0.2154773634383736,1.999404407893231,0.0,-0.0,0.0,0.0,0.0,0.0
2251,-0.45685548229550654,0.5118840406121713,-4.157077075271516,0.928205376778767,0.3477133211041007,2.0011583056188456,0.0,-0.0,0.0,0.0,0.0,0.0
2252,0.6093242410238596,0.5302344832684144,-0.579549313519165,-0.06953955688579372,0.6574787832806976,1.9980809672136117,0.0,-0.0,0.0,0.0,0.0,0.0
2253,-0.9017470499232987,-0.30106665062995713,-1.5301156246280359,0.677818180637376,-0.5496754196181098,1.9998385609856217,0.0,-0.0,0.0,0.0,0.0,0.0
2254,-0.5075237479785203,-0.32553372527220864,-2.7368878843197595,0.839468324466667,-0.29746817936040215,2.0019785160772456,0.0,-0.0,0.0,0.0,0.0,0.0
2255,0.11741901738985902,-0.9143258292799692,-1.357601833056082,-0.22497009132102488,-0.5593857065196909,2.002793474071632,0.0,-0.0,0.0,0.0,0.0,0.0
2256,0.35186028351707865,-0.24732304856286066,-0.6398221406593819,0.21629115390356526,-0.924390420200443,1.99948873040618,0.0,-0.0,0.0,0.0,0.0,0.0
2257,0.8557917784658367,-0.06870261952645117,-3.958734168910457,0.5462039376836972,0.34082225347608525,1.9995256721737844,0.0,-0.0,0.0,0.0,0.0,0.0
2258,0.1915724365567533,-0.6930823359836121,-0.6102691881548514,-0.21012134070543154,0.43955518235197344,2.000580262757515,0.0,-0.0,0.0,0.0,0.0,0.0
2259,-0.5754596250160537,-0.6365253580052433,-3.9461866572049322,-0.3345749714699254,-0.8002443376629648,2.0022052364090537,0.0,-0.0,0.0,0.0,0.0,0.0
2260,-0.01049675705873973,0.08497101668034694,-3.284389511126353,0.0796158858273144,-0.46365912847986307,2.0015074699422852,0.0,-0.0,0.0,0.0,0.0,0.0
2261,-0.3479525594063075,0.2674583437315295,-4.004776383200163,0.765386410938608,0.019662162645382602,1.9963703208282961,0.0,-0.0,0.0,0.0,0.0,0.0
2262,0.5976830758341218,-0.6960255013792623,-0.29827936069752414,-0.5834621544322569,-0.3778439524997197,1.9996411684483264,0.0,-0.0,0.0,0.0,0.0,0.0
2263,0.9977732687451684,-0.06217092581953732,-1.5818390717235655,-0.33050864455591467,0.6620970157164465,2.0011118089401263,0.0,-0.0,0.0,0.0,0.0,0.0
2264,-0.12529942859930152,0.727306825935299,-1.709743003970049,0.3353905607494656,0.8781782838362181,2.0010626621350904,0.0,-0.0,0.0,0.0,0.0,0.0
2265,-0.30692748708279477,-0.23967227975755187,-0.6015397225441782,0.8393463885299233,0.4310883656850503,1.9967786730217332,0.0,-0.0,0.0,0.0,0.0,0.0
2266,-0.29912724356231685,0.4351652762346848,0.0414563295638496,0.05108285460563593,-0.3921440513506709,2.0009337017135396,-6.16754492781941e-15,-1.3221645826724684e-14,-0.0,-0.0001412895932737564,0.00030200227400276167,-0.0006160602977241471
2267,0.4019012202774001,-0.7867604115117097,-2.9080984323386248,0.05355060991934359,0.613845479688755,1.996624180998568,0.0,-0.0,0.0,0.0,0.0,0.0
2268,0.8215554461849801,0.5523952668819232,-2.4989628597825164,-0.8845993801695932,0.11926600790941327,1.9999011250999192,0.0,-0.0,0.0,0.0,0.0,0.0
2269,0.4653416800269868,1.0357709948084384,0.4068064619622104,0.38531815492267474,0.5582285310366064,1.9973483725576353,7.58769313899247e-15,-1.6160499755735326e-14,-1.2968253176065983e-258,0.00017459641627646675,0.0003716121875270002,0.00011059175892409773
2270,-0.4128437840951164,0.786302385440139,-2.884490480338896,-0.08430344832879072,-0.47886656178396847,1.9988972372812785,0.0,-0.0,0.0,0.0,0.0,0.0
2271,0.3178081705514051,0.19906412653600794,-2.6953229470086413,0.4012993377794608,0.39448341060626774,1.9998483203365838,0.0,-0.0,0.0,0.0,0.0,0.0
2272,0.3143791793306288,0.4753620985009729,-4.221046300384044,0.7193245815667726,0.3914247052788419,1.9990697129364456,0.0,-0.0,0.0,0.0,0.0,0.0
2273,0.2583768414526479,-0.2822032784133826,-3.676479806861802,-0.26230358815693117,-0.3673878976948118,1.9996896839736036,0.0,-0.0,0.0,0.0,0.0,0.0
2274,-0.4414512145341897,0.7646910575101646,-2.060665155974775,-0.5212067350359642,0.7240719555311879,2.0000940458524243,0.0,-0.0,0.0,0.0,0.0,0.0
2275,0.5336696365362313,0.42487639052435516,-2.3886711729671526,0.4915330216975486,-0.4163684048721644,1.9968086901825697,0.0,-0.0,0.0,0.0,0.0,0.0
2276,0.9166472528564493,0.347526758106719,-2.9312275579351996,0.1449676627621817,0.5140462086268182,1.9991866863816357,0.0,-0.0,0.0,0.0,0.0,0.0
2277,-0.26179683833435624,0.7896765702145875,-4.325625107877644,0.8981997650863702,0.42481889911632575,1.998772401568114,0.0,-0.0,0.0,0.0,0.0,0.0
2278,0.3376920200627325,-0.8294793517605387,-2.3374695581713385,-0.1605441946419979,-0.12932443450905678,1.998422541228788,0.0,-0.0,0.0,0.0,0.0,0.0
2279,0.23041789549082317,0.6692124687407794,-3.843822057223926,-0.9044818323182671,-0.34954670024963536,1.9997996503072293,0.0,-0.0,0.0,0.0,0.0,0.0
2280,0.7402437972750818,-0.31499519455945246,-3.889365851015049,-0.06087705586726198,0.8430602503778005,2.000800824065863,0.0,-0.0,0.0,0.0,0.0,0.0
2281,-0.5888494263398674,0.7158124539150605,-0.7290065020075532,-0.2839033542955836,0.5799576653440393,2.0023996094032532,0.0,-0.0,0.0,0.0,0.0,0.0
2282,-0.2667335701673368,0.7968045411562521,-2.4084465322311215,-0.7829229739072627,0.5436131014665548,2.00298748532965,0.0,-0.0,0.0,0.0,0.0,0.0
2283,-0.06474681963661412,-0.48415465883343456,-0.2570301570444048,-0.5942485057344737,-0.5733562949897998,1.9996413988942068,0.0,-0.0,0.0,0.0,0.0,0.0
2284,0.8346844078523582,0.5265496843468754,-1.7458395695373201,-0.021926341737797186,0.6601307165452259,2.0003581594890645,0.0,-0.0,0.0,0.0,0.0,0.0
2285,0.4132926481352179,0.14019044690675062,-0.11443307816765419,-0.7433486282060882,0.20452396119115976,1.9998678988947387,0.0,-0.0,0.0,0.0,0.0,0.0
2286,0.3019853604558144,0.7826104022924687,-3.212911517918145,-0.16181294923520267,0.9514378548891461,2.0001563848696926,0.0,-0.0,0.0,0.0,0.0,0.0
2287,-0.18461445435127355,-0.2859585454376086,-0.7930617676318501,-0.882201451783613,-0.46448427421394534,2.0004995950398956,0.0,-0.0,0.0,0.0,0.0,0.0
2288,-0.15590614814541642,-0.26503308526670194,-1.4608946457384466,0.29569276957330964,-0.16399136807054965,1.996902643690199,0.0,-0.0,0.0,0.0,0.0,0.0
2289,-0.44826571788186753,0.2299280450174505,0.37448576077340145,-0.3476775322595993,0.45616176026437655,1.9997913281228317,-6.4371451235889355e-15,-2.5713414787281186e-15,-2.391811927688976e-277,-0.00014690058182891298,6.221971349966336e-05,0.00041802058119495155
2290,0.3300684401925654,0.013009245094699114,-0.007934618092686748,0.4175651075688351,-0.2382553419630262,2.000314220188532,0.0,-0.0,0.0,0.0,0.0,0.0
2291,0.20011471889664068,-0.17312798061142404,-0.7750943524354226,0.5141361065320532,-0.005487006088524185,2.0033069862108914,0.0,-0.0,0.0,0.0,0.0,0.0
2292,-0.28204961279579865,-0.5086761547477724,-1.4775911310394458,0.7752838554504748,0.09064890046476655,1.9973656787673206,0.0,-0.0,0.0,0.0,0.0,0.0
2293,-0.1482857604685628,-0.031387479775104074,-4.167026415574509,-0.5937948036380304,-0.5760197539177628,2.0003393459866987,0.0,-0.0,0.0,0.0,0.0,0.0
2294,-0.06477027315456943,-0.9669074147582996,-3.43239572044869,0.9898369566067015,-0.11214953601711301,1.9982202645932798,0.0,-0.0,0.0,0.0,0.0,0.0
2295,0.7312001027956164,-0.6651277986635635,-3.7953833502252596,0.4840098353798989,-0.5459310578513284,1.9982081587107203,0.0,-0.0,0.0,0.0,0.0,0.0
2296,0.1452730555229141,-0.6278866522687787,-3.461958386424491,-0.1404504471458414,0.05611130057163624,1.9997469790651994,0.0,-0.0,0.0,0.0,0.0,0.0
2297,-0.4056083890282243,-0.5668593693306334,-3.6053497813063204,0.3243582212155435,-0.2636925686587183,1.9982211184315273,0.0,-0.0,0.0,0.0,0.0,0.0
2298,-0.2055065774046271,0.4899274506428965,-1.6836524361894214,-0.42794971482513455,0.05164770605509161,1.998270350354928,0.0,-0.0,0.0,0.0,0.0,0.0
2299,-0.03791492881449936,-0.45537787284565123,-4.014840739063412,-0.7287700817900876,-0.18565319121922158,2.002257252749482,0.0,-0.0,0.0,0.0,0.0,0.0
2300,-0.5754280774054017,0.38827364351999905,-2.8750685350007856,0.6159827020417615,-0.17155068497950662,1.9988687022704914,0.0,-0.0,0.0,0.0,0.0,0.0
2301,-0.2483047078361969,-0.6657990116462221,-4.027716912406315,0.05888830122376458,0.09709183084173548,1.9996778674713935,0.0,-0.0,0.0,0.0,0.0,0.0
2302,0.9131385424955909,0.13949832057240477,-0.26027354486973614,0.5368787321877931,-0.13454870737405675,1.9997174481022142,0.0,-0.0,0.0,0.0,0.0,0.0
2303,0.7992703772128251,-0.025712571637934927,-4.342879018947842,-0.8984710999705683,0.18597265294041984,2.0022254305881555,0.0,-0.0,0.0,0.0,0.0,0.0
2304,0.046315227887281256,0.8299479601596231,-1.3733251098165913,0.17883771685362368,-0.2487780383279735,1.995040255984357,0.0,-0.0,0.0,0.0,0.0,0.0
2305,0.12520365453784452,-0.4146533499630479,-1.0591109008030757,-0.24515969801935636,-0.7191585408827069,1.9991382206470378,0.0,-0.0,0.0,0.0,0.0,0.0
2306,-0.2334070568458866,-0.22415270349388658,-2.6312004258640984,-0.7554548921964809,-0.3632340075436576,1.999930259301837,0.0,-0.0,0.0,0.0,0.0,0.0
2307,-0.4923651318955407,0.25658264570186756,-4.207877737999287,0.7335087147981142,-0.4925690223955227,2.0041513611074913,0.0,-0.0,0.0,0.0,0.0,0.0
2308,0.9405739181050754,0.2464766154194417,-1.1840049607181025,0.6834020396377619,-0.32481724840059634,1.9978804683716012,0.0,-0.0,0.0,0.0,0.0,0.0
2309,0.24706434129791513,-0.8367227230025642,-0.45661112754234545,0.29813649525068486,-0.7988654211523891,2.0017146246602526,0.0,-0.0,0.0,0.0,0.0,0.0
2310,-0.4308537964409253,0.33695672576675334,-3.4420014708894464,0.14312045945120186,0.2998115517126566,2.0001681290401447,0.0,-0.0,0.0,0.0,0.0,0.0
2311,0.03248277267688872,0.8702516429069858,-0.8453090272601088,-0.4762270657517118,0.27780449381486305,1.9974149173550773,0.0,-0.0,0.0,0.0,0.0,0.0
2312,0.575802029272249,0.5381546725842511,-3.8372989337263825,0.43221912715502164,-0.31055079278243714,2.000136393569597,0.0,-0.0,0.0,0.0,0.0,0.0
2313,0.37567807901676903,0.7570734619434054,0.027519246725515215,-0.5187295538644766,0.5689359457342461,2.000398755200382,-8.969725255748605e-14,2.685488474837748e-14,0.0,-0.002127501436925376,-0.0007489013393148675,0.0003054550180445801
2314,0.5454763508070506,-0.6028047137208377,-4.097130139309422,0.7279291419685648,0.5497823880375546,2.0005938698255044,0.0,-0.0,0.0,0.0,0.0,0.0
2315,0.39150645480586443,-0.5569383442997006,-1.656962205353345,-0.611329896875257,-0.1981724548236265,2.0007792584390285,0.0,-0.0,0.0,0.0,0.0,0.0
2316,-0.7164099754057929,-0.029593240624255685,-3.67920781583709,0.8771231317678788,-0.30889798405745533,2.0008629067216095,0.0,-0.0,0.0,0.0,0.0,0.0
2317,0.7790904055343563,-0.522107261280564,-1.7786748566157617,-0.2809809192253877,0.2776354279705136,2.000440762760945,0.0,-0.0,0.0,0.0,0.0,0.0
2318,0.5186083677901523,0.43206266029233664,-3.586098029168168,-0.2641893778759253,0.5534109999640011,1.9964606225565213,0.0,-0.0,0.0,0.0,0.0,0.0
2319,-0.4056632078400555,0.668436053922943,-3.2273157495097955,0.18163567160029467,0.6971435794248191,2.000498833437726,0.0,-0.0,0.0,0.0,0.0,0.0
2320,0.660196055063561,-0.7257873913695767,-1.7946714665431729,0.022876799910826702,0.2691170325124752,1.999603788452079,0.0,-0.0,0.0,0.0,0.0,0.0
2321,0.6848066514292351,-0.6906038446023474,-2.955696286922386,-0.14977282193214744,0.6483890009622791,2.0025019282966094,0.0,-0.0,0.0,0.0,0.0,0.0
2322,0.4726700098209612,-0.74945261243113,-0.532510088405039,0.4192858571932689,0.9019673504757483,2.000574139779623,0.0,-0.0,0.0,0.0,0.0,0.0
2323,0.8678408835698569,-0.14085179396479053,-2.633555738201627,0.4320102668650454,-0.4279865611013501,2.0016406916480776,0.0,-0.0,0.0,0.0,0.0,0.0
2324,0.004825553765888186,-0.17730324422633104,-4.349734135632495,0.4085358147100684,-0.10563847683216608,1.9974497042716381,0.0,-0.0,0.0,0.0,0.0,0.0
2325,0.04778005576516576,-0.07500041420092995,0.15886704485526046,-0.2662300286353604,-0.2768045681387722,2.0010017244810734,9.169178401408686e-15,-5.247733704724194e-15,-0.0,0.00021146156504449248,0.00012050064814496474,-0.0002341162883973153
2326,-0.8397151600317173,0.3976288543912083,0.3042124458310438,0.3681323667032484,0.23978971404070518,2.001149040709713,-1.964030675295839e-14,-1.1159724926942186e-14,-3.8948094e-317,-0.0004506569897466659,0.00025671585467154683,0.00022599468721819693
2327,-0.5701813746901809,-0.7399257607256574,0.41814403112678045,-0.12453542191363082,0.1746859366138726,2.0005352409927544,-2.3999043997543857e-14,-2.7925980628641453e-15,-4.121588122149943e-252,-0.0005498978577288394,6.139178213153664e-05,0.0006063548233056126
2328,0.040462542237030205,-0.04311616067743031,-0.03351241045776423,0.3259828764011117,-0.6162105873254096,1.9991567261951966,0.0,-0.0,0.0,0.0,0.0,0.0
2329,0.7787666565478277,-0.46143605094105966,-3.8573830796237574,-0.282913431930161,0.30023207342585484,1.9986390481403045,0.0,-0.0,0.0,0.0,0.0,0.0
2330,-0.5456635158780724,0.6711591685537409,-3.9208133768183906,0.5461486762109908,0.38393565389949397,1.9995524178239605,0.0,-0.0,0.0,0.0,0.0,0.0
2331,-0.31787919044136653,-0.03213581658430636,-1.3697492231380601,0.8074960959337215,0.24058372468220018,1.9960643362594699,0.0,-0.0,0.0,0.0,0.0,0.0
2332,-0.41997173980546715,0.10313815636318877,-0.05952099774276364,0.21227482133023,0.498436075973219,2.000046847818835,0.0,-0.0,0.0,0.0,0.0,0.0
2333,-0.4728830202771651,-0.1182905123525814,-1.6973937460829658,-0.5682978865126819,0.5346359335625788,1.9979748168828693,0.0,-0.0,0.0,0.0,0.0,0.0
2334,-0.2716925316647895,0.9589265790275117,-0.16082013834510078,-0.38616744104174866,-0.2635732711883157,1.9980878706975964,0.0,-0.0,0.0,0.0,0.0,0.0
2335,-0.6264721111627344,-0.7779540878968448,-4.105088327668247,-0.6630051998518759,-0.20634045186071376,1.9966211151009408,0.0,-0.0,0.0,0.0,0.0,0.0
2336,-0.09195249857883088,0.2572901337223045,-4.41844649057051,0.20592323169536256,-0.45731232850009035,1.9981055755413861,0.0,-0.0,0.0,0.0,0.0,0.0
2337,-0.40405345419275557,-0.7774193201316055,-2.088628073216665,-0.648360217692297,0.643997963652751,2.0054977313241094,0.0,-0.0,0.0,0.0,0.0,0.0
2338,-0.4256658400738376,0.5399122854595406,-2.6016634775129353,0.10725417020685664,-0.784717171928419,2.000356032053157,0.0,-0.0,0.0,0.0,0.0,0.0
2339,0.3048140596482274,0.3450771826131034,-4.268304361174241,0.13240728247205943,-0.8031524202275415,2.000841287338306,0.0,-0.0,0.0,0.0,0.0,0.0
2340,-0.46104247921007313,-0.4679997823704957,-0.8088264765504701,0.8990673803120504,-0.025311920510756133,2.001340555116701,0.0,-0.0,0.0,0.0,0.0,0.0
2341,0.06286887321538896,0.8302321596708431,-1.5175205645220824,-0.5106524141774681,-0.5559133851789878,2.0006793510277556,0.0,-0.0,0.0,0.0,0.0,0.0
2342,-0.34905939172696643,-0.01286146061149241,-3.354464649184441,-0.032877652445053376,0.18870680985714103,1.9975190983918505,0.0,-0.0,0.0,0.0,0.0,0.0
2343,-0.7391785250828732,0.04578395666835362,0.26643628927191737,-0.6359137363959845,-0.6220304633961355,2.0010559389812657,-1.9521117368349215e-14,-5.089912755718697e-15,0.0,-0.0004478599358029035,0.00011659443201017079,5.231093384487535e-05
2344,-0.3535650322813127,0.25122005184429663,-1.9181994797981587,0.10124792186126995,-0.5379183698446277,2.001722735264711,0.0,-0.0,0.0,0.0,0.0,0.0
2345,-0.1230519548110119,-0.4067220374438185,-3.9707238522401167,0.1132796337727884,-0.7921483089109234,2.002022911411221,0.0,-0.0,0.0,0.0,0.0,0.0
2346,0.5896997289105901,-0.5430908911228937,-1.9984705768171032,-0.5179053353462673,0.45969375262413675,2.0029682086625233,0.0,-0.0,0.0,0.0,0.0,0.0
2347,0.39787995757680533,0.5923753509737401,0.08733474440642415,-0.5137949760213951,-0.5783061788101903,2.000411570767933,-6.975479812948354e-15,-1.8579976169108613e-14,-0.0,-0.00016078542851261644,0.00043093356312983453,-0.0006504260791308817
2348,0.2085697260915245,-0.47229334312118393,-0.40959035954976414,-0.3127912423910188,0.10416287902375623,1.9970412086696743,0.0,-0.0,0.0,0.0,0.0,0.0
2349,0.42421903786028914,0.10121330522585183,-1.213018054642836,-0.19137081004138637,0.6461433353095628,1.9979156192480392,0.0,-0.0,0.0,0.0,0.0,0.0
2350,-0.0956532637201354,-0.11422749406835984,-0.22433369124768318,-0.3416140318360147,-0.3768147915836784,2.0007464391656917,0.0,-0.0,0.0,0.0,0.0,0.0
2351,-0.3455838450219171,-0.38582901725806734,-4.103842998654195,0.08880319457230097,-0.628592827962631,2.000494724241512,0.0,-0.0,0.0,0.0,0.0,0.0
2352,0.5488293920831986,-0.5430339982030831,-3.978824610436462,-0.5936155938640865,0.6574040941669604,1.9993449420240763,0.0,-0.0,0.0,0.0,0.0,0.0
2353,-0.7022425131399082,0.21800727158938837,-1.1980060709740412,-0.030225333865069197,0.4459103826984647,1.99819984881742,0.0,-0.0,0.0,0.0,0.0,0.0
2354,0.6010917464539696,-0.21703568899721384,0.3300044248211105,0.4034642161061473,-0.6337092007949813,1.9982609814016332,-8.585155456811214e-15,1.9594737669774987e-14,-4.4466875511882566e-303,-0.00019970128506943013,-0.00043957933874904005,-0.0001610120401799569
2355,0.5975654694017738,-0.6931102369397947,-3.833931210681066,0.8900449753429822,0.39014408675966283,1.9999884407874953,0.0,-0.0,0.0,0.0,0.0,0.0
2356,0.21926694471390298,-0.04487791477551634,-1.7308556862377285,-0.890514721434019,0.1867309474998123,1.999191972134832,0.0,-0.0,0.0,0.0,0.0,0.0
2357,0.6670657368245764,-0.5956215476701182,-3.8453868067042998,-0.24877107363086431,-0.76884149395209,2.0024928085913936,0.0,-0.0,0.0,0.0,0.0,0.0
2358,0.0683146275143289,-0.9020542722373273,-1.6299077313135062,0.6267343282738195,0.6694304878463695,1.995366085425622,0.0,-0.0,0.0,0.0,0.0,0.0
2359,-0.4842789400283172,0.4496287667290996,-3.0288305545619165,-0.603471326044482,-0.4452092539256721,2.0017358848788995,0.0,-0.0,0.0,0.0,0.0,0.0
2360,0.2976060915107155,0.4169847980185046,0.3489816727653292,0.6104626193698041,-0.651660038996599,1.9997967101183165,1.1117941573518921e-14,-1.4082035815864862e-14,2.1049386569488865e-292,0.0002551132099096185,0.00032246017181523207,0.00039983277555741666
2361,-0.5793375678873508,0.8010275363097985,-1.5903803662716216,0.43253758833948625,0.38619101203984957,2.0008451720181917,0.0,-0.0,0.0,0.0,0.0,0.0
2362,0.29586523669131937,0.7160014160178151,-1.398967251852423,0.517693961326285,0.4003714132266096,1.9986541124306372,0.0,-0.0,0.0,0.0,0.0,0.0
2363,-0.579987893655269,0.615803259946208,-0.4457189228869227,0.9472050337558,-0.23497189520993778,2.002104270843718,0.0,-0.0,0.0,0.0,0.0,0.0
2364,0.5204183814801687,-0.5693883776405821,-3.947571670903689,0.8997289744292493,0.4038762052529987,1.9993351558945809,0.0,-0.0,0.0,0.0,0.0,0.0
2365,0.19890281578113386,0.652941802019953,-2.821016650218144,-0.08248926433385587,-0.9273432454960681,1.9977771013226957,0.0,-0.0,0.0,0.0,0.0,0.0
2366,0.4848716670666229,0.8060113745143195,-4.3712861509269105,0.5659478807459056,0.6461263030778774,1.997957272373164,0.0,-0.0,0.0,0.0,0.0,0.0
2367,-0.28717944189554034,0.814296076110714,-2.6922180712126487,0.2978667456433019,-0.24171299012511588,1.999463496305288,0.0,-0.0,0.0,0.0,0.0,0.0
2368,0.3087383263848358,0.141256290757339,-2.435341413131244,-0.8879968820892488,-0.031938445263046164,1.999632798152556,0.0,-0.0,0.0,0.0,0.0,0.0
2369,0.3166261290479498,-0.12085499344805868,-4.272836910305386,0.8303041212417144,0.4290861517960647,1.99706743222617,0.0,-0.0,0.0,0.0,0.0,0.0
2370,-0.7243491041889346,0.5411634107987823,-3.887972626713788,-0.09459687001396204,-0.6216287780677385,1.9984605490941507,0.0,-0.0,0.0,0.0,0.0,0.0
2371,0.41837536289393146,-0.4696399023042073,-4.287845015235323,0.39495605679780976,-0.5229951883073874,1.998827823434664,0.0,-0.0,0.0,0.0,0.0,0.0
2372,-0.9114089476190758,-0.058493142195544495,0.3127327668417334,0.08980975995332843,0.5843649913288406,2.0017823507680332,-2.806699300749581e-14,-1.1351590187411974e-15,-2.145248003197e-312,-0.0006442602573351672,2.613571112498646e-05,7.683284507233603e-05
2373,-0.07146570069062513,0.7060543927639433,-4.400162556150992,0.5101708136599087,0.367772692026147,1.9953107370961056,0.0,-0.0,0.0,0.0,0.0,0.0
2374,0.6329418072527337,0.07722518407477465,-0.7069337856194918,0.4243570384896331,0.23597751335190578,1.9982234544424085,0.0,-0.0,0.0,0.0,0.0,0.0
2375,-0.37633702632385563,-0.08022080987856389,-3.814280195586379,-0.304682105134074,-0.2959542963241559,1.9996903171179252,0.0,-0.0,0.0,0.0,0.0,0.0
2376,-0.07034165856019552,0.7194490322978339,-3.7175158220887603,0.35863945553227183,0.14538613940421652,1.9980971067716269,0.0,-0.0,0.0,0.0,0.0,0.0
2377,-0.06559998801138495,0.037517973823360404,-1.311025793231464,0.20728542828169352,0.3051937452385869,2.0000123753051593,0.0,-0.0,0.0,0.0,0.0,0.0
2378,-0.33096160582867956,0.12304517563721323,-2.3567720129604246,0.39204379589180016,0.480174545666635,1.9985644307332955,0.0,-0.0,0.0,0.0,0.0,0.0
2379,-0.32822064608289214,-0.6896955941354244,-4.460666498928802,-0.36107413170413505,0.9073844768608549,1.9979395214818498,0.0,-0.0,0.0,0.0,0.0,0.0
2380,-0.1811880825470654,0.6821437351552454,-1.4992066203343286,0.32023908824765085,0.12344505260486713,2.0007373998627362,0.0,-0.0,0.0,0.0,0.0,0.0
2381,-0.34355706065403524,-0.27047929287736416,-1.5070207872525532,0.0975674306656399,0.6238823109091691,1.9996454633048355,0.0,-0.0,0.0,0.0,0.0,0.0
2382,-0.18207595805676416,-0.46584220610787047,-2.323557491786009,-0.5224773304499633,-0.14106142702357632,1.9996453534769243,0.0,-0.0,0.0,0.0,0.0,0.0
2383,0.4535646360190057,0.732782565055551,-3.3961847495771327,-0.1976420737831102,0.10657714279534415,1.9979852013990622,0.0,-0.0,0.0,0.0,0.0,0.0
2384,-0.16858988237105546,1.0033459958177307,0.3817184322451473,0.48900183621337345,0.570085037736265,1.9986483174781182,-8.62888815952384e-16,-2.8655126990122264e-14,7.568064085108086e-273,-2.3065720893107867e-05,0.0006589820454718925,0.0004098558718015805
2385,0.5424412738070284,-0.03140247863050338,-0.8802860130097022,0.415822168451271,-0.6225391415237229,2.003479288110989,0.0,-0.0,0.0,0.0,0.0,0.0
2386,-0.2092215286093443,-0.7000684965125767,-0.8114091397881087,0.4742883860235988,-0.5175228883843495,1.9976877630340086,0.0,-0.0,0.0,0.0,0.0,0.0
2387,-0.1320441059479995,0.7123345138878332,-1.082587509534725,-0.5823785078191532,-0.6635797252581555,1.9984145245825176,0.0,-0.0,0.0,0.0,0.0,0.0
2388,-0.15792356797843488,0.003917931209226597,-2.3144051924789872,0.44716382367001084,-0.6939889347113236,1.9997405652404414,0.0,-0.0,0.0,0.0,0.0,0.0
2389,0.5913873040173591,-0.15730401743484607,-2.0189038695817407,-0.6747520421783466,0.07238964797749699,2.0002508079988974,0.0,-0.0,0.0,0.0,0.0,0.0
2390,0.8126987507300303,-0.48069167112395833,-3.4044109099061695,0.04261698039520467,0.838227112277517,1.996209697110674,0.0,-0.0,0.0,0.0,0.0,0.0
2391,-0.6531336512109032,-0.4487476815613537,-3.0183640173371726,0.6608896827536282,0.18532020004456093,1.9984667216286651,0.0,-0.0,0.0,0.0,0.0,0.0
2392,-0.23975645313093538,0.5866856828357698,-3.1555388963489133,-0.3214918134890596,0.6646432845551965,1.9980996687314203,0.0,-0.0,0.0,0.0,0.0,0.0
2393,-0.06789816416886726,-0.9666163096401863,-4.028360092789587,0.2796192374862755,0.7490440360587134,1.9999978340360216,0.0,-0.0,0.0,0.0,0.0,0.0
2394,0.6137120863911399,-0.7045349515604374,-0.2910838722072002,0.1714524005992308,-0.15575222329204128,2.0031475609669123,0.0,-0.0,0.0,0.0,0.0,0.0
2395,0.4127393697646577,-0.4534236344050866,-1.4243863774510779,-0.0780794556128765,-0.09384464301362022,1.9991095686396583,0.0,-0.0,0.0,0.0,0.0,0.0
2396,-0.07432945700995178,-0.8342755575047042,-2.1769914899532425,-0.6244846153262814,-0.6077771797705132,1.9964669406293123,0.0,-0.0,0.0,0.0,0.0,0.0
2397,0.8401149029365933,-0.07663507438900594,-3.213092093389133,-0.2981170973370021,-0.15919912995260485,1.9963802101867263,0.0,-0.0,0.0,0.0,0.0,0.0
2398,-0.026859542073605167,0.3878367135198049,-0.9823768890183807,0.14164405536125438,0.24770116193767733,1.9966907402291663,0.0,-0.0,0.0,0.0,0.0,0.0
2399,0.36677331413334024,-0.0007954395604471439,-2.31587349266788,0.7091083516034584,0.25496611190248747,2.001005130933404,0.0,-0.0,0.0,0.0,0.0,0.0
2400,-0.19601518362726233,0.4582669339769059,-0.2185787537426982,0.8366166366892972,0.33728870860441496,2.0028310540159557,0.0,-0.0,0.0,0.0,0.0,0.0
2401,0.41219574704424977,-0.6418892915542264,-2.3752828187336332,-0.30888084993913606,-0.008899854850203212,1.9976747052448771,0.0,-0.0,0.0,0.0,0.0,0.0
2402,-0.6622250478428146,-0.3390959282407031,-2.794730556206293,-0.4056701363353414,0.033446071121080556,1.9988819401471876,0.0,-0.0,0.0,0.0,0.0,0.0
2403,0.8581870013875955,0.3369698809010762,-1.4980791208006379,0.7018074597341589,0.2394972714237864,1.997276479007829,0.0,-0.0,0.0,0.0,0.0,0.0
2404,0.5533184361781124,-0.014371396269228518,-1.282490869454801,0.16165773612117698,-0.37171186058704264,1.999512647129497,0.0,-0.0,0.0,0.0,0.0,0.0
2405,-0.37719644694202276,-0.8961237019654281,-3.995149650591778,0.8812590325893808,0.23424713247211057,1.998302703170105,0.0,-0.0,0.0,0.0,0.0,0.0
2406,-0.5131286754128844,0.6818793190846318,-1.7229242691203768,-0.5855739445465022,-0.14232261519114767,1.996331340187156,0.0,-0.0,0.0,0.0,0.0,0.0
2407,-0.09267221342661516,0.4715563311444652,-1.2120336218485068,-0.06949994167176338,-0.8474261536327427,2.0010738196513507,0.0,-0.0,0.0,0.0,0.0,0.0
2408,0.2012608783248279,-0.20454129776691768,-0.0675438209661718,0.2349706921726954,-0.8241655532584147,2.0015895016375422,0.0,-0.0,0.0,0.0,0.0,0.0
2409,-0.6205797917163168,0.6700497167222268,-2.04579823848545,-0.4323292682914998,-0.3913125335703803,1.9990294631049468,0.0,-0.0,0.0,0.0,0.0,0.0
2410,-0.29765765151322443,0.24676847394033785,-4.331635476465616,0.11878681943343755,0.1629122367630591,2.0022833538166966,0.0,-0.0,0.0,0.0,0.0,0.0
2411,-0.5037919513418478,-0.09178802744537745,-2.5627699983617287,-0.2786307877344131,-0.7725188901242427,2.000176689470041,0.0,-0.0,0.0,0.0,0.0,0.0
2412,-0.06809992508692506,-0.6591196152317982,-4.286337223778022,0.7760448053424657,-0.27566190902872045,2.002895534949986,0.0,-0.0,0.0,0.0,0.0,0.0
2413,-0.6186594117132006,0.19422737083834468,0.390557501836121,0.4459235182477439,0.3010722407296557,1.9998224164944913,-7.51228151820927e-15,-8.391907900576544e-15,-5.625256174899752e-268,-0.00017216251300827514,0.00019496778747841732,0.0002462388461166486
2414,0.08360577754473561,0.9164556510034139,-2.710120747705631,0.6843946166278554,-0.0691287583619922,2.0005253003265575,0.0,-0.0,0.0,0.0,0.0,0.0
2415,0.5907835868545585,-0.529612808156272,-2.4018778201498714,0.23234672459025776,-0.28975681412301485,1.9969763732377088,0.0,-0.0,0.0,0.0,0.0,0.0
2416,-0.5563563736997025,-0.3217062467002288,-2.8838659980330767,-0.5169157637679536,0.17859277389046588,1.99563540224703,0.0,-0.0,0.0,0.0,0.0,0.0
2417,-0.2732626968493141,-0.38718586480806627,0.2510296531070238,0.38447475917163726,0.1290567567295475,1.9983677972818288,-1.2340772481044503e-14,1.5452320136277326e-14,-0.0,-0.0002831657700469947,-0.00035497207860719004,-7.14179871582346e-05
2418,-0.3557403279114935,0.830611218365101,-4.1636862112157,-0.09137682768848868,-0.982956070944606,1.9990363066876233,0.0,-0.0,0.0,0.0,0.0,0.0
2419,0.5752593806459921,0.4651969320689329,-2.514656204522172,-0.5801663047594219,-0.6787583409827503,1.9970254111153156,0.0,-0.0,0.0,0.0,0.0,0.0
2420,-0.26695289530786365,-0.006335304671271714,-1.1719443099410838,-0.27951067696619936,-0.6462051719112164,1.9977512868727063,0.0,-0.0,0.0,0.0,0.0,0.0
2421,0.19573248728255188,-0.5076034480712114,-3.647757980908964,-0.30257283688898573,-0.18024314647617887,2.001704632212029,0.0,-0.0,0.0,0.0,0.0,0.0
2422,-0.3251896402093618,0.6446828345133123,-2.5541787690154503,0.35349813393912005,-0.5444549246016341,2.0051349638041156,0.0,-0.0,0.0,0.0,0.0,0.0
2423,0.21439172418375338,-0.5640413601882631,-1.149079903147435,-0.8776331794598077,-0.25643777495743625,1.9966748959454832,0.0,-0.0,0.0,0.0,0.0,0.0
2424,-0.15851904828075922,0.3114823844885428,-4.3654781531661015,0.09319944471173433,-0.6543349471257534,2.001038957701821,0.0,-0.0,0.0,0.0,0.0,0.0
2425,-0.2410670012042458,0.8767276661790079,-3.0387941735805275,-0.6244250533006945,0.11605516626541826,2.0010890187348642,0.0,-0.0,0.0,0.0,0.0,0.0
2426,-0.36338569021083383,-0.5987171569778331,-1.7658453867594024,-0.14749248348176575,0.532575805954461,2.0019383284749037,0.0,-0.0,0.0,0.0,0.0,0.0
2427,-0.5296849081253419,-0.03149498119460892,-3.902516879637371,-0.6584581135270041,-0.6958289290475654,2.000689114761784,0.0,-0.0,0.0,0.0,0.0,0.0
2428,0.8159114609982381,-0.4647669980968588,-4.389340873914965,0.7607781427961758,-0.011593207878194775,2.0014726658171145,0.0,-0.0,0.0,0.0,0.0,0.0
2429,0.39691522881622116,-0.3592899721735051,-1.4070006776353383,0.6315158360612787,0.6968094140904424,1.9994886136316465,0.0,-0.0,0.0,0.0,0.0,0.0
2430,0.09958324812577636,-0.7656879533667862,-0.9610447877537377,0.32429360105979405,0.3434893694937117,1.9993100429160846,0.0,-0.0,0.0,0.0,0.0,0.0
2431,0.6738810135200155,-0.1864737565970965,-4.321764424873214,0.28592550626606855,-0.21628361329071988,1.999140542337959,0.0,-0.0,0.0,0.0,0.0,0.0
2432,0.246865857346934,-0.22267156951520783,-1.1265326028678793,0.8686198265423407,-0.4390994143239624,2.001021957852831,0.0,-0.0,0.0,0.0,0.0,0.0
2433,-0.006399820064724543,0.6007874697168801,-2.5456474518002117,0.3247371731089361,-0.5214827565628015,1.997931226851246,0.0,-0.0,0.0,0.0,0.0,0.0
2434,-0.023158029123712294,-0.26594420705259314,-3.396392466794755,0.3564345850795963,-0.7320633311952544,1.9978377330236545,0.0,-0.0,0.0,0.0,0.0,0.0
2435,-0.09502550400451153,0.8216985379674866,0.05524254580864117,-0.5094981312880293,-0.1517033505427128,1.9986520537544847,-1.3944212054628713e-14,-3.7814557158598717e-14,-0.0,-0.0003200528145598919,0.00087191687630028,-0.00014246377158369554
2436,0.6754484772015648,0.6058689792230358,-1.0953165698794762,0.13439297513878218,-0.06612356488575863,1.9984710658393108,0.0,-0.0,0.0,0.0,0.0,0.0
2437,0.37369011531476004,0.6380791510173127,-2.6957022776966677,0.4660721960904279,-0.07317882269567604,2.003496372761109,0.0,-0.0,0.0,0.0,0.0,0.0
2438,-0.493745273151662,-0.4844901399731009,0.13995614999062173,0.7307029377167329,0.010559095425770985,2.0006418520118125,-1.0612585475785735e-14,1.6090149084923996e-14,-0.0,-0.0002432004349204789,-0.00036949787754182733,-0.0002247539958797946
2439,-0.11618169150083718,0.11201521716938159,-1.8793891018789333,0.36104534394423216,0.9318037955976888,1.9990037368425124,0.0,-0.0,0.0,0.0,0.0,0.0
2440,-0.5222468490367334,0.5742072148056309,0.24300343129836843,-0.5934231881691135,-0.19151187131793043,2.004398176506721,-4.2010940232375876e-15,-2.0593510806325973e-14,-0.0,-9.833286710943751e-05,0.00046897707599014325,-6.426095045815588e-05
2441,-0.07953219635477474,-0.3278797626389519,0.46492963386566827,0.8861026149055029,0.36481801896001625,2.0031603854505122,-2.4068407409515612e-15,1.7481210524479375e-14,1.1252777123977951e-226,-5.447070127188675e-05,-0.0003899298313071043,0.0005783202201380399
2442,0.6342176905020744,0.6218034362865429,-3.6898987597001502,0.4844589081372155,-0.7875842489233825,1.9965684078144552,0.0,-0.0,0.0,0.0,0.0,0.0
2443,-0.36135359385751553,0.5504031140651592,-0.8763344334235073,0.7983754336672417,0.39208795489510434,1.9982712958144486,0.0,-0.0,0.0,0.0,0.0,0.0
2444,0.12095276516633693,-0.8661037983820362,-3.981814475603298,-0.3257252943259336,0.15544193367184608,1.9975815753603612,0.0,-0.0,0.0,0.0,0.0,0.0
2445,0.39563793496943467,0.1491847187002034,-2.6986224867558746,-0.23833285936966275,0.5999445038945027,2.0003725940362083,0.0,-0.0,0.0,0.0,0.0,0.0
2446,-0.1946785970015808,0.023522452658142488,-1.3788707107247076,-0.3747542243526632,-0.7167422534694243,2.001509568532972,0.0,-0.0,0.0,0.0,0.0,0.0
2447,0.5622067201332548,0.28836935602788133,-1.1710983392312717,-0.5489605095990202,0.3504432565289696,2.0010667635652983,0.0,-0.0,0.0,0.0,0.0,0.0
2448,0.7954421818345744,-0.3960923260459873,-1.4327759421403914,0.08120927541250525,-0.18759784695018944,2.0021708221552763,0.0,-0.0,0.0,0.0,0.0,0.0
2449,-0.7140596377934373,-0.12648794414838885,0.36614495217848125,0.42997295072224234,-0.5751638774655883,2.0005611784484234,-4.3338333813486215e-15,8.649007193720478e-15,-5.951900896074131e-282,-0.00010217885562300577,-0.00019688294250363187,0.0005715256524854007
2450,0.6406133908783257,-0.3271818150124079,-2.1650328124012144,0.11481787140529423,-0.6688013060254275,1.9995242986576822,0.0,-0.0,0.0,0.0,0.0,0.0
2451,0.30808371525647377,0.9439725590223556,-4.45825434307313,-0.22802737855817987,0.20082319688152306,2.0046684151934255,0.0,-0.0,0.0,0.0,0.0,0.0
2452,-0.07239214928447985,-0.18500103268302817,-2.5712127389461585,0.49984916757865905,0.7275877367005389,2.002251617907557,0.0,-0.0,0.0,0.0,0.0,0.0
2453,-0.6191351359736394,-0.489813154835252,-1.8339086914188298,0.12853551060039403,0.9836503804976199,2.0028781029216094,0.0,-0.0,0.0,0.0,0.0,0.0
2454,-0.959907573017297,-0.07290792057942033,-3.262620522026144,-0.5852972094647025,-0.8011960183646025,1.997829871876457,0.0,-0.0,0.0,0.0,0.0,0.0
2455,0.19322762815698372,-0.7472810317963885,-1.9012603758356952,0.9721625411064121,0.08121191751804632,1.9977054401694698,0.0,-0.0,0.0,0.0,0.0,0.0
2456,-0.1058802347582555,-0.16927178310839108,-2.915540968410818,-0.27933448822392387,0.17226834433798222,1.9942531449854235,0.0,-0.0,0.0,0.0,0.0,0.0
2457,-0.15219414755640762,-0.4819238671629681,-0.9819392649941137,0.5853199658739284,0.5460726812576615,2.002794985714078,0.0,-0.0,0.0,0.0,0.0,0.0
2458,0.3503179862084616,-0.5011704861602256,-1.5942812892984561,0.4111681967210993,0.43760446998438396,2.0005100568044294,0.0,-0.0,0.0,0.0,0.0,0.0
2459,-0.514567049787947,0.7078830575391789,-2.242368763073305,-0.06707959380790601,0.6112114992869497,2.0021002262097083,0.0,-0.0,0.0,0.0,0.0,0.0
2460,-0.25430843665839875,0.02287307666814932,-2.9516313175257194,-0.33198666276232314,-0.1409872838533701,2.001969920033794,0.0,-0.0,0.0,0.0,0.0,0.0
2461,-0.9113041507015148,-0.11032781678086964,-2.277526182095412,-0.5754540814874229,-0.41321388548096327,2.001871146872089,0.0,-0.0,0.0,0.0,0.0,0.0
2462,-0.283380414577258,0.40717592779018325,-1.270233273796813,0.4308537666718065,0.7974475432554561,1.9995400436174582,0.0,-0.0,0.0,0.0,0.0,0.0
2463,0.057631265435511246,0.022445052469348664,-2.4463524004024086,0.22884062889187606,0.7452448904790451,1.997563146675218,0.0,-0.0,0.0,0.0,0.0,0.0
2464,0.4631476290274214,0.8639866575880697,-3.1540634967906156,0.30821310902003185,-0.46300384712866166,2.0019187871437913,0.0,-0.0,0.0,0.0,0.0,0.0
2465,0.17885290693490327,-0.793628676400464,-4.3814497248003175,0.22036898119695314,0.6981594077276196,1.9998429438465821,0.0,-0.0,0.0,0.0,0.0,0.0
2466,-0.34554712238698554,0.07662199386215689,-2.689329986719182,-0.3223110588845072,-0.5485838188526581,1.9986648181394764,0.0,-0.0,0.0,0.0,0.0,0.0
2467,-0.4475441481940764,0.8741197651239163,-3.4230652382711364,0.6847321203597282,0.6784126022811714,2.001371998528084,0.0,-0.0,0.0,0.0,0.0,0.0
2468,-0.1706284467883163,-0.635474184170443,-1.394359350279903,0.16257279948694567,-0.36667004380396645,1.9991065968662587,0.0,-0.0,0.0,0.0,0.0,0.0
2469,-0.5721442106510258,-0.43439108275241634,-2.341632335314805,0.5056153905631096,0.7593706453779926,1.9991654738368616,0.0,-0.0,0.0,0.0,0.0,0.0
2470,-0.7028296179384079,-0.532058921906942,-2.6879197568797197,-0.0726092664086209,0.6599119233829861,1.9998924427903633,0.0,-0.0,0.0,0.0,0.0,0.0
2471,0.20029064630337107,-0.30541500839690894,-3.8562622585992252,-0.2608432744430873,0.46151888768962746,1.999571296528546,0.0,-0.0,0.0,0.0,0.0,0.0
2472,0.7083287818386327,-0.5044242103991372,-3.5174009442044545,0.5549707650064728,0.09337796025260578,1.997784608007456,0.0,-0.0,0.0,0.0,0.0,0.0
2473,-0.8743241499991729,0.11671679184198072,-1.9814020804838086,-0.6760215635321205,-0.5959829344281745,2.0014687395499333,0.0,-0.0,0.0,0.0,0.0,0.0
2474,0.04227643140739958,0.5569860560737929,-2.227142914402105,0.5485394127378196,-0.3424153031161377,2.001160475912834,0.0,-0.0,0.0,0.0,0.0,0.0
2475,0.49263422196951134,-0.013690317112897784,0.35202576484900255,0.4613526019093708,0.22883352901414689,2.000837321095717,6.029616827956704e-15,5.526169538303232e-16,-9.341455562230089e-291,0.0001391269196054635,-1.3825278609174721e-05,0.00026660192733305956
2476,0.9359377944031768,0.3313095054409569,-3.5677983355764806,0.22226764465525115,-0.6215105837152419,1.9998649981910201,0.0,-0.0,0.0,0.0,0.0,0.0
2477,-0.21700124511959917,-0.614014809152759,-2.9207853164743014,0.4354896750755442,0.4870237329782491,2.0028128641266445,0.0,-0.0,0.0,0.0,0.0,0.0
2478,0.30675657398811407,0.2566154476539124,-4.170129183111834,0.9078006265927526,0.29501539068424143,1.9958670685030595,0.0,-0.0,0.0,0.0,0.0,0.0
2479,0.4525512330130742,0.37133438373558647,-2.198789752026015,-0.5008971961232341,0.2428361382737689,1.9990926047336,0.0,-0.0,0.0,0.0,0.0,0.0
2480,-0.004122943067511112,0.9682912167922195,-2.897772410582393,-0.3333393366611508,-0.8105169888377795,1.998757800534886,0.0,-0.0,0.0,0.0,0.0,0.0
2481,-0.43724418751913485,0.7718071551837328,-2.381157668806471,-0.2627956559286721,0.3936884864858096,1.999842024804177,0.0,-0.0,0.0,0.0,0.0,0.0
2482,-0.7260448614708098,0.45937139842667524,-3.826788216866576,0.9228525071668418,0.3054251641084628,1.999811368534751,0.0,-0.0,0.0,0.0,0.0,0.0
2483,-0.036136890898704026,0.43123580924248933,-1.8772363844653177,-0.3751870776251192,-0.8709175150064243,2.0003879090353034,0.0,-0.0,0.0,0.0,0.0,0.0
2484,0.4926490618515115,-0.1676728367896556,-2.9907569695912124,-0.3658194396799574,0.6779320192725002,1.9984022288455314,0.0,-0.0,0.0,0.0,0.0,0.0
2485,-0.11539655255305961,-0.09231620507703832,0.3655486773926871,0.06252469966670332,0.03699659408866651,1.9978218650995514,-3.3134843528337118e-15,-1.6124973360989686e-15,2.3508933561438724e-283,-7.547353328032286e-05,3.7128433093615124e-05,0.0003387811974916596
2486,-0.20191116609861867,-0.6898483475975019,-4.168085836078825,-0.8071993819930919,0.15692942250522438,1.9986345975914195,0.0,-0.0,0.0,0.0,0.0,0.0
2487,-0.25167623584424836,-0.14599978464500304,-2.065871650586741,0.3134907212130282,0.03420213291772261,2.0026729828188894,0.0,-0.0,0.0,0.0,0.0,0.0
2488,-0.054148256805809244,-0.925336926371453,-3.4150288845763397,-0.16935969230221187,-0.6146403852122292,1.996596745446254,0.0,-0.0,0.0,0.0,0.0,0.0
2489,0.4712900910716984,0.5510060527795799,0.4771142923446206,-0.21978989366486312,0.6928571200842414,1.9991049123462497,9.992693874520292e-15,-1.2588932359595107e-14,1.5679182383502668e-218,0.00022983179164387372,0.00028917915108602865,0.0004970593790497664
2490,-0.5519382871770754,0.18699427373447614,-2.016375318900696,0.7353554500907564,0.41963180718610094,2.000350025994838,0.0,-0.0,0.0,0.0,0.0,0.0
2491,-0.22075781745943818,0.2120846607518545,-2.94147099931067,0.8045379036381595,-0.0014750870901501342,2.001454644161218,0.0,-0.0,0.0,0.0,0.0,0.0
2492,-0.367681752242914,0.0193260194236217,0.2029915712827286,0.2864517019544967,-0.9494855918181816,2.0018179020445372,-3.6632522040236473e-14,-4.290662555869671e-15,-0.0,-0.0008342373182251803,0.00011147928996847525,-0.0008179995231461666
2493,-0.7141058547589951,-0.10641089204150987,0.33241126630769746,-0.6398229389770946,0.49649678652911877,2.0005772158902064,-2.3025188384065558e-15,-7.092307218580167e-15,-4.375944309625222e-301,-4.938438890373642e-05,0.00016246598663624732,-5.234464208562487e-05
2494,-0.3129986090583011,0.7238645146157997,-1.8699123464380727,-0.750662956729965,0.5403599272668523,1.9959605780352851,0.0,-0.0,0.0,0.0,0.0,0.0
2495,-0.8231241625731136,0.5597018586074665,-2.286117720722911,-0.5051487228709006,-0.27846461245459403,1.9995985663983786,0.0,-0.0,0.0,0.0,0.0,0.0
2496,0.5217754546940716,0.09274948281779491,-0.8721715042696273,-0.24718149831395295,0.7250481115557119,1.9984478115706712,0.0,-0.0,0.0,0.0,0.0,0.0
2497,-0.3558729218999112,0.28078612058078295,-0.2093505109553447,-0.19374344760585535,0.19420888918257428,2.0037834766340357,0.0,-0.0,0.0,0.0,0.0,0.0
2498,0.24624319686828058,-0.19084752222278134,-2.5367661404818587,0.43639587547692543,-0.06406683708462023,2.0006816365789284,0.0,-0.0,0.0,0.0,0.0,0.0
2499,0.5909027509770083,0.37058886770082666,-2.243148791921783,0.6705263259758367,-0.6288674199605366,1.9998066125246943,0.0,-0.0,0.0,0.0,0.0,0.0
2500,0.12896885796357233,-0.9258311679831172,-3.2823397596513817,0.19409802735595458,-0.11338903545035997,2.002228105146273,0.0,-0.0,0.0,0.0,0.0,0.0
2501,0.23761100525756207,0.6389410651072316,-3.2582786416433818,-0.24991553887095114,-0.5042859346067861,2.0035073577532265,0.0,-0.0,0.0,0.0,0.0,0.0
2502,0.27049371246943477,0.9254571740101653,-3.4111307886201345,0.5376254738101098,0.5722396896155997,1.9991199978216918,0.0,-0.0,0.0,0.0,0.0,0.0
2503,-0.9842541780069194,-0.0550994680108265,-1.7499409267336652,0.6635331565920155,-0.046340360231832696,2.0022691027016326,0.0,-0.0,0.0,0.0,0.0,0.0
2504,0.4627189314965786,-0.7319166544916796,0.19480731621604583,-0.4369583077709785,-0.5166105694812199,1.999825844170113,1.386490192516746e-14,1.9713804825763148e-14,-0.0,0.00031929353062554785,-0.00044959002056423617,-0.00013953925579342065
2505,0.10579959412904061,-0.042656916534405724,-0.769480024892754,-0.5456637769815865,-0.33053527719904624,2.001305048478916,0.0,-0.0,0.0,0.0,0.0,0.0
2506,-0.5524552718340342,-0.7938846729379625,-1.1449089633144196,0.1628909327913831,-0.3944028435704263,1.9969879360724139,0.0,-0.0,0.0,0.0,0.0,0.0
2507,0.40603629566207655,-0.7888933110692141,-3.209390507223581,0.2982910192974496,-0.667316202514516,2.00483141631032,0.0,-0.0,0.0,0.0,0.0,0.0
2508,0.5277814605281309,0.3506229373785368,-1.2687249380162118,-0.008433961379088192,0.4057138874521482,2.0028097648907863,0.0,-0.0,0.0,0.0,0.0,0.0
2509,-0.5878362439775587,-0.38328021056018813,-2.658877027087709,0.12868946606671372,-0.9099569542196161,1.9982826952113382,0.0,-0.0,0.0,0.0,0.0,0.0
2510,-0.17333576528967212,0.9590414775655697,-1.0480220642174352,-0.49501217882147097,-0.6333524442092086,1.9950228437770714,0.0,-0.0,0.0,0.0,0.0,0.0
2511,-0.016617124810791598,-0.371774213504366,-3.5986271301414527,-0.3473969993527095,-0.06933571610631571,1.9988251268169142,0.0,-0.0,0.0,0.0,0.0,0.0
2512,-0.25762441654234947,-0.14419454314195165,-4.0434428497389145,0.7146800472081132,0.4642192057285157,1.9992413443747974,0.0,-0.0,0.0,0.0,0.0,0.0
2513,-0.46999749052938355,0.5731709651741386,-0.9921916213619312,-0.08606486368776145,-0.8423599078483109,2.0045833239638537,0.0,-0.0,0.0,0.0,0.0,0.0
2514,0.7649172648940894,0.42949233240389306,-4.092134263690623,-0.19049183439239642,-0.19917470524802,1.9985898761703895,0.0,-0.0,0.0,0.0,0.0,0.0
2515,0.5344687259754447,-0.5049514141794826,-3.6629949800532677,0.38697387396489963,-0.8542913329471841,2.0014865792367647,0.0,-0.0,0.0,0.0,0.0,0.0
2516,0.323942676633488,0.2075856925574597,-2.094800169684324,0.5002425983687706,0.24299860985144292,1.999754095624356,0.0,-0.0,0.0,0.0,0.0,0.0
2517,-0.15769349136549113,0.7132381914999218,-4.182848571263328,-0.7414808144854611,-0.48736186862194075,2.0016539829006916,0.0,-0.0,0.0,0.0,0.0,0.0
2518,0.11380299154008235,0.3671371649615901,-2.5868248394459634,0.43126577163240987,0.27394602451701505,1.9981585328596456,0.0,-0.0,0.0,0.0,0.0,0.0
2519,0.7263800083912657,0.040867530834666745,-2.544844824625362,-0.7506197149194531,-0.31597214725626055,2.0005184396644147,0.0,-0.0,0.0,0.0,0.0,0.0
2520,-0.025251107594135448,-0.39489722524217497,-4.0673714684297755,-0.3016502322667791,-0.5069520101667295,2.0024864781686933,0.0,-0.0,0.0,0.0,0.0,0.0
2521,0.34590405624532555,0.4224643012579181,-2.1284536102858183,-0.533849464883167,0.04991275205451099,2.003303016044441,0.0,-0.0,0.0,0.0,0.0,0.0
2522,-0.604893168749689,0.3098491529591004,-3.2306321343311333,0.6297330815426307,-0.06450456532075874,1.998877936450042,0.0,-0.0,0.0,0.0,0.0,0.0
2523,-0.6189905116706366,0.3989681126836604,-0.2691283260505427,0.15351222918072913,-0.8950615025142684,2.0025237629148847,0.0,-0.0,0.0,0.0,0.0,0.0
2524,-0.32572927906096244,-0.058294049026243,-2.6784940214744752,-0.6990175070251595,0.34067461097532076,1.9980206636446025,0.0,-0.0,0.0,0.0,0.0,0.0
2525,-0.7421306524208847,0.3366801645687044,-3.2065361802463705,0.9315308716090398,0.3500188183437259,1.9989861696608922,0.0,-0.0,0.0,0.0,0.0,0.0
2526,0.32569970923200464,-0.04548184132374838,-1.6486034551774609,-0.38286653462881615,0.6990827491258584,2.002963094596344,0.0,-0.0,0.0,0.0,0.0,0.0
2527,0.9032800307399098,0.47498201864105266,0.179055679630847,0.8695637880229462,0.40044104372721784,1.9990853829662256,2.352718850309324e-14,-1.4150640885404448e-14,0.0,0.0005408980983339337,0.0003244771351953912,8.876205231076652e-05
2528,0.5100224336194957,0.03950745114700291,-2.903772352209276,-0.5244332290261895,-0.2531180785243659,2.001069626924446,0.0,-0.0,0.0,0.0,0.0,0.0
2529,0.36674252443561317,-0.6139147938873305,-2.614126841704747,0.3067878902230173,-0.8372288790783161,2.001861035915469,0.0,-0.0,0.0,0.0,0.0,0.0
2530,0.6123921606048206,0.6568472836340481,-0.12763609890361224,-0.6705366074758923,0.011815346707097616,2.001831542874175,0.0,-0.0,0.0,0.0,0.0,0.0
2531,-0.04736951914052356,0.35736260096329503,-1.765536595677163,0.8504700920800989,-0.42023229315475796,2.0015489361651664,0.0,-0.0,0.0,0.0,0.0,0.0
2532,-0.3018166193656703,0.565324531633367,-2.3822452654754565,-0.29376324650346175,-0.3194423774224426,1.9962132268130148,0.0,-0.0,0.0,0.0,0.0,0.0
2533,0.32268697783218736,-0.5824280605807632,-0.2302383911365592,-0.5817105975554173,0.35085368978299764,2.0020685652291283,0.0,-0.0,0.0,0.0,0.0,0.0
2534,-0.8203267871405983,0.1499140336610147,-2.6982398827590304,-0.09613011146797748,0.6363664501439743,1.9962796212620102,0.0,-0.0,0.0,0.0,0.0,0.0
2535,0.2396321133730431,-0.7156528201853816,-3.272256164676377,0.06298274177747487,0.4322605210389082,2.000778090575444,0.0,-0.0,0.0,0.0,0.0,0.0
2536,0.4204121596733226,0.46881574533337295,-2.790156557058103,-0.9710077145163653,0.1150222465000212,1.9980681159960996,0.0,-0.0,0.0,0.0,0.0,0.0
2537,-0.13557500446988052,0.06866639440974036,-2.655926712268606,-0.540134170636659,-0.02777853818759509,2.0033156837210124,0.0,-0.0,0.0,0.0,0.0,0.0
2538,-0.6137858395594309,-0.16983722552020417,-3.93314197245479,0.5023736222743221,-0.21844602021048481,2.0012229411648557,0.0,-0.0,0.0,0.0,0.0,0.0
2539,0.9846240473779699,0.16776372737359493,-2.8946544071263443,-0.014134606888693635,0.9392578116745902,1.999471638003648,0.0,-0.0,0.0,0.0,0.0,0.0
2540,0.3960049986982519,0.2572070860773428,-0.9458705076563864,-0.6885315469879811,-0.43442125236815293,2.001209889762677,0.0,-0.0,0.0,0.0,0.0,0.0
2541,-0.007253387588368953,0.34190870707495086,0.30767733246713286,-0.4810238501460715,0.17855939321656578,2.0026842369480815,-2.6235399867192577e-15,-1.5444964314487995e-15,5.2807449e-316,-5.99146047944523e-05,3.438321826245873e-05,0.00010755866188458828
2542,-0.16896861234957158,-0.574017931562321,-3.7415861485963684,0.0369140796574897,-0.9100170143742304,1.997775193741567,0.0,-0.0,0.0,0.0,0.0,0.0
2543,0.5310017608411536,-0.5118282007316212,-0.8612026056295794,-0.36326979940508064,0.04452338515504259,2.0007455497582662,0.0,-0.0,0.0,0.0,0.0,0.0
2544,0.517093992792831,-0.4925589589100944,-3.016209446341382,-0.6489009599899118,0.599849884270819,2.002249513268725,0.0,-0.0,0.0,0.0,0.0,0.0
2545,-0.7352241967274057,0.5585572063637353,-2.251704892477805,-0.6952770891060583,-0.21451469083232846,1.9989038088413216,0.0,-0.0,0.0,0.0,0.0,0.0
2546,-0.45857557437070373,0.03356315082065321,-1.955123833709942,0.6903723990286947,-0.028868264840725667,2.003545689687424,0.0,-0.0,0.0,0.0,0.0,0.0
2547,-0.7689313384506956,0.5023100303232306,-3.6366164974437583,-0.2451079779920737,-0.32207598950231275,2.000363525524623,0.0,-0.0,0.0,0.0,0.0,0.0
2548,0.36847119281361423,-0.8703146680885832,-4.421462598939814,0.24961293161821638,0.4975995393681986,1.9982549216433307,0.0,-0.0,0.0,0.0,0.0,0.0
2549,-0.9620234615262544,0.2287186520870016,-3.541823126146598,0.11846723201036018,0.07680960971235225,2.0000019083593212,0.0,-0.0,0.0,0.0,0.0,0.0
2550,-0.2398445675390408,-0.2533762479898486,-2.946626394582419,-0.039664964729818626,-0.32521224482624445,1.9986488708653634,0.0,-0.0,0.0,0.0,0.0,0.0
2551,0.32539818059612874,0.11056865786532968,-3.3718895170426224,-0.720562538518813,-0.4136619266254967,2.003123089587301,0.0,-0.0,0.0,0.0,0.0,0.0
2552,-0.19358973423879483,0.5002395195978823,-0.02539047993321924,-0.4257884304045525,0.8292409100527072,2.000107043927325,0.0,-0.0,0.0,0.0,0.0,0.0
2553,-0.24052220187412837,0.9191158996853116,0.13861002166235412,0.35306405528422186,0.8259284564205778,2.00144933485083,-6.389420562146319e-15,-1.478480050661787e-14,-0.0,-0.00014649947767876134,0.00034071100253628574,-0.00021023069631437408
2554,-0.6838562908691596,0.1533265244299481,-3.346008855651109,0.43933010687129614,-0.7964867962845644,2.000133632656265,0.0,-0.0,0.0,0.0,0.0,0.0
2555,0.5011257942435069,0.08145765206509761,-0.916342653340825,-0.8382934885057174,0.44258537659016,1.99925347952617,0.0,-0.0,0.0,0.0,0.0,0.0
2556,0.07753440852398347,-0.6255984452899152,-2.986558040130295,-0.16622191240438602,-0.6543647583731751,2.0030321131536275,0.0,-0.0,0.0,0.0,0.0,0.0
2557,0.7033593849730492,-0.3053405046876124,-2.048610159782928,0.4347787883530893,0.04230023803989549,1.9990501479333977,0.0,-0.0,0.0,0.0,0.0,0.0
2558,0.05185556190464015,0.5810141054294847,0.284440696290943,-0.9696378234910773,0.12824704060950723,2.0017469318947354,-3.462692398447219e-15,-1.6687736811000634e-14,0.0,-7.892971240426411e-05,0.000382601966308296,0.00011521655949359916
2559,0.5952730669258747,0.2627687161073668,-2.6399359316925706,-0.09988710462369138,0.7038079467520549,1.9983495517565564,0.0,-0.0,0.0,0.0,0.0,0.0
2560,0.8758939707750418,0.12714029175714506,-0.13938306134864908,0.49716062207275635,-0.4232646773277897,2.001948070644918,0.0,-0.0,0.0,0.0,0.0,0.0
2561,0.899068558806935,-0.16754905315843552,-0.595984614072004,0.4707327298342981,0.10085150301601208,1.9963551880331665,0.0,-0.0,0.0,0.0,0.0,0.0
2562,-0.14978250022308287,-0.26262356279725135,-1.5360849575760809,-0.28344886889146326,0.4019247168183843,1.998404251532899,0.0,-0.0,0.0,0.0,0.0,0.0
2563,-0.6496267943401185,0.05754839444466685,-4.168288147049349,-0.5202491536105551,-0.16687040081087207,1.9997332314426222,0.0,-0.0,0.0,0.0,0.0,0.0
2564,0.4065992291337338,-0.4992532568715115,-3.518224206486488,0.6802132414587216,0.5569097192740687,2.000108198093764,0.0,-0.0,0.0,0.0,0.0,0.0
2565,0.16425365229529154,0.5502910329404097,-0.0740138115224109,0.0754307775885012,0.6477188178834203,2.0016363028375763,0.0,-0.0,0.0,0.0,0.0,0.0
2566,-0.21206305961979866,0.1782723588305935,-0.21851901103213991,0.3539301775350362,0.013984334562604511,2.000586751946832,0.0,-0.0,0.0,0.0,0.0,0.0
2567,0.47857108904758044,0.5976477370967919,-0.10666023845444088,-0.24156199833322262,-0.7413372217478431,2.0026870747884593,0.0,-0.0,0.0,0.0,0.0,0.0
2568,0.23471240973839813,0.29031795389765014,-0.5952742134409059,0.014291645353102633,-0.375963551217875,2.0017140192818292,0.0,-0.0,0.0,0.0,0.0,0.0
2569,-0.0494904128326774,0.7163598308801963,-0.9244089916013161,-0.6289252206701357,0.21279230491780954,2.001525124673225,0.0,-0.0,0.0,0.0,0.0,0.0
2570,0.45758469368581606,0.807689063765076,-3.9196509060839677,0.49480596026194784,0.010673745966638372,2.000589363712634,0.0,-0.0,0.0,0.0,0.0,0.0
2571,0.41152387784688904,-0.20767709069780782,-2.8596332915790144,-0.28620885932229356,0.922568983406401,2.0024130383943137,0.0,-0.0,0.0,0.0,0.0,0.0
2572,-0.5889471034908645,-0.18764758763422676,-4.391973512371508,-0.3038580314270921,-0.7318595439219869,2.0014886703679737,0.0,-0.0,0.0,0.0,0.0,0.0
2573,-0.5444466999522323,0.7794345457436785,-2.0008196474591884,-0.665422846113979,0.20481758601763417,2.002301234185403,0.0,-0.0,0.0,0.0,0.0,0.0
2574,0.366495179167377,-0.4219212051542963,-1.1241084144608795,-0.28832724684659117,0.21737502187939237,1.9995928638731097,0.0,-0.0,0.0,0.0,0.0,0.0
2575,-0.24250197810991742,-0.5745072236105229,-3.364934615653777,0.3041577625511716,0.17743788330873295,2.001394519515383,0.0,-0.0,0.0,0.0,0.0,0.0
2576,-0.1633806424837783,-0.02710699422988415,-0.031062774650648956,-0.3387920041994528,-0.040977782097934685,2.0019516822043073,0.0,-0.0,0.0,0.0,0.0,0.0
2577,-0.05292734649232935,-0.77017971152621,-4.276248083599162,-0.26146780724722474,0.9604678381582485,2.001054631187607,0.0,-0.0,0.0,0.0,0.0,0.0
2578,0.16338595037096143,0.30717830864353984,-3.360800918284137,0.0015174084948106588,0.339961360009785,2.0036108075590744,0.0,-0.0,0.0,0.0,0.0,0.0
2579,0.23883990342760622,-0.8940382636956485,0.2674837042592307,-0.8574379340562128,-0.46633314551232335,2.000985307034351,1.2058277040241613e-14,1.9107677260267874e-14,-0.0,0.0002777726646000534,-0.0004388761631997534,-4.903811883898773e-05
2580,-0.48329796212203685,0.03209625336900313,-2.438355122452493,-0.4029102464045491,-0.5114051815440275,2.000665973638511,0.0,-0.0,0.0,0.0,0.0,0.0
2581,-0.06690044937892906,-0.5393938109944412,-2.7363432227432742,0.2672539302744787,-0.0317762435236674,2.0012721205741117,0.0,-0.0,0.0,0.0,0.0,0.0
2582,-0.8403062982088305,0.13134396162145534,-2.9154389051150713,0.5744599073316717,0.49954640484239565,2.0014130234487255,0.0,-0.0,0.0,0.0,0.0,0.0
2583,0.24495802887983534,-0.5710692208420858,-4.158464026416747,-0.010301660989022791,0.4650502527019689,2.003565266328739,0.0,-0.0,0.0,0.0,0.0,0.0
2584,0.48331253682404096,-0.33069171767926775,-3.591044776843765,0.3735727317041134,-0.15391926380736198,2.0019520738180727,0.0,-0.0,0.0,0.0,0.0,0.0
2585,-0.9346970378871691,0.3306216121432239,-1.0768195968431498,0.875266434117839,-0.11619571288684918,1.9997498392118866,0.0,-0.0,0.0,0.0,0.0,0.0
2586,-0.8635111244675153,0.09760953822716356,-1.6839549569008798,-0.872500268941205,0.04332523007365626,1.998637494596487,0.0,-0.0,0.0,0.0,0.0,0.0
2587,0.8012658730092088,-0.1530304159118731,-0.19432326197150096,0.46454827278452704,0.7378386268220672,2.000333813388812,0.0,-0.0,0.0,0.0,0.0,0.0
2588,0.4611839671462932,-0.0769492840282492,-2.9865091488357813,0.36861173379778994,0.007837392789747433,2.001367024769981,0.0,-0.0,0.0,0.0,0.0,0.0
2589,-0.09846436180474354,0.41003703836729893,-2.788408412212567,0.15015741941938834,-0.8213664719077344,2.000698194339334,0.0,-0.0,0.0,0.0,0.0,0.0
2590,-0.6961958772062175,-0.4927900809359594,-4.186828186998035,0.7870396476430948,-0.22863538934820346,1.999818087639711,0.0,-0.0,0.0,0.0,0.0,0.0
2591,0.22439610821832684,0.7882554569040232,-3.0194269734607744,-0.5626210122760651,-0.7002928672425527,1.9980558761711613,0.0,-0.0,0.0,0.0,0.0,0.0
2592,-0.07099748648570858,0.7524090163099972,-2.240324574154129,-0.12477888646758989,0.31184315765816684,1.9961787757205907,0.0,-0.0,0.0,0.0,0.0,0.0
2593,-0.05679985194350791,0.002486113311175439,-1.4105730132052148,0.5661977199809872,-0.6377421538125599,2.000976006279387,0.0,-0.0,0.0,0.0,0.0,0.0
2594,-0.10668493714248185,-0.9799343940444486,-0.1501355114222781,-0.7400227640385357,0.2711674458222542,1.9986278638732002,0.0,-0.0,0.0,0.0,0.0,0.0
2595,0.5177787343834744,-0.842494607527752,-2.329244146832523,0.4304320374000662,0.8099702468283742,2.0031487457658628,0.0,-0.0,0.0,0.0,0.0,0.0
2596,-0.1754996026379807,-0.26765844374470055,-4.230651153441249,0.6492330735986398,0.6598646793892177,1.999254099774775,0.0,-0.0,0.0,0.0,0.0,0.0
2597,-0.40473397562256125,-0.8726486350919146,-2.61964988473892,0.6031698950766405,0.408838580021144,2.0014517219575754,0.0,-0.0,0.0,0.0,0.0,0.0
2598,-0.3106744979909265,-0.01758298134560208,-2.6971644753959114,0.06297529636563094,0.33392395552382503,1.9967352867638246,0.0,-0.0,0.0,0.0,0.0,0.0
2599,-0.8818946136788395,0.007483439407421424,-0.7168379421746949,-0.16951384344392376,0.052494145457329285,1.9953770893409304,0.0,-0.0,0.0,0.0,0.0,0.0
2600,0.3668598937506668,0.054983759753475955,0.3186777012218245,0.1516847579435429,0.8029727135737662,2.001101265077255,6.513473245138403e-15,4.5807484507467425e-15,-1.107539237117056e-309,0.0001495642476508644,-0.00010550303430566575,0.00022559351127839484
2601,0.15579904729637015,0.24147938577301628,-2.641534644805763,-0.6923800736172997,0.36988914790444327,1.9988144774459105,0.0,-0.0,0.0,0.0,0.0,0.0
2602,0.6573875957563443,-0.6458001525491012,-4.401355458820738,-0.36134714831941933,0.6712690035102696,1.9981898741831805,0.0,-0.0,0.0,0.0,0.0,0.0
2603,-0.7616103654846692,-0.4767098613583427,0.46920415162245926,-0.15186515998536926,0.5751823369596084,2.0002000611358923,-1.550055274472799e-14,1.1403534821495792e-14,8.862108382736604e-223,-0.00035596513705907196,-0.00026158370727218344,0.00034945641186366134
2604,-0.2706758004164121,-0.08271193514549526,-4.499445019432334,-0.9070466412140792,-0.20683928929331147,1.9985784203038048,0.0,-0.0,0.0,0.0,0.0,0.0
2605,-0.4640640763367641,0.4924601942731063,-1.2628347517586562,0.5263804945506522,-0.21526419992202878,1.998994700550246,0.0,-0.0,0.0,0.0,0.0,0.0
2606,0.2134954568346183,-0.9044931833220293,-2.553580036001144,-0.5520538441884758,-0.4366902885922284,2.000070801671644,0.0,-0.0,0.0,0.0,0.0,0.0
2607,0.2950940464791585,-0.7680269718906703,-3.3563939857897886,-0.4543123455946924,0.6127579155546875,2.000892296986187,0.0,-0.0,0.0,0.0,0.0,0.0
2608,0.013638232989870209,0.020490623036169452,-1.6256149015783217,0.49041288699582125,-0.6687715205284124,1.999241575502806,0.0,-0.0,0.0,0.0,0.0,0.0
2609,0.14082617781556447,0.8488444100587246,-0.00709182752473944,-0.16875887036682036,0.6106209051543676,1.9999633513227433,0.0,-0.0,0.0,0.0,0.0,0.0
2610,0.04573285796307621,-0.4203499805050311,-2.7065696651953735,0.2514285988293271,0.27623474149989935,1.9981327600264513,0.0,-0.0,0.0,0.0,0.0,0.0
2611,-0.07067182332024351,-0.3334530082221106,-0.8394551925161051,-0.7569828111366358,-0.01663859380873641,2.000115704580471,0.0,-0.0,0.0,0.0,0.0,0.0
2612,-0.14202486729168526,-0.3195420308660021,-3.4230496123184544,-0.23276254290681722,-0.8443174138590696,2.000192367195805,0.0,-0.0,0.0,0.0,0.0,0.0
2613,-0.4001117619073632,-0.9089270580353502,-0.9785164337522503,0.6981523584083096,-0.6725425695547569,1.9963545719536027,0.0,-0.0,0.0,0.0,0.0,0.0
2614,-0.25496815133280526,0.083631187599473,-0.7981239188741585,-0.057218429029298676,0.061375759910648975,2.0035209631455535,0.0,-0.0,0.0,0.0,0.0,0.0
2615,0.6289820554999194,-0.5572452118118043,-2.1858157827872846,-0.05798545695926639,-0.36693658871775553,1.9983206649345862,0.0,-0.0,0.0,0.0,0.0,0.0
2616,0.3409641439654524,-0.13398579419437057,-0.31359420920689374,0.7614248840826421,-0.5300175787704792,2.004225726327858,0.0,-0.0,0.0,0.0,0.0,0.0
2617,0.3118328382329998,0.6038736838959058,-3.9046854780220075,0.16571201880912095,-0.7861593197139042,1.9976696196764578,0.0,-0.0,0.0,0.0,0.0,0.0
2618,-0.11336808548031034,-0.763360990012828,-0.9640587710586911,0.4794175480772263,0.4584485752030332,1.9975765646844674,0.0,-0.0,0.0,0.0,0.0,0.0
2619,-0.2622296495604696,0.0403810348039122,-2.0784838543985127,0.9698569533559108,0.10174529587810227,2.0042325056230386,0.0,-0.0,0.0,0.0,0.0,0.0
2620,0.3978312728074861,0.12748000815327556,-1.366728060234454,-0.2542162008772091,0.03940577838481662,2.0015405819218226,0.0,-0.0,0.0,0.0,0.0,0.0
2621,0.8268026519397568,-0.6177936180355236,0.4225581178566008,0.7233031085884943,-0.5554870368107571,1.999236334184183,1.832414175595534e-14,1.460922234332797e-14,-2.755050465436248e-249,0.00042056770458233166,-0.0003352276040230413,0.0002625835693094076
2622,0.1995397944233103,0.21373267525601247,-2.8260907571083447,0.44915393328235176,-0.5090758142805816,1.9954383543468248,0.0,-0.0,0.0,0.0,0.0,0.0
2623,-0.9231835383313491,0.031739755085988204,-2.050971864782665,-0.4158146852409318,0.38899001843634623,2.000571801638436,0.0,-0.0,0.0,0.0,0.0,0.0
2624,-0.5617664868269361,0.7676242369021731,-3.3076320028111637,0.26202973352879,-0.5778316976193563,2.000038131105956,0.0,-0.0,0.0,0.0,0.0,0.0
2625,0.416032985700772,-0.3480965531865415,-0.864088151404456,0.85891023310729,0.4021574054701042,2.0009259866387796,0.0,-0.0,0.0,0.0,0.0,0.0
2626,0.30422558172336045,0.10510602570499791,-2.6573542944375292,0.5980204739290323,0.3820221383939164,1.997263867003101,0.0,-0.0,0.0,0.0,0.0,0.0
2627,-0.53147522643793,-0.3383725491538882,-2.179389272977683,0.832859713280799,0.42146603245633874,2.0015201603444868,0.0,-0.0,0.0,0.0,0.0,0.0
2628,0.6248703121863086,-0.49244172550918813,-1.420489283790443,-0.7906089571653577,-0.12271801268611052,2.000490379657842,0.0,-0.0,0.0,0.0,0.0,0.0
2629,0.13797516036288066,0.5409140952434787,-1.2545421795813558,-0.18224787898530107,-0.24697905830602976,2.001544734011595,0.0,-0.0,0.0,0.0,0.0,0.0
2630,0.17168293752168742,-0.6928339559746719,-4.299363050880602,-0.36857395356033246,0.4337459807916101,1.9997384732545078,0.0,-0.0,0.0,0.0,0.0,0.0
2631,-0.1983313610781964,-0.4873058114619962,0.15629735454883545,-0.31273840796908964,0.6454495290193282,1.9992666045341358,-7.63604262120844e-15,1.464874680227324e-14,-0.0,-0.00017458667255643834,-0.0003364341706998867,-5.4689648563536966e-05
2632,-0.6544048595000646,-0.0849504082138559,-2.16948223719934,-0.5598499174108641,0.37205098783258994,2.0005464826727173,0.0,-0.0,0.0,0.0,0.0,0.0
2633,-0.7517891003428152,0.5530453255738086,-1.2790080736024139,-0.09083490717864809,0.8856794143713418,2.001272979683627,0.0,-0.0,0.0,0.0,0.0,0.0
2634,-0.900142748270536,-0.023180896937791056,-2.4221707301267967,0.6787401768553044,0.33199374682301813,1.9998162726865025,0.0,-0.0,0.0,0.0,0.0,0.0
2635,-0.06964376312277833,0.5398632148471362,-1.3559484548353746,-0.3677114528691789,-0.7349602474907663,1.9990645235568612,0.0,-0.0,0.0,0.0,0.0,0.0
2636,0.0632898601161687,0.6189745918051316,-2.141835242254325,-0.3091162836091997,0.33919526154615065,1.9987714142860586,0.0,-0.0,0.0,0.0,0.0,0.0
2637,-0.5001205151283151,0.3903168610328543,-2.356811684428672,-0.4562395629157703,0.5263329327523191,2.0004628408714273,0.0,-0.0,0.0,0.0,0.0,0.0
2638,0.41766509728198176,0.03537697045717875,0.0873970637773632,0.4687265798456729,-0.16784303177177795,1.9984907630003454,6.952890260913288e-15,-2.4062800395653563e-15,-0.0,0.00016078542602531828,5.3872678678468305e-05,-0.00033753122241628484
2639,0.10430110400806338,0.35174151956419286,-1.0516088331846207,-0.33690048533519806,-0.6836324278424747,2.000309374886518,0.0,-0.0,0.0,0.0,0.0,0.0
2640,-0.9358534775771061,-0.11707279324562336,0.3811836287199532,-0.38857002287250825,0.3718034152544285,1.998025174608562,-2.7826116019686742e-14,2.778655665361682e-15,4.066784823953391e-273,-0.000640021653128736,-6.406549637107513e-05,0.0002806808123517321
2641,-0.19431938720259798,0.2980906503342722,-4.123140474839696,0.6366553438862486,-0.7568703709581247,2.002614562992007,0.0,-0.0,0.0,0.0,0.0,0.0
2642,-0.8669180504251079,0.12668184926083215,-3.777318249173629,-0.829581796216021,0.02202560843411165,1.9998515893724746,0.0,-0.0,0.0,0.0,0.0,0.0
2643,-0.1134282582426148,-0.1831338669929327,-1.4691114140374246,0.655090704170696,0.13716852700075935,1.9979873179365801,0.0,-0.0,0.0,0.0,0.0,0.0
2644,0.2322735158359617,0.027960712674018985,0.025790293056785957,0.7140293380461644,0.371309764877041,2.0003884093677944,3.710882538618172e-15,-6.01973117742217e-15,-0.0,8.53725902960604e-05,0.00013733467421320628,-0.0005069906159845371
2645,-0.1779286383029961,-0.9637989998706231,0.028262599415613415,-0.35501069852923967,0.40318255250044016,2.002166358640726,-5.057962424085303e-15,2.106328591723504e-14,-0.0,-0.00011563632914874605,-0.000483128470605849,-0.0003290237145532487
2646,-0.024966248407785167,0.6152724652845478,-1.4099458982612216,-0.9323475650413836,-0.14237921365567996,2.001757288796841,0.0,-0.0,0.0,0.0,0.0,0.0
2647,0.28365225258946636,0.41289436759450565,-2.8596171903224503,0.6386949014160007,0.31126123154756974,2.0008495550423615,0.0,-0.0,0.0,0.0,0.0,0.0
2648,0.7303144745366297,0.5510765534271045,-2.557591122389582,-0.250832855843766,-0.05472743611044501,1.9975052130152653,0.0,-0.0,0.0,0.0,0.0,0.0
2649,-0.1456216449766571,-0.5740356860134743,-2.8100399369221423,-0.4523027718090415,0.6563067095023094,1.998416053051457,0.0,-0.0,0.0,0.0,0.0,0.0
2650,0.3706080287336717,0.6154201191105712,-1.526373538158293,-0.1832719624544213,0.5059577956433389,2.0005258749146937,0.0,-0.0,0.0,0.0,0.0,0.0
2651,0.20146731595577166,-0.26844963662326154,-1.0270777087403153,0.6000556296337629,-0.21274205650563557,2.0024662770133297,0.0,-0.0,0.0,0.0,0.0,0.0
2652,-0.46093524245001505,-0.6355243852343923,-3.0190991659215456,-0.44801607106063585,-0.3401083800253446,1.997902607839806,0.0,-0.0,0.0,0.0,0.0,0.0
2653,-0.5840724306523917,-0.2530695322234467,-2.570668637155979,-0.26774775768997394,0.31445950119818855,2.002336985997645,0.0,-0.0,0.0,0.0,0.0,0.0
2654,0.29406620822585605,-0.7708396121321084,-0.6446642147246416,0.5618251816479709,0.5494818853721449,2.002531597921926,0.0,-0.0,0.0,0.0,0.0,0.0
2655,-0.1038686839693691,-0.11187135034953033,-0.4668945482001284,-0.07234223703051539,-0.4622913546451115,2.002850393483311,0.0,-0.0,0.0,0.0,0.0,0.0
2656,0.2703392393118541,0.14047429375396112,-1.58685492517462,-0.724886536773459,0.250108134711394,2.0017583711544,0.0,-0.0,0.0,0.0,0.0,0.0
2657,0.23029168487736085,-0.5780347090481573,-0.9470702058116416,-0.24364768665556238,0.4840372230147644,2.0008699637919802,0.0,-0.0,0.0,0.0,0.0,0.0
2658,-0.6826846522030279,0.13857890060972838,-0.20889072980565243,-0.4566571158326987,-0.3305404444084348,2.0021463480473685,0.0,-0.0,0.0,0.0,0.0,0.0
2659,0.5138499858421279,-0.38429603067031265,-2.0127226626672057,-0.34657165598956424,0.8506574401561083,1.9996786403589875,0.0,-0.0,0.0,0.0,0.0,0.0
2660,-0.10842718046378838,0.7128037623573877,-3.445604822967808,-0.5872153437328441,-0.008539024364862759,1.99756143593731,0.0,-0.0,0.0,0.0,0.0,0.0
2661,-0.7628277627717166,-0.5774313689656153,-2.5121153288317553,0.10330212518304586,-0.14925955754442546,1.9999492911819898,0.0,-0.0,0.0,0.0,0.0,0.0
2662,-0.013223162501485874,0.38086538610704257,-2.727858269166402,-0.8609981029488779,-0.3046624809255727,1.9991522898595184,0.0,-0.0,0.0,0.0,0.0,0.0
2663,0.10385808816160623,0.8252510840502192,-0.528360046133488,0.9007486028541868,0.20039827094710566,1.9970127593848912,0.0,-0.0,0.0,0.0,0.0,0.0
2664,0.038304192895002614,0.3087985556679615,-1.0453703028597612,0.7068798195905784,-0.12598606960732778,2.0019078631535177,0.0,-0.0,0.0,0.0,0.0,0.0
2665,0.8194051834758304,-0.559717076601566,-0.4768605133020829,0.12532681480665447,-0.2068779173001093,2.00227813116911,0.0,-0.0,0.0,0.0,0.0,0.0
2666,-0.3566620363116792,-0.8227315827332567,-0.25305529635764085,0.8787478492002689,0.23494070859064697,1.9996677868200878,0.0,-0.0,0.0,0.0,0.0,0.0
2667,0.9185062696252405,-0.2078824254060883,-0.6392722253314229,-0.684785960814243,-0.19315218796379552,1.9970791359071538,0.0,-0.0,0.0,0.0,0.0,0.0
2668,-0.060729234656103775,-0.032481886780113746,-2.7760313659250597,-0.4027814828403562,0.6132643946205688,1.9992745916037067,0.0,-0.0,0.0,0.0,0.0,0.0
2669,-0.8279546072173132,0.4481025926036332,-3.544175659487706,-0.08423805319680636,-0.6691982278024501,1.9997265358511538,0.0,-0.0,0.0,0.0,0.0,0.0
2670,0.3242235854618455,-0.0874195129390126,-1.5651181344690104,-0.8764289176545976,-0.374003016548203,1.999864078995384,0.0,-0.0,0.0,0.0,0.0,0.0
2671,0.3778098296709814,-0.4767679014549191,-1.278323628944787,0.7116922175966948,-0.30375975171345554,2.0030834093311105,0.0,-0.0,0.0,0.0,0.0,0.0
2672,-0.14631317118302664,-0.5714231257910543,0.4163496227396815,-0.18699084132545088,-0.8016033053784622,2.00052750548096,-6.075376490152408e-15,1.5017538279613417e-14,-3.0184956693155425e-253,-0.00013974395682473065,-0.0003445005702177463,0.00040701585104361784
2673,-0.3321380430435364,-0.8986175865330756,-1.1193223644000827,-0.34909248044578417,-0.18147632904811237,2.0028251397582557,0.0,-0.0,0.0,0.0,0.0,0.0
2674,-0.7282148554878787,-0.009544678803085588,-3.3431732761779536,-0.13182036819518872,-0.5278504432797751,1.999520368182179,0.0,-0.0,0.0,0.0,0.0,0.0
2675,-0.5652387942206288,-0.7607803762064691,-2.3748174879406103,-0.6290747167474293,0.7420582587293348,1.998086194628881,0.0,-0.0,0.0,0.0,0.0,0.0
2676,-0.040546654177295534,-0.7387829587960311,-0.657934187213556,-0.675878192578391,-0.3605102431556228,2.002971362492606,0.0,-0.0,0.0,0.0,0.0,0.0
2677,0.10749652960194878,0.1741779081500372,-3.76743618391691,-0.7954314362276578,-0.1721612184028695,1.9996087465764263,0.0,-0.0,0.0,0.0,0.0,0.0
2678,0.0924485058356639,0.4623366428304051,-2.948686481561723,0.23107159199011013,-0.8800013363810287,2.0010744381543066,0.0,-0.0,0.0,0.0,0.0,0.0
2679,-0.09876014387432121,-0.04325069385812214,-1.8312192624434365,0.9087877981598531,-0.30534587289231635,2.0012418893213413,0.0,-0.0,0.0,0.0,0.0,0.0
2680,0.4694899975698663,0.20571999779793965,-2.3509183515143484,0.13024326351721707,-0.8733297760835622,1.9982435016386717,0.0,-0.0,0.0,0.0,0.0,0.0
2681,0.17259861449564162,-0.21228080371803418,-0.8830593480258625,-0.8296413249260965,-0.14764654681672576,2.0019131074424346,0.0,-0.0,0.0,0.0,0.0,0.0
2682,-0.5256424016709605,0.33678755737116695,-2.3733906648139578,0.7217114616526956,0.20334374832689378,2.00083296099864,0.0,-0.0,0.0,0.0,0.0,0.0
2683,0.5537607828917563,0.5417826991167075,-4.284491990343943,-0.41447744124056846,0.796476459910594,1.9976797689549644,0.0,-0.0,0.0,0.0,0.0,0.0
2684,-0.8109979719665859,0.344923343210911,-3.8973848395854627,0.8419783860354095,0.5106944050450556,2.000761795424431,0.0,-0.0,0.0,0.0,0.0,0.0
2685,0.584412117105586,0.262157748820587,-0.49057270806253517,-0.36998751906656213,0.2436659628941685,2.001851089093209,0.0,-0.0,0.0,0.0,0.0,0.0
2686,-0.8288163067726283,0.2894684435470306,-1.0285227882258885,0.7858132004173306,0.3678696167179918,2.0009705420709762,0.0,-0.0,0.0,0.0,0.0,0.0
2687,0.1942842328508361,-0.24840058470714696,-4.027000207558046,0.3254094283191529,0.9045397368824378,2.0014041525045108,0.0,-0.0,0.0,0.0,0.0,0.0
2688,-0.3062179124990825,0.9159183168002456,-1.2214493174882308,-0.9763185457668659,-0.06692904685854045,1.9958805758283051,0.0,-0.0,0.0,0.0,0.0,0.0
2689,-0.7062840974258001,0.24085333188332206,-0.2556732145886701,0.4681093360702805,-0.5024448074667606,2.0018802219699197,0.0,-0.0,0.0,0.0,0.0,0.0
2690,0.5232506752947664,-0.4874159372476535,-0.017665977278994972,0.23619833490021444,-0.8214587968897992,1.9978168622179202,0.0,-0.0,0.0,0.0,0.0,0.0
2691,-0.5241503331193866,-0.4914752958892733,-0.1640183614348941,-0.35105170959634413,-0.47618255001890725,2.0013065517926845,0.0,-0.0,0.0,0.0,0.0,0.0
2692,-0.6651687005733405,-0.1769769630628581,-4.429409447414822,-0.0844853886330891,-0.9235367297147279,1.999566080964574,0.0,-0.0,0.0,0.0,0.0,0.0
2693,0.11159778756854967,-0.21533143859858847,-1.6364364017329267,0.7246196103876996,0.2632001390047293,1.9981075634016034,0.0,-0.0,0.0,0.0,0.0,0.0
2694,-0.46145050322725806,0.4825920525885627,-2.4383468912931847,-0.042585588763047834,0.04536669250577694,2.003270241926045,0.0,-0.0,0.0,0.0,0.0,0.0
2695,-0.9726894944046549,0.21314298269214466,-2.3268434122446897,-0.3521372412559534,0.6918183347594378,2.0013103918050636,0.0,-0.0,0.0,0.0,0.0,0.0
2696,0.9172261166568271,-0.38352154682457623,-0.045856826667783714,-0.074124156319501,0.10966054792129541,2.0005516899514686,0.0,-0.0,0.0,0.0,0.0,0.0
2697,-0.629160221014723,-0.5843086284494673,-2.940065401413084,0.22285018929134406,0.24314023552290617,1.9996679123402363,0.0,-0.0,0.0,0.0,0.0,0.0
2698,-0.48984842326080785,-0.2855179714897436,-4.436603803955295,-0.5262831485832449,-0.37931550828654936,2.004581033103251,0.0,-0.0,0.0,0.0,0.0,0.0
2699,0.1764762021550099,-0.20100987919072566,-0.9644710494473842,0.04533255507684385,0.24571140010371864,1.9970750728782773,0.0,-0.0,0.0,0.0,0.0,0.0
2700,0.5716053625421981,-0.49212895752413194,-1.3552567386703507,-0.14586246209462342,0.6209614240706656,2.0004410591711883,0.0,-0.0,0.0,0.0,0.0,0.0
2701,-0.6595065575193162,0.19683802568304293,0.4839462699637258,0.23441624279064252,-0.33579956691829477,2.0002733149870533,-1.5000196615222408e-14,-5.04194140022022e-15,2.3447679633440944e-216,-0.00034426558710900975,0.00011520510479181333,0.0005775263048247055
2702,0.6097153441599344,0.21031020561995917,-1.1503354382174908,-0.32144926012794584,0.5511850173593522,2.0010772660388696,0.0,-0.0,0.0,0.0,0.0,0.0
2703,-0.36589431111885745,0.6752395503451118,-2.3058657797559423,0.2267663115718373,0.9449779153038502,2.003360381980065,0.0,-0.0,0.0,0.0,0.0,0.0
2704,-0.20799383590422468,0.5303729337477157,0.3790959744762834,0.25741390634789063,0.777026865629225,2.0042546271486326,-6.83267784824988e-15,-8.121301525746328e-15,8.484352096917454e-275,-0.00015556543984070556,0.00018580445416377226,0.00027211599185519543
2705,0.44509261427515023,0.17440161668872212,0.008125631408308022,0.03381723591861523,-0.5196514750338586,1.998588957371275,4.121662669926565e-15,1.283221116052434e-15,-0.0,9.530744772222022e-05,-3.0887054026008484e-05,-0.0004850805450919785
2706,-0.1640615953346232,-0.6396099456394423,-3.550697252291583,0.7576732003066449,-0.1290343906810864,1.9991590992963961,0.0,-0.0,0.0,0.0,0.0,0.0
2707,0.4421287370043259,-0.4598922444347092,-2.773366388623558,0.3244343546436152,-0.8314370011174169,2.000534702639385,0.0,-0.0,0.0,0.0,0.0,0.0
2708,0.5804704104672365,0.45273817089777507,-2.8225007068477934,0.7178878651861823,0.17210626767042037,1.9980018117503289,0.0,-0.0,0.0,0.0,0.0,0.0
2709,0.02141601193224481,0.11809622244676965,-4.411808212706558,-0.12969987414213463,0.35974289753282634,1.996740576783977,0.0,-0.0,0.0,0.0,0.0,0.0
2710,0.043789341611693615,0.8615187184158382,0.15119673700191044,0.011046341235883375,-0.849086552201289,2.0022584512257766,2.4450045314652387e-16,-2.6909464846093083e-14,-0.0,6.088624633278315e-06,0.0006163575359101687,-7.173613506413453e-06
2711,0.7663255750380474,-0.278395684929735,-1.2636340958596535,0.06943958303659566,-0.7325550312135327,1.9975316193667934,0.0,-0.0,0.0,0.0,0.0,0.0
2712,0.19115215596683932,0.3073957866764409,-0.6153066755719895,-0.030914444893643957,0.4484253425141671,2.002321742614534,0.0,-0.0,0.0,0.0,0.0,0.0
2713,-0.7241667276448905,0.2608932508994064,-2.7329965632187285,-0.6086485552873573,-0.04114810964215511,1.9975870911735787,0.0,-0.0,0.0,0.0,0.0,0.0
2714,0.2473820595229868,0.6794636338764699,-2.8826630468667505,0.028103467684773495,-0.04320199017668561,1.994626462656312,0.0,-0.0,0.0,0.0,0.0,0.0
2715,-0.3946792821044812,0.5191000906296718,-4.383174936124453,-0.1857054639653165,-0.8210656985494088,1.995797918934213,0.0,-0.0,0.0,0.0,0.0,0.0
2716,-0.7420194244747326,0.397092553221615,0.10678183250409225,-0.46870966511191936,-0.6084848958399961,1.9983816144440545,2.128754063612037e-15,-2.086994391524627e-15,-0.0,4.45248350397738e-05,5.156955058988749e-05,-9.870098661935073e-05
2717,-0.3983294878155734,0.03319684422457921,-0.24005732722383757,-0.3971866622381315,0.9156160504898226,1.996866645553828,0.0,-0.0,0.0,0.0,0.0,0.0
2718,-0.9135564509583006,-0.00501678114038458,-3.7570179441380565,0.1099065263766595,0.1976487820831036,1.9975364964611857,0.0,-0.0,0.0,0.0,0.0,0.0
2719,0.20536419908829376,-0.11068003011102882,0.09661781546952186,-0.780661142836727,-0.07660146195924032,2.002833919625965,-7.134307730423796e-16,4.396816562270872e-15,-0.0,-1.4122248237039031e-05,-0.00010181032428304631,-0.0002511613931562013
2720,0.04635705644498852,-0.9522484410641902,-2.818480741831155,-0.14860864088705794,0.9109708825734075,2.001229343951362,0.0,-0.0,0.0,0.0,0.0,0.0
2721,-0.4359260916519584,0.0614364969802061,-2.1029835477157204,-0.24491354333068283,-0.49178744008263625,1.999082839231894,0.0,-0.0,0.0,0.0,0.0,0.0
2722,0.30225689254196214,-0.027252856795825543,-0.9460429304929819,0.08575521665803838,-0.6586269173771674,1.9994341109209324,0.0,-0.0,0.0,0.0,0.0,0.0
2723,0.5553956604513122,0.5953984844648402,-3.504262115504359,-0.39776004347538846,0.6339356170541153,2.001324924003046,0.0,-0.0,0.0,0.0,0.0,0.0
2724,0.5659252492900682,0.7446040276362652,-2.3906263911351076,-0.3001340273887942,0.9100874280200364,1.9971320946592823,0.0,-0.0,0.0,0.0,0.0,0.0
2725,-0.10542761620228301,-0.499758502633953,-4.120125576857142,-0.9283439845222207,0.15238038849204494,2.002370646836608,0.0,-0.0,0.0,0.0,0.0,0.0
2726,-0.8654659233128297,-0.44836937189611065,-1.3072848317522907,0.13206264518595343,0.8152007566980889,1.9991542750097873,0.0,-0.0,0.0,0.0,0.0,0.0
2727,-0.7169234626534764,0.3116518363583616,-0.5771034543525672,-0.2711495402845589,0.4763238976001342,2.0004635585199497,0.0,-0.0,0.0,0.0,0.0,0.0
2728,0.03995646020112515,0.66968238535046,-3.5622782410261804,0.14593597576810932,0.6488667539409708,2.0035143201055994,0.0,-0.0,0.0,0.0,0.0,0.0
2729,-0.43060527303771573,-0.6840681158567655,-2.5861033727395655,-0.41601801741056277,-0.6986473064741983,1.9996071960324768,0.0,-0.0,0.0,0.0,0.0,0.0
2730,0.5962110958947954,-0.49120000897580834,-3.736716482259429,-0.271423824728808,0.5734514505721611,2.0010466276715246,0.0,-0.0,0.0,0.0,0.0,0.0
2731,0.008440188850198538,0.6959832981512579,-0.7170256687933861,-0.42913681604929443,0.82826941701082,2.0002163116077885,0.0,-0.0,0.0,0.0,0.0,0.0
2732,0.09318399389944863,-0.8213317758740079,-2.1481052112678727,0.6867414010845894,-0.1530219450720353,2.0000994701836863,0.0,-0.0,0.0,0.0,0.0,0.0
2733,0.6155219927732926,-0.2763076383213613,-3.287835040257152,-0.8857545453447293,0.08982459132191623,2.000422747085807,0.0,-0.0,0.0,0.0,0.0,0.0
2734,0.1747884096762226,-0.7277507678435658,-2.1307921152562983,0.33137705011699364,0.0749332083170208,1.997501726394235,0.0,-0.0,0.0,0.0,0.0,0.0
2735,-0.38459744754932595,-0.03095036754225468,-2.257558222275258,-0.5532443501630749,0.6039936599020062,2.003039040950425,0.0,-0.0,0.0,0.0,0.0,0.0
2736,0.2082288147568508,0.24591881621674316,-3.4026011373873217,0.11409838336373637,-0.4179602618457399,2.0036209309337742,0.0,-0.0,0.0,0.0,0.0,0.0
2737,-0.003866660933946982,-0.36444112038940707,-0.5956633455311349,-0.13800819256727662,0.9502367680223773,2.0001206458449614,0.0,-0.0,0.0,0.0,0.0,0.0
2738,0.5717386054600954,-0.4532161431219985,-4.197680084768448,0.46685483163825786,-0.5715809316457615,1.9996512455991278,0.0,-0.0,0.0,0.0,0.0,0.0
2739,-0.7051587215337934,-0.5876619344472277,-3.3352619655129807,-0.03208838714682786,-0.7667326153225572,1.9999963559813305,0.0,-0.0,0.0,0.0,0.0,0.0
2740,0.5783991044418724,-0.2886932520120597,-0.3935743324241365,-0.8592142401229731,0.46729907163295875,1.9984807421479414,0.0,-0.0,0.0,0.0,0.0,0.0
2741,-0.09627798606836728,0.9292745807312839,-0.5159946287991948,-0.3341066693677061,0.24280337462982526,1.9993511159112658,0.0,-0.0,0.0,0.0,0.0,0.0
2742,-0.42599621171341867,0.7242716652636287,-4.495436226712407,0.7527323249082885,0.5854735460119799,2.0017011164104677,0.0,-0.0,0.0,0.0,0.0,0.0
2743,-0.16732906204587367,0.35486658759335826,-3.872757219514587,0.13289115783429917,-0.6127223202792115,2.0027361765670633,0.0,-0.0,0.0,0.0,0.0,0.0
2744,-0.8683187972781163,0.43728377898887244,-2.516823920460592,-0.08869965931523341,-0.5375181905154213,1.9987510953751244,0.0,-0.0,0.0,0.0,0.0,0.0
2745,0.20930862015444524,-0.2701002826015487,-2.525577089364496,-0.13617709519453108,-0.7925841714621933,2.0017276335723597,0.0,-0.0,0.0,0.0,0.0,0.0
2746,-0.13668309462908043,0.7532222832234429,-0.5761922865723924,-0.15531142699074615,-0.5461907675574371,1.9977733293748645,0.0,-0.0,0.0,0.0,0.0,0.0
2747,0.7128896223078509,0.5767056361940001,-1.1425114385832593,-0.17646657282451006,-0.7304440119207896,2.0007242968899326,0.0,-0.0,0.0,0.0,0.0,0.0
2748,-0.3125478173003733,0.13406392115844812,-1.5578589706286698,-0.4046409317934576,0.37365189297860996,1.998673518051833,0.0,-0.0,0.0,0.0,0.0,0.0
2749,-0.5257372263158283,-0.4654114667171898,-1.6308369348563565,0.9482750240310411,-0.17211515661850155,1.9987987005901149,0.0,-0.0,0.0,0.0,0.0,0.0
2750,-0.6898344859644847,-0.31426378566839874,-1.8550012057069214,0.29034833575632474,-0.5273623848580379,2.0025659848863366,0.0,-0.0,0.0,0.0,0.0,0.0
2751,0.38764894470295463,0.7380781334532546,-2.1178434520409026,0.671096932556781,-0.2037180683576629,2.0022180769164666,0.0,-0.0,0.0,0.0,0.0,0.0
2752,-0.1127742052004428,-0.2783014149468079,-3.046332903580389,0.42485010404872087,0.11469529987060982,2.000241758908461,0.0,-0.0,0.0,0.0,0.0,0.0
2753,-0.07430160723888722,0.7792405011969692,-4.220578712227741,-0.3175754081217423,0.04615528671266902,2.000234100897399,0.0,-0.0,0.0,0.0,0.0,0.0
2754,0.3855100355426036,-0.3868825515968246,-3.7615362267401946,-0.23150909968771952,0.5350154498688534,1.9961044930906877,0.0,-0.0,0.0,0.0,0.0,0.0
2755,-0.4456101480444435,0.6059068270809967,0.26475374962004355,0.37700286550697104,0.8452398767184407,2.0004262919207036,-7.236646674575597e-15,-1.5276221484917738e-14,0.0,-0.00016546163388507713,0.00035149671496127163,0.00011204292789376835
2756,0.6263436322031726,0.6634419709765711,-2.3860042022194095,0.20605287450982465,-0.32252915216727146,2.0023286037774866,0.0,-0.0,0.0,0.0,0.0,0.0
2757,-0.48152203832040613,-0.1337906808969313,-1.8285090360002674,-0.22536525580989245,-0.8138380919380493,2.001704460116961,0.0,-0.0,0.0,0.0,0.0,0.0
2758,-0.481283651034204,-0.821890153113636,0.24832149639047849,-0.08269842239048568,-0.3749649008274306,1.9977111185427445,-1.0378355295291758e-14,2.0999730432624536e-14,-0.0,-0.00023861443444446866,-0.000482924588412736,-5.29331005584334e-05
2759,0.6045560591997999,0.3234619107984173,-1.230623014532453,0.44222435914086944,-0.500209998085245,2.0023429252036054,0.0,-0.0,0.0,0.0,0.0,0.0
2760,0.6905054190090026,-0.17038720609716104,-3.0155669632257407,0.7482428593243333,-0.09597539445333957,1.9986162626850348,0.0,-0.0,0.0,0.0,0.0,0.0
2761,0.07188289972872804,-0.8208399899943405,-3.6527522323091417,0.6289811057365621,0.6228872444643295,2.0035431119212714,0.0,-0.0,0.0,0.0,0.0,0.0
2762,-0.8258013224415389,0.37453961895473203,0.09461770179436853,-0.012265810389378167,0.8572177832339604,1.998990938473017,4.605264845612895e-14,5.449178667972101e-14,-0.0,0.0010713298699502707,-0.001326979753635527,-0.0010279220531070052
2763,-0.954770568307363,-0.24482870558184183,-2.1698821409359086,0.2735108305875278,-0.22973456609605747,2.000569005612287,0.0,-0.0,0.0,0.0,0.0,0.0
2764,0.6664020948211328,-0.38063135653707153,-0.10687989724233327,-0.44728601352834446,-0.8711822349953573,1.9999736054216357,0.0,-0.0,0.0,0.0,0.0,0.0
2765,0.6751536014234835,-0.7151491425173007,-1.790320371162493,-0.42861676777494756,-0.042352335402314825,1.9943896647542962,0.0,-0.0,0.0,0.0,0.0,0.0
2766,-0.09849602470414874,-0.7920744520552336,-1.172006066123555,0.5686094056850387,0.14222424376917833,2.002392454335549,0.0,-0.0,0.0,0.0,0.0,0.0
2767,-0.40528281875659794,-0.575860743249419,-3.0850671918259516,0.5347294248576988,0.21629589033139193,1.9994398196912948,0.0,-0.0,0.0,0.0,0.0,0.0
2768,0.9283182634726684,-0.16116963532299988,-3.808176998833209,0.5678710270319784,-0.004452464721585573,2.0000881510520867,0.0,-0.0,0.0,0.0,0.0,0.0
2769,0.0298326011197702,-0.07840018682600797,-0.6613379477885317,-0.7304267217200292,-0.17858383655008017,1.9972635731638027,0.0,-0.0,0.0,0.0,0.0,0.0
2770,0.21033604162930147,-0.44876602311321623,-2.184866356376342,0.157202023240747,-0.6829778600723386,2.0014864149611653,0.0,-0.0,0.0,0.0,0.0,0.0
2771,0.3950480319373945,0.039794882668470255,-1.625170761614383,0.5003752881833877,0.4674762314039073,1.9979774650727393,0.0,-0.0,0.0,0.0,0.0,0.0
2772,0.10404091611188235,0.5588928635009202,-1.5810415401427362,0.7327002503561278,0.1785632495644656,1.9962518418226547,0.0,-0.0,0.0,0.0,0.0,0.0
2773,0.4594893737118356,-0.06603104349683303,0.0357864422279255,0.2793712507031927,0.32883531821917594,1.9992732056608564,6.193145103500382e-15,-1.4590210525210756e-15,-0.0,0.00014398035262255785,3.151776816807936e-05,-0.00046143580581963265
2774,0.23602946304858224,-0.1912823838059842,-3.1491351076046668,0.733904440026306,-0.564817711601737,1.9995536536909622,0.0,-0.0,0.0,0.0,0.0,0.0
2775,0.017262211604831757,-0.8869774383515623,-3.5541301661613267,-0.1626780620722059,0.6492919725155836,2.0009397504650295,0.0,-0.0,0.0,0.0,0.0,0.0
2776,-0.8736971654782091,0.44117750889743956,-0.4166991623547727,0.5821563671908861,0.6439983422323616,1.9968762881259317,0.0,-0.0,0.0,0.0,0.0,0.0
2777,-0.20062669889537257,0.22779283755764035,0.005163516352370362,-0.7699162314597571,0.033373069202617664,1.9985988216718205,-1.0301785730731198e-15,-7.377827835498896e-15,-0.0,-2.183594630573133e-05,0.00016965316092749656,-0.0006658925301934273
2778,-0.4648365359263799,0.5336739121134756,-3.006102463562023,-0.21363420321125184,-0.8520914020673305,2.0005890892575726,0.0,-0.0,0.0,0.0,0.0,0.0
2779,0.025965993298380168,0.25666357443020266,-0.30967637757630934,0.8962445126332208,-0.289403151318503,1.9968280790279491,0.0,-0.0,0.0,0.0,0.0,0.0
2780,0.26737327806600747,0.2708909266014263,-1.78156082008182,-0.5716690802950042,-0.5933361914031431,2.000755002188734,0.0,-0.0,0.0,0.0,0.0,0.0
2781,0.39763690852758293,0.5711520038448678,-2.4401219527677243,0.08890171073716842,0.4838955286287455,1.9982091403430842,0.0,-0.0,0.0,0.0,0.0,0.0
2782,0.887838794432674,0.06998255830398487,-3.322972890994997,0.17256846062128167,-0.9392608916133103,1.9974792735720017,0.0,-0.0,0.0,0.0,0.0,0.0
2783,0.46994808585501074,0.47727582630656384,-0.3689255393157294,0.38179153829890616,0.39078838472870514,2.0044055836673924,0.0,-0.0,0.0,0.0,0.0,0.0
2784,-0.2594198943397249,-0.2887877648430884,0.38614173478413083,0.05238987977371394,-0.773388939859119,1.999829908876146,-1.1697253746199067e-14,4.322436049199457e-15,-5.109621058865837e-271,-0.00026851699784661686,-9.823566997928383e-05,0.0006537643104877415
2785,-0.4635338456592873,0.3128728568551245,-3.921676476703862,-0.13766876776179043,-0.6035098576979679,2.000178077775356,0.0,-0.0,0.0,0.0,0.0,0.0
2786,-0.7786826791462835,-0.6082602055706162,-2.6065881058208995,0.9364977480213276,0.17657679593470005,1.9991434762807796,0.0,-0.0,0.0,0.0,0.0,0.0
2787,-0.5967918763827093,0.40638262484534904,-1.9524285622213633,0.3153325945104498,-0.22783844065487363,1.9973472143369784,0.0,-0.0,0.0,0.0,0.0,0.0
2788,-0.6883799171802846,-0.15426282106506875,-3.1266333634650545,-0.09385172148468984,-0.34731031164407145,1.9995807477003686,0.0,-0.0,0.0,0.0,0.0,0.0
2789,-0.28257289688910586,0.22666418648518044,-2.3257660085467764,0.1915492967922094,0.19463699050719263,1.9986508534808125,0.0,-0.0,0.0,0.0,0.0,0.0
2790,0.40852159808223615,-0.5288055111199278,-2.803968374286019,0.7586252843985453,0.31595089718406794,2.0008335237127493,0.0,-0.0,0.0,0.0,0.0,0.0
2791,0.5215336495035335,-0.7355259268621963,-0.8808430989777158,0.004884279788468125,0.47188755793412934,2.0017319913252862,0.0,-0.0,0.0,0.0,0.0,0.0
2792,0.3500156991161028,-0.16121534727783218,-4.278399190898292,-0.2242606608348706,0.39588065032528746,1.9985971293542812,0.0,-0.0,0.0,0.0,0.0,0.0
2793,0.14402216286231154,0.8198519190317307,-3.176467743900692,0.4980215315914816,0.03379723096353462,1.9963673545248983,0.0,-0.0,0.0,0.0,0.0,0.0
2794,-0.37263175552120437,-0.12534183416322206,-2.847849937992504,0.8992171954794621,-0.25546561189307077,2.0041173259496103,0.0,-0.0,0.0,0.0,0.0,0.0
2795,0.6978258016498168,-0.46700846851683975,-3.801879913121294,0.45560471508111555,-0.6601294938100112,1.9988210198861016,0.0,-0.0,0.0,0.0,0.0,0.0
2796,0.13603130464782615,0.9233743528707908,-4.433136165075663,0.6583811494755805,0.2577360197985709,1.9994358807373227,0.0,-0.0,0.0,0.0,0.0,0.0
2797,0.16879628276203218,-0.6392692486316315,-3.3926301458500867,-0.638654539936599,-0.6362801551592357,1.9961127193950736,0.0,-0.0,0.0,0.0,0.0,0.0
2798,-0.15217675129737093,-0.7516242274415609,-2.379839865722345,-0.378371022494392,-0.22560876869712906,2.000830614746296,0.0,-0.0,0.0,0.0,0.0,0.0
2799,-0.16898707961828002,0.698880143773233,-2.5012557689484587,0.6458805841144468,-0.4159370630345778,2.0017535822633983,0.0,-0.0,0.0,0.0,0.0,0.0
2800,0.0772721776998709,-0.7739953804586057,-1.114957578994503,0.22726426955271434,0.5928508195875539,1.999175834835411,0.0,-0.0,0.0,0.0,0.0,0.0
2801,-0.7100508742451532,-0.6850971557514627,-3.89044389284382,0.5170767818526384,0.5452128735649027,2.000160293681225,0.0,-0.0,0.0,0.0,0.0,0.0
2802,-0.5204195971904001,-0.7028210154364255,0.1813381037144751,-0.6457127995652139,-0.6434233325515117,2.002016830700253,-1.0007322795799026e-14,1.7082269729082534e-14,-0.0,-0.00022944127016006239,-0.00039138005807554663,-5.5878483841499746e-05
2803,0.15303242908425183,-0.5399975876462347,-0.5427738318314863,-0.2540288095718345,-0.32981866381434793,2.001650554224929,0.0,-0.0,0.0,0.0,0.0,0.0
2804,0.25017303556476994,0.13329497349224836,-2.9781383491006683,-0.8717927976111631,0.46109174010091614,2.0033133071797993,0.0,-0.0,0.0,0.0,0.0,0.0
2805,-0.6056719270786626,0.2922437055396544,-0.31667555986359713,-0.8930173582744785,-0.26523096109663424,1.9987179984143482,0.0,-0.0,0.0,0.0,0.0,0.0
2806,-0.8013436940191784,0.3892333097950498,-4.176494766608019,-0.48681461142470145,0.25197014738839674,2.000828731226055,0.0,-0.0,0.0,0.0,0.0,0.0
2807,-0.5402245893802098,-0.6067874463373981,-0.7300059036953909,-0.8380204886068758,-0.3402866332376942,1.998591516679428,0.0,-0.0,0.0,0.0,0.0,0.0
2808,-0.42130514167595107,-0.4582518750214818,-3.4330767048803104,0.7107334228054955,0.3661471992562897,1.9982058862377117,0.0,-0.0,0.0,0.0,0.0,0.0
2809,0.23138218802443128,-0.9301228371865616,-0.650277008745132,-0.7795028578810976,-0.08620322083585523,1.9991343055416755,0.0,-0.0,0.0,0.0,0.0,0.0
2810,-0.9092800694665575,-0.2623384254672974,-2.4840793986774177,0.6035745963215925,-0.7245124022573708,2.0004920872542984,0.0,-0.0,0.0,0.0,0.0,0.0
2811,0.8580360652841252,0.11852639802644764,0.07248073341836775,-0.09530636738318725,0.6789378669990911,1.9992966399652834,1.7359905374102646e-14,1.3744130181151015e-15,-0.0,0.00039866446937524534,-3.322105724110867e-05,-0.00039600610033763703
2812,0.5360650381926958,0.45000437189190623,-4.146177100023729,-0.5942255538996835,0.41866728848614276,2.001890155167858,0.0,-0.0,0.0,0.0,0.0,0.0
2813,0.038911881698573535,-0.9583914563973459,-2.339334496181441,-0.070996174310616,0.07939417347340637,1.996680140656662,0.0,-0.0,0.0,0.0,0.0,0.0
2814,-0.23385960843975967,0.6796846765509377,0.04365876563972077,0.12083599586518642,0.9747636305719182,1.997248684760529,-1.083264340883966e-14,-1.6420851652511592e-14,-0.0,-0.00024858667253971817,0.0003760598122415971,-0.00038262705177112354
2815,-0.2588494171215548,-0.8501375365742558,-2.4118240389161825,0.2656406615608738,0.36124430450990025,2.001235765614178,0.0,-0.0,0.0,0.0,0.0,0.0
2816,0.3116875451506024,0.4654754234371978,-1.2096958820711095,0.4813387034264069,0.426275929703269,1.9989552464341618,0.0,-0.0,0.0,0.0,0.0,0.0
2817,0.9605955560285477,0.21782203959221766,-0.5961294240603798,-0.8799784056191943,0.2905516937862184,2.0017439966505455,0.0,-0.0,0.0,0.0,0.0,0.0
2818,0.03654220233713733,0.09155759497072748,-3.8533934382231374,-0.16754394024431055,-0.15225283115373234,2.0028338257429352,0.0,-0.0,0.0,0.0,0.0,0.0
2819,-0.5947852649919478,-0.3986650814503217,-4.1230266954519115,0.6432941944830445,0.6606347581699984,1.9991281946712334,0.0,-0.0,0.0,0.0,0.0,0.0
2820,-0.6250239005969626,-0.20950008794512304,-4.427610140956627,0.8680665186785415,-0.00561659569601003,1.9988926805331704,0.0,-0.0,0.0,0.0,0.0,0.0
2821,-0.2406154006781616,0.07164347581139933,-3.3947706793540107,0.2792446766314568,0.18055149328202932,1.999397763757344,0.0,-0.0,0.0,0.0,0.0,0.0
2822,-0.933682169456123,-0.11918063509429033,-3.581161990127432,0.6851579059113453,0.08647109492774664,2.000580859179527,0.0,-0.0,0.0,0.0,0.0,0.0
2823,-0.25032395946854136,0.10732444826149147,-1.2298216685170302,-0.4010215006623449,0.6847387206418225,1.9990364357356318,0.0,-0.0,0.0,0.0,0.0,0.0
2824,-0.4945716359377884,-0.42661031802767596,0.39512202027915055,0.06366681580890739,0.3224194193471885,1.9989280526209483,-1.1003253768115856e-14,1.2120481888890229e-14,1.3026741657120976e-265,-0.00025118041915711255,-0.00027867191059379067,0.00040350612230722813
2825,0.744395113490056,0.27396317134442716,-1.397605046355248,0.11714320437647718,0.8838094995901463,1.9968494164828858,0.0,-0.0,0.0,0.0,0.0,0.0
2826,0.12511243642633113,-0.7431467940548977,-2.1590399289092077,-0.3865632348219434,0.7843568671023984,2.0015142364180076,0.0,-0.0,0.0,0.0,0.0,0.0
2827,0.8330920691801125,-0.06443504514575969,-2.0229846267547646,0.07629628560160341,-0.555355953224749,2.0005042787366443,0.0,-0.0,0.0,0.0,0.0,0.0
2828,-0.10769065743488518,-0.2937846355809022,0.33967087002980106,-0.037295984262229485,0.685741616063454,1.997971286008021,3.3900667724913005e-15,-3.428103559594993e-15,8.85756783118589e-298,7.850157190523843e-05,7.890854531935813e-05,0.00022209476364741564
2829,-0.851922800335189,0.07357069718171674,-1.1447356902405572,0.6851616862774264,-0.1966672045098672,2.000202043484383,0.0,-0.0,0.0,0.0,0.0,0.0
2830,-0.45400457534818506,-0.43050660797350826,-0.2688967343608187,0.28619399535864265,-0.6472625508489824,2.0009907170798567,0.0,-0.0,0.0,0.0,0.0,0.0
2831,-0.4240845470215132,-0.8644922310764831,-4.15766080748117,0.9006099118868027,-0.31304224243977224,2.000075836888676,0.0,-0.0,0.0,0.0,0.0,0.0
2832,0.48569418460706126,0.5059335099653155,-0.9647358442407256,-0.5471551898519237,-0.5301681996702218,1.999459764488895,0.0,-0.0,0.0,0.0,0.0,0.0
2833,-0.18609524944881323,-0.17780352743275518,-0.8486023280026403,0.3672279643260924,-0.540552293526117,1.9999456389625694,0.0,-0.0,0.0,0.0,0.0,0.0
2834,-0.1100644573617487,0.7848348801014613,-1.2852679539546001,0.3492003135924201,-0.6794967141448478,2.0008901825634995,0.0,-0.0,0.0,0.0,0.0,0.0
2835,-0.017056540270441657,0.6949630234421692,-0.9466944972987555,-0.5908480525724837,-0.23317481529981735,1.9966634024271765,0.0,-0.0,0.0,0.0,0.0,0.0
2836,0.37635677192564765,-0.6804937929423546,-0.9364425053666473,-0.08610466714364232,0.7400769865000227,2.002878157579179,0.0,-0.0,0.0,0.0,0.0,0.0
2837,-0.6303615072705431,0.31286071469005966,-0.8030353387292712,0.17058491402496362,-0.7936347684272391,1.9996388285242135,0.0,-0.0,0.0,0.0,0.0,0.0
2838,-0.4212076781421898,-0.21244947545691523,0.08582287151418527,0.801154753439795,-0.4898344553286411,2.0000796273914023,-2.4440604732768738e-15,1.9397111530747987e-15,-0.0,-5.612354517778768e-05,-4.408009420125717e-05,-0.0003783661287918041
2839,0.2401134034428523,-0.09279177937346839,-2.8945371180176354,0.7090629227835016,0.5566651842832232,1.9978974847160955,0.0,-0.0,0.0,0.0,0.0,0.0
2840,0.818207915216155,-0.04086669192134716,-2.534244742602564,-0.36639250106615495,0.18869837958341182,1.9993576539587448,0.0,-0.0,0.0,0.0,0.0,0.0
2841,0.5523913457743576,0.4800579202176346,0.057386700618848666,0.6114417051454363,0.43401852793316065,2.0024166320642065,3.336271161792913e-14,-3.441421669487534e-16,-0.0,0.0007673734290177981,1.097106669469483e-06,-0.0006985124903115856
2842,-0.8530387188690569,-0.2770053387887089,0.05709442630778771,-0.4705920597953524,0.4571969426492135,2.0010991296190537,-2.1231226445000774e-14,7.31147807891272e-15,-0.0,-0.000487178970089302,-0.0001676989540547516,-0.00036417932392011443
2843,-0.8481973224565298,-0.07285246556456075,-3.7077637313901355,0.2970754979056859,-0.3126761933348911,2.000204111482589,0.0,-0.0,0.0,0.0,0.0,0.0
2844,0.18226495301303833,0.06228696790718743,-2.276600975311706,-0.36655432065077476,0.7509726308236496,1.9978377669997291,0.0,-0.0,0.0,0.0,0.0,0.0
2845,-0.08510978725617263,-0.008883709570117047,-3.908704311290419,-0.7808518472981607,-0.5287956753255169,2.0018660059756246,0.0,-0.0,0.0,0.0,0.0,0.0
2846,0.442230044443586,0.38699720153360306,0.015751437941019318,-0.6172236107472092,0.11163177399805312,1.9987379757684058,-4.610891689957083e-15,-6.679971034882793e-15,-0.0,-0.00010781368547001717,0.00015302271960805175,-0.0005850946121659552
2847,0.9548627968442758,-0.0521454701275044,-0.24911386682546993,-0.7213582080194879,-0.11279001800593863,2.001134862613748,0.0,-0.0,0.0,0.0,0.0,0.0
2848,0.23662894813653235,0.7859045486092348,-4.281307420072894,0.19294029422694328,0.7434895409575822,2.0008806816450213,0.0,-0.0,0.0,0.0,0.0,0.0
2849,-0.7641112102994165,0.19203734782629664,-0.4072721176161041,0.930798445214262,-0.04066195371008991,1.9957734663868536,0.0,-0.0,0.0,0.0,0.0,0.0
2850,-0.8550608901573212,-0.05772634460293532,-0.6420001574930028,-0.6254155293861474,0.12848995008012312,2.003559298651483,0.0,-0.0,0.0,0.0,0.0,0.0
2851,0.2172981203308986,-0.7492960425548031,-1.089302237385936,-0.3278594128949839,0.8223163970097184,1.9976095326984666,0.0,-0.0,0.0,0.0,0.0,0.0
2852,0.70374653023384,-0.17143473353274027,-4.114425169550092,0.10797506741647948,-0.49190082458775,1.9982768519108127,0.0,-0.0,0.0,0.0,0.0,0.0
2853,-0.7330455134497708,0.5518246530966515,-0.01526585774577652,0.6609252163352252,0.4234362777915959,2.0010315964368686,0.0,-0.0,0.0,0.0,0.0,0.0
2854,0.5523957279486348,-0.8901563693957188,0.4430644624082794,0.6587939818249539,0.04509851212155052,1.9996286380446537,1.7573622094737218e-14,1.6321299565459488e-14,7.854639518790031e-238,0.00040437342846025797,-0.00037487323739101875,0.00020946932247095887
2855,0.863520285266014,0.41719218976989736,-3.2919196712351524,-0.32383484773597543,0.9004418367173771,1.9968851823491942,0.0,-0.0,0.0,0.0,0.0,0.0
2856,0.7964418441636394,-0.019862955008387768,-4.118031605778352,-0.2626611430149421,0.6486283853588907,2.0022350309977814,0.0,-0.0,0.0,0.0,0.0,0.0
2857,-0.755372271027126,0.46965263011218183,-4.010972722250358,-0.7362965483694924,-0.24842820818682093,1.998145874616733,0.0,-0.0,0.0,0.0,0.0,0.0
2858,-0.0926031443471635,-0.9150404123804999,-2.968528125141941,-0.2750284315283338,-0.07332145550913831,2.0003761411178655,0.0,-0.0,0.0,0.0,0.0,0.0
2859,0.25019963046087423,-0.24311447052518576,0.2907682084045248,0.5727711351937466,0.3816101188753487,1.999842400466457,1.9442099350352604e-14,-1.427999727654744e-14,-0.0,0.00044506331320601656,0.0003395436548460229,-1.5290356877058508e-05
2860,-0.7463337199482525,0.0927146845731092,-0.21610025736453176,-0.1277050739735715,-0.237441396607038,2.001789462348485,0.0,-0.0,0.0,0.0,0.0,0.0
2861,0.20691966403247952,-0.6574021840534572,-0.808534103563518,-0.29190220762552355,-0.6040378265473038,2.000675117561987,0.0,-0.0,0.0,0.0,0.0,0.0
2862,0.5698251508400727,0.11570414536595584,-0.9141782455226688,-0.5359401605744293,-0.008367657215910287,2.003297252342424,0.0,-0.0,0.0,0.0,0.0,0.0
2863,0.5015601931985361,-0.5656915018416185,-3.973230157934409,-0.7157815252343979,-0.6413405647170585,1.9986512751476635,0.0,-0.0,0.0,0.0,0.0,0.0
2864,-0.3283966032554862,-0.3531278637829197,-1.3846004839762733,-0.2722451139787939,-0.07670844749741076,1.9981428890904676,0.0,-0.0,0.0,0.0,0.0,0.0
2865,0.11153645664053444,-0.7796542687377095,-3.6866104047241004,-0.6563695700293365,-0.003513637482475774,1.9962886516876435,0.0,-0.0,0.0,0.0,0.0,0.0
2866,0.7073569666271781,0.6129808627360519,-3.942736676389996,0.5094722893736154,-0.36609827233202175,1.9966852181640573,0.0,-0.0,0.0,0.0,0.0,0.0
2867,0.6809931089328192,0.2763884291658346,-3.9045821892187362,-0.8170174378480874,0.48311437915272415,2.0050236329135798,0.0,-0.0,0.0,0.0,0.0,0.0
2868,-0.29969373981771075,-0.24148423597629004,-0.6004889327223831,-0.7318767000910896,-0.043400306834977406,2.0020289780185836,0.0,-0.0,0.0,0.0,0.0,0.0
2869,0.20372382674058226,0.4074089867987514,-2.6471075959787593,-0.869728718257777,-0.1893253705858086,2.0042337781628965,0.0,-0.0,0.0,0.0,0.0,0.0
2870,0.3583850524907723,-0.49942379648288765,-3.4677379622775026,-0.1459360309499563,-0.12082652623067168,2.0018726864829386,0.0,-0.0,0.0,0.0,0.0,0.0
2871,-0.07473741170469278,-0.5077150725923604,-2.972931262698865,-0.5823887258113769,-0.4848096481238336,2.000194858213115,0.0,-0.0,0.0,0.0,0.0,0.0
2872,0.20692110555554613,0.9314996463650178,-3.581829167825596,-0.1613382049838907,-0.9045534748116802,1.9991580404246037,0.0,-0.0,0.0,0.0,0.0,0.0
2873,-0.060177779960970276,-0.6566258585605432,-0.1036379009690495,-0.6159616757232119,-0.320321067164032,2.0002516759765134,0.0,-0.0,0.0,0.0,0.0,0.0
2874,-0.1117759395155006,-0.11976456881473184,-3.4489583677191518,-0.9151372616159922,-0.2782491355277147,2.001879762759081,0.0,-0.0,0.0,0.0,0.0,0.0
2875,-0.09025498948417315,-0.08576650611538877,0.2583387593968707,0.09975533677066635,0.7787198561814431,2.0025580994800976,3.793153162813929e-15,-2.6171323506403515e-15,0.0,8.853321183912736e-05,6.012257050458846e-05,4.72442570103816e-06
2876,-0.3283150439915205,-0.8719103153767123,-3.2068885469358976,-0.15029628564335465,-0.6931527790076143,1.9983583259304063,0.0,-0.0,0.0,0.0,0.0,0.0
2877,0.1455940664406523,0.3036300097135045,-3.3406418771822306,-0.8007841983466567,0.13168701718494547,2.0037984443971855,0.0,-0.0,0.0,0.0,0.0,0.0
2878,-0.2742828627433879,-0.059632240697608405,-3.6397007643765114,-0.5277787646619805,0.1824091387256127,1.999201354987239,0.0,-0.0,0.0,0.0,0.0,0.0
2879,0.3407310405933972,0.258602761901316,-0.15239287561224046,0.08118553877317494,-0.4607028814078139,1.9991088923194504,0.0,-0.0,0.0,0.0,0.0,0.0
2880,0.34456107552275017,0.4908996425957338,-0.18113451896440474,0.6168978249349674,0.0776140305879886,2.000828181920453,0.0,-0.0,0.0,0.0,0.0,0.0
2881,-0.12302506422273765,0.5107868523274746,-0.23308894321919743,0.34072404466901024,-0.7267978753923678,2.0018810483332783,0.0,-0.0,0.0,0.0,0.0,0.0
2882,-0.6790561507866506,-0.6299581872122949,-2.8292258894966817,-0.46031616918843815,0.3615183457700842,2.0024334169059106,0.0,-0.0,0.0,0.0,0.0,0.0
2883,0.06524396612761758,-0.633597778076405,-1.7280159833348823,0.6276785012319366,0.41667252231003976,2.001050449619054,0.0,-0.0,0.0,0.0,0.0,0.0
2884,-0.4888845190183297,0.45561800688801424,-2.3063111976475015,0.19156097596501337,-0.48741424322043614,2.000695008098569,0.0,-0.0,0.0,0.0,0.0,0.0
2885,-0.6226574831156682,0.40317783863734674,0.3769198628585571,0.4158862268157686,-0.20856452333377135,2.0020667772793144,-9.480416487762377e-15,-1.3916196191138234e-14,-1.0264299411738104e-276,-0.00021582185682661055,0.00031638872911146735,0.0006740094252914427
2886,0.46041888081138876,0.8060041617043913,0.2683829559316577,0.06359846626339474,0.2188669360561657,1.9994411183499912,1.3339329403230069e-14,-3.36502986452817e-14,0.0,0.00030528001219965286,0.0007752912895593704,0.0004331055127369341
2887,-0.44836813938418363,0.4866703874347442,-1.7696217403306171,0.21557291356636796,0.8259630578269784,2.0004488928656468,0.0,-0.0,0.0,0.0,0.0,0.0
2888,-0.8822539936662191,0.3394626450800239,-3.908400116850379,-0.4700198345164035,-0.3503329003095041,1.999416186380659,0.0,-0.0,0.0,0.0,0.0,0.0
2889,-0.23641054733665637,0.6127448350784045,-0.7212996746944859,0.0820002616478749,0.08097901854888875,2.0022604427334216,0.0,-0.0,0.0,0.0,0.0,0.0
2890,0.24879085280552649,0.8808933534834684,-0.21648545613378167,0.6686660546532149,-0.6167425387514575,1.9993204954558046,0.0,-0.0,0.0,0.0,0.0,0.0
2891,0.759308160752344,-0.519502068511357,-0.9716110840043811,-0.5295833539093149,-0.33081969951476503,1.9994340865647122,0.0,-0.0,0.0,0.0,0.0,0.0
2892,0.33163393378418077,-0.09303988382025066,-0.16722044767895325,-0.5865977219931626,-0.7639132117347229,1.998678860272285,0.0,-0.0,0.0,0.0,0.0,0.0
2893,0.6408196100127992,-0.6938105934742254,-1.3961116832321352,0.7240562161101982,0.585311404139229,1.9994739860762551,0.0,-0.0,0.0,0.0,0.0,0.0
2894,-0.7611316361863429,0.5497483512752386,-3.968907028939027,-0.027712514655858337,-0.7536625726480014,1.9983440880536585,0.0,-0.0,0.0,0.0,0.0,0.0
2895,-0.7533534869099804,0.29676283028605527,-3.2493371938453217,0.03081717288537452,0.8421391054082129,2.0043823623028856,0.0,-0.0,0.0,0.0,0.0,0.0
2896,-0.053016708688736924,-0.5932386911641697,0.41505612483027515,0.7119137595706523,-0.6311493297178089,2.0033415763442393,4.744094566083846e-16,1.6247947254818844e-14,3.2079275154850473e-254,1.0669027068022895e-05,-0.0003728640466738533,0.00042763864390967264
2897,0.25172947562117554,0.7929309454501967,-0.9904054189438809,-0.8383612912137185,0.10601380317775407,1.9992576903061818,0.0,-0.0,0.0,0.0,0.0,0.0
2898,0.21951855864074518,0.7301451113328644,-3.476901365423054,0.7044476006713022,0.36140468408918597,1.9976090569979803,0.0,-0.0,0.0,0.0,0.0,0.0
2899,0.5965298053602524,-0.7529394851144198,-0.8344593965923662,0.9487995585101284,0.20026055775800986,1.9966296663078273,0.0,-0.0,0.0,0.0,0.0,0.0
2900,0.14259830047448202,0.2438147011346137,-0.1385060041916871,-0.2892929707756441,-0.589489369585596,1.9993733572212529,0.0,-0.0,0.0,0.0,0.0,0.0
2901,0.8736033037722669,0.15202527569574933,-1.4017221664015234,0.6702062043766231,0.32754304501698056,2.005140435313011,0.0,-0.0,0.0,0.0,0.0,0.0
2902,0.2141828819864899,-0.951989333983262,-4.415812737329645,-0.22083446952783473,-0.09067016388144614,1.997814501308129,0.0,-0.0,0.0,0.0,0.0,0.0
2903,-0.7445191966111747,-0.21837461035848074,-0.6080235248633966,0.4088609059241831,0.7381617922282291,1.998424989426122,0.0,-0.0,0.0,0.0,0.0,0.0
2904,0.3548959524075045,0.3173123078602964,-0.5212614043039967,0.26484724704753865,-0.05708932239458338,1.9978756323039533,0.0,-0.0,0.0,0.0,0.0,0.0
2905,-0.183955540123737,0.5296643075252166,-3.28867684427618,-0.5493005206965823,0.001165956965017579,1.9985878741639744,0.0,-0.0,0.0,0.0,0.0,0.0
2906,-0.270742187114755,-0.2854359752593841,-1.0691556692993447,-0.16001425216463655,-0.4616861573585685,1.9999679572354732,0.0,-0.0,0.0,0.0,0.0,0.0
2907,-0.1867480979056111,-0.7061943194455031,-0.35197189277575575,0.34243844148219127,0.11946366297951157,1.999505289501583,0.0,-0.0,0.0,0.0,0.0,0.0
2908,-0.26814561046784585,0.8244229790979842,-1.0961869505532256,-0.05867434823438137,0.5242113959656175,1.9959033216546334,0.0,-0.0,0.0,0.0,0.0,0.0
2909,0.5337598813193195,0.5817346254151626,-3.3502719859665118,-0.047904562783448144,-0.45375864721446824,1.9994787011199167,0.0,-0.0,0.0,0.0,0.0,0.0
2910,0.5863893729907264,0.24554603084448007,-1.9596902056704308,-0.046812805171128465,0.24838293964970243,1.997415297663757,0.0,-0.0,0.0,0.0,0.0,0.0
2911,-0.0965520404589465,0.902910787635404,-3.0557942583532336,-0.8174539307577622,0.5377062757299828,2.0004338662451686,0.0,-0.0,0.0,0.0,0.0,0.0
2912,0.8491299000758274,-0.40558330648773194,-1.196294964543184,-0.18733148070665973,0.8289065194223713,2.0014016848488874,0.0,-0.0,0.0,0.0,0.0,0.0
2913,-0.46142797881466513,-0.21288494897213794,-0.6269767179553318,0.9182308932525562,-0.30977268188335244,1.9984079416142637,0.0,-0.0,0.0,0.0,0.0,0.0
2914,0.10476525176981383,0.7779157629933873,-3.918358400975532,0.341159843458903,0.3104681129806084,2.0022237662082696,0.0,-0.0,0.0,0.0,0.0,0.0
2915,0.9909334787392796,-0.08781710682539222,-3.016153307785183,0.6400720383654994,-0.038628565312757934,1.9990444466785804,0.0,-0.0,0.0,0.0,0.0,0.0
2916,-0.7360252462722483,0.5641757425262425,-4.430249640058814,-0.28197289304718265,-0.42441952322042514,1.9967556465793974,0.0,-0.0,0.0,0.0,0.0,0.0
2917,-0.23541790899929413,-0.8265505580698089,-4.014818513115459,0.6911831042857339,-0.4604528847566756,1.9975485641845763,0.0,-0.0,0.0,0.0,0.0,0.0
2918,-0.5154079144662086,0.34111083288859795,-4.425635509073861,0.6836863378460364,-0.7186413451909351,2.0026004727740996,0.0,-0.0,0.0,0.0,0.0,0.0
2919,0.5749453545938455,0.11809428475921839,-1.0228568071347774,0.5786260928479107,0.5872124847762037,2.0005444582033465,0.0,-0.0,0.0,0.0,0.0,0.0
2920,0.08900056528463308,0.942698301509923,-0.281205013395848,0.40429378376772096,-0.28031038125513746,1.9972908065360917,0.0,-0.0,0.0,0.0,0.0,0.0
2921,0.8921858199571739,-0.2155291270338205,-0.7602238432693138,-0.14792457260889527,-0.6690059790778461,2.0036873511351443,0.0,-0.0,0.0,0.0,0.0,0.0
2922,0.7116248292991956,-0.11530227426935671,-4.298422527089497,0.4297938974978918,0.01935888724098378,2.0028626852738256,0.0,-0.0,0.0,0.0,0.0,0.0
2923,-0.38269513526087306,-0.12261758443713472,-2.539599873914054,0.04795737288228842,-0.9384280032015203,2.000692535138512,0.0,-0.0,0.0,0.0,0.0,0.0
2924,0.0007658576797361796,-0.580456043365565,-1.5830284409259745,-0.5937048426770368,-0.0464054850761838,2.0030187881564028,0.0,-0.0,0.0,0.0,0.0,0.0
2925,-0.8125219318667397,-0.08843826667837433,-4.400133625876594,0.05778144845973992,0.6023738770913444,2.0026884952839743,0.0,-0.0,0.0,0.0,0.0,0.0
2926,0.0626735760615251,-0.5879397997984589,-3.102480064191775,-0.2591069618439339,0.09678078527627165,2.0003518516599663,0.0,-0.0,0.0,0.0,0.0,0.0
2927,0.39198403667994824,0.2850201411730704,-0.23100439170047413,-0.22753071528201396,0.9671341150198771,1.9999108283979112,0.0,-0.0,0.0,0.0,0.0,0.0
2928,0.27521054191709204,-0.08202257079267589,-1.5383624522119062,0.1307959083119061,-0.05897856141753165,1.9964424911572407,0.0,-0.0,0.0,0.0,0.0,0.0
2929,0.7801987231949504,0.16679308121373063,-0.7364147199890823,0.8093469091057505,-0.08139724083815872,2.000365728647843,0.0,-0.0,0.0,0.0,0.0,0.0
2930,-0.3234669913743693,-0.7156472966036911,-0.9139558680866183,0.10365468183560392,0.027441654444726477,2.0025131658603716,0.0,-0.0,0.0,0.0,0.0,0.0
2931,0.4658351550067571,0.10150525495519419,-1.183115501708243,0.6440153505357646,0.5575862829365599,2.0018027616632437,0.0,-0.0,0.0,0.0,0.0,0.0
2932,0.07098760141731988,-0.043902873693735175,-0.9921010323113467,0.6382970455814597,-0.6072844099778466,1.9988700891284812,0.0,-0.0,0.0,0.0,0.0,0.0
2933,0.6007646670370265,0.32885396956045965,-3.937665673332211,0.11432217566999481,0.7538221738463958,1.999151035877476,0.0,-0.0,0.0,0.0,0.0,0.0
2934,0.6354184739217702,-0.13010332019272167,0.4109253873467274,-0.12305221418723132,-0.13832492201262434,2.0009167996426553,4.162781517057753e-15,2.127859582970335e-15,-3.360446371938085e-257,9.63592918046568e-05,-5.0642092216445635e-05,0.0005493025763436555
2935,0.8659023272449295,-0.48557428763722627,-3.041852356695999,0.19831449814153732,-0.8311674489112447,1.9989886283480731,0.0,-0.0,0.0,0.0,0.0,0.0
2936,0.4004685606181978,0.3439170911635632,0.09189062655321917,0.16234272414692655,-0.8729337233771364,1.9988102791323235,8.58287366080633e-15,-1.0701120986097413e-15,-0.0,0.00019777093651699806,2.4079525545093366e-05,-0.00028126989479121373
2937,0.3404007872774588,0.5138856325953072,-2.7594331460464923,-0.29148049496785294,0.018140656761349325,1.9979180571372825,0.0,-0.0,0.0,0.0,0.0,0.0
2938,-0.27043859189648956,0.2436056311144186,-1.9385377847586724,0.6473345483980086,-0.702459984834048,2.0019672223293217,0.0,-0.0,0.0,0.0,0.0,0.0
2939,-0.10422252271190609,-0.7282374386614194,-3.1838621460414624,-0.8312440808022351,0.04938917569419432,2.0021400180092153,0.0,-0.0,0.0,0.0,0.0,0.0
2940,-0.17730890858867618,0.6284491930907585,-2.6285103596645882,0.8578063732139494,-0.059231872172600494,2.0034425982852624,0.0,-0.0,0.0,0.0,0.0,0.0
2941,0.01726320061746672,-0.566901850443357,-1.5707070016997966,-0.2665447614601504,-0.3887446911326551,2.000164140601919,0.0,-0.0,0.0,0.0,0.0,0.0
2942,0.9201412196930188,-0.049651791809053755,-0.6249955919286829,-0.06235069438078027,-0.43353377220371964,2.0003655904628137,0.0,-0.0,0.0,0.0,0.0,0.0
2943,-0.03881599114756851,-0.3682045477627962,-4.37913330246909,0.7426665758591409,0.4285119003785619,1.9976551507668554,0.0,-0.0,0.0,0.0,0.0,0.0
2944,0.3118816778099634,0.9053601494769712,-1.9692631567177017,-0.8439076982726418,-0.274665050083033,1.9998748086278413,0.0,-0.0,0.0,0.0,0.0,0.0
2945,-0.5639848497218184,0.48170008774216455,0.22614828788209634,-0.40842696483642094,0.6187129734958703,1.9978398750480983,-4.908634759756957e-15,3.1743755305961474e-15,-0.0,-0.00011573194182073057,-7.184893322114985e-05,-0.00017731209249426252
2946,0.7028003022153546,0.35020728989438277,0.3214404768212696,-0.09035351030418827,-0.17548546414363442,1.9975412379225161,1.7600975351608498e-14,-1.0120145650785863e-14,2.532091005282053e-307,0.00040433719920685875,0.00023187698558672256,0.00015989000634834805
2947,-0.18838820141672902,0.6668851426767082,-1.4710639671958003,-0.3031208307388366,-0.08567844484375713,1.9983164551307926,0.0,-0.0,0.0,0.0,0.0,0.0
2948,0.3779400486941121,-0.47588795990782384,-3.6540244529081627,0.5378971170529481,0.6841976891592607,1.9990528293037342,0.0,-0.0,0.0,0.0,0.0,0.0
2949,0.5395361566931306,0.6576572345919741,-1.1940013975424695,-0.4145736192863403,-0.40660411796679763,2.0010325584100697,0.0,-0.0,0.0,0.0,0.0,0.0
2950,0.2750357412335388,0.14290461256257264,-0.2798007012068851,0.2860355605049664,0.8306615799396262,2.002968613117432,0.0,-0.0,0.0,0.0,0.0,0.0
2951,-0.5779934252836312,-0.6784721840004976,-3.7408450937651865,-0.875980672787238,-0.05801387224927199,1.998243430342527,0.0,-0.0,0.0,0.0,0.0,0.0
2952,-0.37820619819075146,0.4671282669025261,0.4789924801782733,-0.056980406021867124,0.14539659784401593,2.000082495286953,-6.365426917430175e-15,-1.1665042708973424e-14,1.6852649573222617e-218,-0.0001461319288693336,0.0002675792494260293,0.00048045407470251957
2953,-0.20635942358819742,-0.30944911455924107,-2.4616534495716413,0.3411657488224781,0.7929767653741417,1.9970342551776832,0.0,-0.0,0.0,0.0,0.0,0.0
2954,-0.3042045057529113,0.4734689171846496,-0.280951037621597,-0.1145032809829626,0.255027237277053,1.9992642196294772,0.0,-0.0,0.0,0.0,0.0,0.0
2955,-0.5011447923038291,-0.38634454752741154,-0.21298281069318672,-0.41193859571865205,0.7493681985983198,2.000124603907428,0.0,-0.0,0.0,0.0,0.0,0.0
2956,0.21687073046959218,0.78494826936781,-2.321964118990898,-0.4715591249623776,0.7592136012811684,1.9985017681650548,0.0,-0.0,0.0,0.0,0.0,0.0
2957,-0.1694796127365952,0.19949547725169664,-2.6782750170273997,-0.776104969710944,0.29672809755260443,1.9986968656064232,0.0,-0.0,0.0,0.0,0.0,0.0
2958,-0.6351797608221058,0.5759802224268348,-3.7306990996645983,0.5071791938957984,0.3103971453537619,1.9998666050494713,0.0,-0.0,0.0,0.0,0.0,0.0
2959,-0.35136861678596515,0.3214291074124658,-4.422817662613136,-0.4934969529848569,0.28383914277135563,1.9997654872357855,0.0,-0.0,0.0,0.0,0.0,0.0
2960,0.2892160212623338,0.529029845238118,-0.3967147773608128,-0.2369407709317489,0.5401647172015618,2.00082321816021,0.0,-0.0,0.0,0.0,0.0,0.0
2961,-0.4593300548321913,-0.5624946059085585,-0.9044740421058023,-0.2652249723717167,0.1627527215465161,1.9985150042000295,0.0,-0.0,0.0,0.0,0.0,0.0
2962,-0.30147341290501845,-0.5035686874353412,-0.4033414254133447,0.24971371236156953,0.5035141815861626,1.998824382116689,0.0,-0.0,0.0,0.0,0.0,0.0
2963,-0.4329940234024853,-0.6945903264403679,-0.6282623599528483,0.6783558917618708,-0.7056020609534892,1.9987577777049244,0.0,-0.0,0.0,0.0,0.0,0.0
2964,0.15142575299789274,-0.695019494377149,-2.9825433012167597,0.18098085315463225,-0.44311826905045265,2.001245997944851,0.0,-0.0,0.0,0.0,0.0,0.0
2965,0.13625120933848908,-0.23436623263625248,-0.2520055953032934,0.6766174025405742,-0.2580574594262418,1.998154234127267,0.0,-0.0,0.0,0.0,0.0,0.0
2966,0.14257322207792736,-0.4983290324572216,-2.109514142297014,0.0436431822504562,0.40429453405491494,1.9978435573512017,0.0,-0.0,0.0,0.0,0.0,0.0
2967,0.47879700197577246,-0.008852304650754574,-1.4250984978352972,0.23926376475405245,0.5463276308507403,2.0005912989651944,0.0,-0.0,0.0,0.0,0.0,0.0
2968,0.017037092279040718,0.6500927007222422,-0.7520401066785711,-0.8532554803897199,0.037425950930258904,2.0013478487579404,0.0,-0.0,0.0,0.0,0.0,0.0
2969,0.3138932678178368,-0.035473899918288525,-2.4163901906647887,-0.3580808245436664,0.9002159341689926,1.9982197682140823,0.0,-0.0,0.0,0.0,0.0,0.0
2970,0.6944304817579375,-0.15921496989877615,-1.2166981658366702,-0.28662312263421674,0.027336138640547143,1.9979217093610375,0.0,-0.0,0.0,0.0,0.0,0.0
2971,-0.7413055999751752,-0.521218065344983,-2.552013980122989,0.44089571958482215,-0.04454104609137608,1.9994111761444373,0.0,-0.0,0.0,0.0,0.0,0.0
2972,0.8417120785219684,0.12089289196578379,-0.35278929600988984,-0.020080462290961297,-0.6271434529291133,2.0021285503622823,0.0,-0.0,0.0,0.0,0.0,0.0
2973,-0.47946730855919417,-0.6177233859237314,-3.5671248193533223,-0.8513920594701224,-0.26165835120475417,2.0038589462777394,0.0,-0.0,0.0,0.0,0.0,0.0
2974,-0.40427241018485144,0.7827349825626013,-1.423951471316938,-0.5873869884921766,-0.56725715414711,1.9974751281898346,0.0,-0.0,0.0,0.0,0.0,0.0
2975,-0.5896185975793208,-0.3423984650529986,-2.917130644715122,-0.29424674582152377,-0.6232635374027952,2.002473805370644,0.0,-0.0,0.0,0.0,0.0,0.0
2976,0.7718065005404496,-0.736087391230232,0.3620584719365402,0.43683765453044665,-0.08386569745491104,1.999456136978798,1.6223803056777105e-14,2.5604235194089135e-14,-2.927280218577262e-284,0.00037289091724646055,-0.0005866883998726286,0.0001406482864866742
2977,-0.5390846960386029,0.2596847209612678,-2.51737335945564,-0.042069738384589335,-0.15534670125278516,2.0025708371488298,0.0,-0.0,0.0,0.0,0.0,0.0
2978,0.7700239373217038,0.41714611305593186,-2.8965481646317475,0.6159972374757153,0.13271783551207378,1.9982326932509655,0.0,-0.0,0.0,0.0,0.0,0.0
2979,0.5211242971559914,0.747635265764406,-2.3592611135023875,-0.5441510835613,-0.0491336123116942,2.000822776432107,0.0,-0.0,0.0,0.0,0.0,0.0
2980,-0.6757389746152039,0.18375769983074106,-2.4468134162996957,0.8990185226291879,-0.17461650189646244,2.0016952259091902,0.0,-0.0,0.0,0.0,0.0,0.0
2981,0.23170039701865788,-0.1291797592691044,0.021583045937107352,0.22899152929304756,0.7054228857920477,1.9991495061436664,4.422032920893662e-15,4.9615444915060236e-15,-0.0,0.00010264866037772693,-0.00011409946441098293,-0.000583868372530431
2982,-0.6356129114364086,0.0483206847906139,-4.360726262543555,-0.7642886894142631,-0.077066258018437,1.9972418354990085,0.0,-0.0,0.0,0.0,0.0,0.0
2983,0.8163438658898957,0.16338260161755636,-2.6127558718397297,-0.8127659982614576,0.5822458255506947,1.9957178477058366,0.0,-0.0,0.0,0.0,0.0,0.0
2984,-0.6205165439201921,0.7278553084019828,-4.145431969892601,0.4032482180965592,0.4710196430249259,2.000584554688067,0.0,-0.0,0.0,0.0,0.0,0.0
2985,0.14475561238579573,-0.369309128716851,-3.3081423110309416,0.7326082368506095,0.40944081609676203,1.9980130241487106,0.0,-0.0,0.0,0.0,0.0,0.0
2986,-0.046623256918917354,-0.9720769000821352,-1.7912444802246716,0.5066860638827202,-0.07321067272573417,2.000610864510981,0.0,-0.0,0.0,0.0,0.0,0.0
2987,0.08416217670914958,0.47255168077102694,-2.576584957105507,0.07593449970999537,0.6732277882798318,2.0015886230475184,0.0,-0.0,0.0,0.0,0.0,0.0
2988,0.2865396762895916,0.6461687657492723,-1.574062112186444,-0.29327565544591544,0.1570020135609792,2.0012067970143628,0.0,-0.0,0.0,0.0,0.0,0.0
2989,0.5302792066234199,-0.4588373672623024,0.4146214858319904,-0.03399123545846282,0.3642523687318519,1.9998162471738932,1.351740219749053e-14,4.800695407606739e-15,-3.4451762184842245e-254,0.0003110142551192355,-0.00011002496597484731,0.0004130867340800283
2990,0.9182193568286582,-0.25935026638467606,-1.0465861218528656,-0.787641543945263,0.0772892022489543,2.0045832367286827,0.0,-0.0,0.0,0.0,0.0,0.0
2991,0.24204635061390842,-0.5894479069103163,-2.137824360849469,-0.5790594783014923,0.1052907119081274,1.9980260182191376,0.0,-0.0,0.0,0.0,0.0,0.0
2992,-0.38093999596753747,-0.5281602074291625,-0.07910414199991592,-0.2646099430313286,0.8318335455954898,1.9984921573541463,0.0,-0.0,0.0,0.0,0.0,0.0
2993,0.6184043145399578,0.45141920226818694,-3.012756922416008,0.25264044591014617,0.5162170356512658,1.9978066415422258,0.0,-0.0,0.0,0.0,0.0,0.0
2994,-0.19478751364945948,-0.4382029637254474,-3.26145018080944,0.1363737720032669,0.91715937494997,2.0026442344617963,0.0,-0.0,0.0,0.0,0.0,0.0
2995,-0.6495335484313942,-0.18420146518975666,-2.6610868786030757,-0.6208102823998026,-0.19244208449103056,2.0018597075215543,0.0,-0.0,0.0,0.0,0.0,0.0
2996,-0.36077378161866613,0.4177333377928911,-1.4494034229957868,0.0718621203320773,0.9437808966413975,1.9992527210245652,0.0,-0.0,0.0,0.0,0.0,0.0
2997,0.5321039882148224,0.6857253012962454,-3.3169640488837904,0.31879433428624826,-0.770646806876279,2.0010537645733963,0.0,-0.0,0.0,0.0,0.0,0.0
2998,0.06240922096911087,-0.7390928383254599,-0.23010658655016125,-0.6185968284770332,0.27118721467472257,2.000581651303316,0.0,-0.0,0.0,0.0,0.0,0.0
2999,-0.5466519529366262,0.6535728539581002,-4.050405461499735,0.1975147194500505,-0.6533783526407446,2.0024953103793206,0.0,-0.0,0.0,0.0,0.0,0.0
3000,0.9869044976850195,-0.12406016513263109,-2.349043840272809,0.9172233497810907,-0.3014167815337057,1.9980723830583935,0.0,-0.0,0.0,0.0,0.0,0.0
3001,0.11095836630529136,0.8228200659287416,-2.3091211057209056,-0.48090840063593887,0.4094070129197096,1.9994726211193175,0.0,-0.0,0.0,0.0,0.0,0.0
3002,0.15113497247619812,0.21824728365842552,-3.4831451506141176,-0.2895974627537575,0.23353928706671934,1.9991183729384432,0.0,-0.0,0.0,0.0,0.0,0.0
3003,-0.1960666757168784,0.13312801654188655,-2.2524002470590347,0.0413883174079053,-0.01339334336389223,2.0010341590337846,0.0,-0.0,0.0,0.0,0.0,0.0
3004,-0.3474139350907757,-0.23695528464926546,-0.2679048777076752,-0.3360928382007205,0.009332910617197897,1.9998891410486106,0.0,-0.0,0.0,0.0,0.0,0.0
3005,0.6934929309406039,0.044515438614911945,0.4550340364709389,-0.33257569774584933,0.2999478435034106,2.001209530996611,8.652978654935876e-15,-5.494267319207276e-15,1.4987094054470566e-231,0.00019821166190020544,0.00012528673834888524,0.00048183693711931913
3006,0.23282513158971127,-0.6859545156382219,0.26843379512454213,0.033126488549185915,0.508924776923082,2.0013815884428703,4.764986226230709e-15,1.1168569914892026e-14,0.0,0.00011004349883627276,-0.0002560774205185198,2.9326231033552796e-05
3007,-0.7543607517674749,0.5489821561836409,-0.36000652568286384,0.18766418590012487,0.03772378861383816,1.997304176765985,0.0,-0.0,0.0,0.0,0.0,0.0
3008,0.13278003995275428,0.33634034497521087,-4.018971108201276,-0.10428130947102225,-0.4867616733609371,1.9985983642641836,0.0,-0.0,0.0,0.0,0.0,0.0
3009,-0.9634258356326578,0.09531818857263585,-2.724139215948463,-0.8438033258516479,0.31649914026418036,2.0017525890101324,0.0,-0.0,0.0,0.0,0.0,0.0
3010,0.522754241069628,-0.6056198199373181,-2.3533738138289535,-0.401221049591946,0.19934373158778546,1.999401942716613,0.0,-0.0,0.0,0.0,0.0,0.0
3011,-0.5666658433343581,0.5076034699082321,-0.3392532274457549,0.7463054126726916,-0.055622511128718,1.9991547151930964,0.0,-0.0,0.0,0.0,0.0,0.0
3012,-0.05241872468924666,-0.6516182805204831,-0.06147147939366025,-0.37540629762608774,-0.9168736570642992,1.997877018346202,0.0,-0.0,0.0,0.0,0.0,0.0
3013,0.2984983073478248,-0.33067337021586724,-0.22470482142098322,0.05565323258859675,0.103091592218064,1.9988947498279457,0.0,-0.0,0.0,0.0,0.0,0.0
3014,-0.7516210945144798,0.6136679199406732,-2.0607274302282517,-0.15034082636790896,-0.0640623403994408,2.000544082391551,0.0,-0.0,0.0,0.0,0.0,0.0
3015,0.29390311030299526,0.5942686926950764,-0.313715714158028,-0.7144425388329428,0.49815211623960576,2.0009583251639693,0.0,-0.0,0.0,0.0,0.0,0.0
3016,-0.8532980887353555,0.34144961966065235,-2.0337448020392785,0.35939691007211577,0.09786823145756803,1.999187680784302,0.0,-0.0,0.0,0.0,0.0,0.0
3017,0.295440566905979,0.06171474515667418,-1.8201066639824754,-0.607065894380505,0.774631140294026,1.998903228255188,0.0,-0.0,0.0,0.0,0.0,0.0
3018,0.03381524287567102,0.09154859578798533,-0.038137143243718606,-0.8210284976088369,0.12055274471926024,1.9979212231904573,0.0,-0.0,0.0,0.0,0.0,0.0
3019,-0.7812000892432568,0.533574670582095,-0.12694158577582965,-0.09322785892322065,0.47228985902059795,2.002267406374054,0.0,-0.0,0.0,0.0,0.0,0.0
3020,0.12345729366900238,0.43243873009682177,-2.4805001159402567,0.7442490348492641,-0.47945036519931683,1.999495853367118,0.0,-0.0,0.0,0.0,0.0,0.0
3021,-0.18449247345657382,0.9571825218649217,-2.9395591298235937,-0.10095227024048929,0.3080604018918112,2.0013171331678685,0.0,-0.0,0.0,0.0,0.0,0.0
3022,0.502476489528162,-0.5245147144003569,-2.037995314902542,-0.491913048449947,0.03998890305431918,2.001626850977288,0.0,-0.0,0.0,0.0,0.0,0.0
3023,-7.439528851731104e-05,-0.6113231768008692,-4.038613040366017,0.8029216691714564,0.07031812179143213,2.00338287830235,0.0,-0.0,0.0,0.0,0.0,0.0
3024,0.30800481680764663,0.6040706311444011,-3.4052862448072103,-0.06863675173344196,-0.4612168397806861,2.0033256669615986,0.0,-0.0,0.0,0.0,0.0,0.0
3025,-0.9345162590570802,-0.3137147606911274,-4.490491762167507,-0.16534003144677606,-0.8780053719433359,1.9967648580033048,0.0,-0.0,0.0,0.0,0.0,0.0
3026,0.46881391523248933,0.0024784396835593,-1.3726356171330834,-0.9174559740841786,-0.20345358527017518,2.003500761117906,0.0,-0.0,0.0,0.0,0.0,0.0
3027,0.6259447185767218,0.7341015263117181,-1.0492376491845539,-0.18301150468095473,0.08334318499362553,2.001699736468548,0.0,-0.0,0.0,0.0,0.0,0.0
3028,-0.06282274828588379,-0.5911901904403594,-4.460698609134695,0.6833290850747176,0.3731964102488471,2.006731873970301,0.0,-0.0,0.0,0.0,0.0,0.0
3029,-0.03009914659730474,-0.7182596834961796,-2.2837088505234258,-0.0948211292671523,0.5620817971635774,1.9964822172760956,0.0,-0.0,0.0,0.0,0.0,0.0
3030,0.06044520186430025,-0.8358146030759446,-1.3752284528958056,-0.5651578053565205,0.5599563015178718,2.0009552073312755,0.0,-0.0,0.0,0.0,0.0,0.0
3031,-0.2657952644547193,-0.26160921561576633,-3.0800061057594745,-0.224929326397924,0.6801118790385824,2.0009400611969888,0.0,-0.0,0.0,0.0,0.0,0.0
3032,0.07923441467481569,-0.4740952977361655,-0.6784742350101405,0.48644180449100133,-0.6446006689635234,1.998341758643141,0.0,-0.0,0.0,0.0,0.0,0.0
3033,0.022052322339789106,0.37389603709042274,-4.488550602329613,0.04470556064784581,0.8041686390964464,2.0017847434154525,0.0,-0.0,0.0,0.0,0.0,0.0
3034,-0.048977566861512875,-0.153745475489084,-3.60667627346174,0.6858232712537562,-0.10883793326383899,2.002315253129574,0.0,-0.0,0.0,0.0,0.0,0.0
3035,0.4216862559940673,-0.3922913591300914,-2.458250931923952,0.3996703635045016,0.14830498216276466,2.0012589180274376,0.0,-0.0,0.0,0.0,0.0,0.0
3036,-0.15430618237649757,0.647576072456539,-2.1264789778222166,0.16174674605989278,0.9646167790958214,1.9978444922439613,0.0,-0.0,0.0,0.0,0.0,0.0
3037,-0.21619845243585303,-0.7896986785740023,-0.36509842500124023,-0.21055724058369693,0.0452362653708584,2.0026968612151332,0.0,-0.0,0.0,0.0,0.0,0.0
3038,0.15146017257151287,0.7398090309556928,-1.3897311226535696,0.37558201983224354,0.8566246876262342,2.002650970451678,0.0,-0.0,0.0,0.0,0.0,0.0
3039,0.8652473069708866,-0.3014503099119185,-2.79159483022713,-0.48510183700837123,-0.5897304690464611,1.999940892606608,0.0,-0.0,0.0,0.0,0.0,0.0
3040,0.2420200618376748,-0.7644551340666241,-3.712492109147924,-0.3737332170838692,0.8967882740768217,2.0005811814971097,0.0,-0.0,0.0,0.0,0.0,0.0
3041,-0.14100868751974108,0.14798435441697583,-4.369094679246522,-0.6085210089611376,-0.06233970644267794,2.000573923678695,0.0,-0.0,0.0,0.0,0.0,0.0
3042,-0.12865881210005398,-0.2098197034383419,-3.9103863341743668,0.1014960941061472,0.1630143163130523,2.003981079553016,0.0,-0.0,0.0,0.0,0.0,0.0
3043,-0.410732423249039,0.33848971571317876,0.10115153948496075,0.36878123244593314,0.23313997980378595,1.997511852101114,-1.0100561471144804e-14,-4.170483660885931e-15,-0.0,-0.0002315125133532127,9.61934134658521e-05,-0.00040574403933018883
3044,-0.21434434667904986,0.6307505325457755,-1.0087453451922386,-0.8958603591201099,-0.2652733396667491,2.0003148913388347,0.0,-0.0,0.0,0.0,0.0,0.0
3045,-0.45938159625942054,-0.8435674271603362,-4.333872972050344,-0.6304021571654856,0.23017983343104068,1.997996056332926,0.0,-0.0,0.0,0.0,0.0,0.0
3046,0.2233292240049206,-0.0822638970264991,-2.3674411933481943,-0.48036555450893614,0.5609455840607819,2.0017561184569246,0.0,-0.0,0.0,0.0,0.0,0.0
3047,-0.9253662277462621,0.12065390435618796,-4.2423658345165665,-0.5356544039110162,-0.5033162402265348,1.9976797841665483,0.0,-0.0,0.0,0.0,0.0,0.0
3048,0.1045349707295784,-0.1511724047179989,-2.623802843357799,-0.032082709293192624,-0.6956242543057903,2.0000074147335263,0.0,-0.0,0.0,0.0,0.0,0.0
3049,-0.2715586887451389,0.4717729440813962,-1.8341221495432505,-0.4958071701849331,-0.35682206071095096,2.002501885511905,0.0,-0.0,0.0,0.0,0.0,0.0
3050,0.3608804529088882,0.08197825251212651,-3.1295836919683637,-0.9304390223144644,0.3513229143511946,2.0002189980513325,0.0,-0.0,0.0,0.0,0.0,0.0
3051,-0.2666902883725192,-0.3255511547284973,-0.8082814230982505,0.651880285063226,0.6033896865493427,1.9983480771265325,0.0,-0.0,0.0,0.0,0.0,0.0
3052,-0.7500892410835723,0.2312627603086862,-2.7413495929181733,0.41678222538619686,-0.4034295123361093,2.0006679129332303,0.0,-0.0,0.0,0.0,0.0,0.0
3053,0.308510038370519,-0.2961721580571258,-0.29312572055350933,0.3552151871766108,-0.03326524088925726,1.9999276614458459,0.0,-0.0,0.0,0.0,0.0,0.0
3054,-0.35479466490821515,0.12367812096043027,-1.9705893155594245,0.2993967398632433,0.6732223190600111,2.000692380894738,0.0,-0.0,0.0,0.0,0.0,0.0
3055,-0.5121502680374164,-0.7085234378901382,-3.9371029437052236,0.20529235042818264,-0.904470013072965,1.9973350195146806,0.0,-0.0,0.0,0.0,0.0,0.0
3056,0.7249890279153465,-0.10288103942258359,-3.3838593176355825,0.10545351067343654,0.2994540190196046,1.996588070893511,0.0,-0.0,0.0,0.0,0.0,0.0
3057,0.0007740971803621571,0.38920984595220975,-3.3432263711991297,-0.13005769217421934,-0.05229831618189633,2.002975040266355,0.0,-0.0,0.0,0.0,0.0,0.0
3058,-0.9811719435911432,-0.027402796461375376,-2.0400072377215412,0.08965391560457443,0.81450441611301,1.998699361477531,0.0,-0.0,0.0,0.0,0.0,0.0
3059,-0.7185963568454428,-0.33958872678668434,-0.05308628718672547,-0.6046359123172222,-0.19720287636202005,2.0015886562153455,0.0,-0.0,0.0,0.0,0.0,0.0
3060,-0.5651601061355672,-0.5573792905309626,-2.5391207847769692,0.5302686754084022,0.6918756702971456,2.0036363687952443,0.0,-0.0,0.0,0.0,0.0,0.0
3061,-0.7816972563879029,-0.15116563373071945,-0.836675000788881,0.5161874344391336,-0.6215104932907197,1.9992813388352464,0.0,-0.0,0.0,0.0,0.0,0.0
3062,0.5637436488247575,-0.6806769446910772,-0.5458120634015167,-0.47044257913018955,-0.17849474873072962,2.004560224252451,0.0,-0.0,0.0,0.0,0.0,0.0
3063,0.007355868507088802,-0.7766556754632601,-0.41098194366178853,-0.34055862483509375,-0.8083606596638325,1.9989732382098235,0.0,-0.0,0.0,0.0,0.0,0.0
3064,0.5269782804161033,-0.06079021273412126,-1.8652283062649468,0.3487979698415137,-0.6163258527695904,2.000771271485376,0.0,-0.0,0.0,0.0,0.0,0.0
3065,0.4949494717088039,0.6771900262292256,0.4036635674333173,-0.8475253976725385,0.40903128057871335,2.001139584005574,1.4948413080754095e-14,-1.7022125256195458e-14,2.131482386472717e-260,0.0003433805463195153,0.0003901734314047264,0.00029636688598646025
3066,-0.004963175558556573,-0.6524386853180781,-1.3086209115796894,-0.6079192296231869,0.07676269057636975,1.9981757260762623,0.0,-0.0,0.0,0.0,0.0,0.0
3067,0.7011090939528943,0.24007353902334208,0.0327635664205151,-0.11365583022774939,-0.1623602699687575,2.0004606617327685,1.4293020104781378e-14,-8.50140778246645e-15,-0.0,0.0003283574997133769,0.00019372191509977693,-0.0003985180367017562
3068,0.8547618083249445,-0.0823511980041497,-0.2884116916166652,0.483631656055544,-0.38715403641715196,1.9994523552899235,0.0,-0.0,0.0,0.0,0.0,0.0
3069,-0.5649496597398436,-0.19480646266125148,-3.054058854140549,-0.028342567927618165,-0.7058674629818896,2.001458060538501,0.0,-0.0,0.0,0.0,0.0,0.0
3070,-0.3648318305221483,0.8019424312377934,-4.248972023990953,0.049873189865151726,-0.5508937913952018,2.001071668978371,0.0,-0.0,0.0,0.0,0.0,0.0
3071,-0.7700294627990749,0.619203222946247,-2.119222028384785,0.20873279012340962,-0.8973769623263336,1.999991590861035,0.0,-0.0,0.0,0.0,0.0,0.0
3072,-0.36859750996993784,0.20255529504039027,0.44514895544735555,0.6580470492756488,-0.5867375936222842,2.000391518171798,-3.409435793010482e-15,-2.1615746922117483e-15,3.650983229350468e-237,-7.786918546545251e-05,4.95802648021008e-05,0.0004909586427373286
3073,0.30815670856252886,0.920804970800606,-4.407317550953031,-0.6919580837320334,0.32141946096602536,1.997678085826514,0.0,-0.0,0.0,0.0,0.0,0.0
3074,-0.4316292883367416,-0.09969405732525968,-0.30676686262283087,0.2815950627743241,0.17090217274612451,2.0034682511403608,0.0,-0.0,0.0,0.0,0.0,0.0
3075,0.5692573930931796,-0.074773341526146,-1.2546262215697201,0.5833738181768061,0.2762124048446578,2.001686705887328,0.0,-0.0,0.0,0.0,0.0,0.0
3076,0.6010262657099957,0.16651630310929708,0.046187780486278356,-0.23333697061472872,-0.6472407575976882,1.9998068270763387,1.0421474049538478e-14,-3.0303292499207347e-15,-0.0,0.00023988363930351172,6.84040187452216e-05,-0.00041330954811434845
3077,-0.10357898920984385,-0.5142351064904095,-0.9990949520753207,-0.014566875747919952,0.7321907506959598,1.9991412869117249,0.0,-0.0,0.0,0.0,0.0,0.0
3078,0.020645767790145767,0.0760561117806869,-3.480183660183628,-0.18863781819131104,-0.8938923292550218,2.003224654644646,0.0,-0.0,0.0,0.0,0.0,0.0
3079,-0.4579166117719028,-0.8327135036020419,-3.6561223512133907,-0.24775576987500406,0.07401728928513727,1.9991745737998425,0.0,-0.0,0.0,0.0,0.0,0.0
3080,0.7963118374920288,-0.2295319320267393,-3.0159920421778383,0.29642979550694804,0.6583589832177865,2.0011123867876224,0.0,-0.0,0.0,0.0,0.0,0.0
3081,0.5588956939521964,-0.71777800682955,-1.2129578243444779,-0.7515934389281067,0.3564239693773831,2.0004308004519733,0.0,-0.0,0.0,0.0,0.0,0.0
3082,0.46531084445216164,-0.1563159026190753,0.17715288516686867,0.17180921399555577,0.0265052728090091,1.9985388083631348,6.456673171975053e-15,2.5552711640532514e-16,-0.0,0.00015060641631021527,-8.180597868050268e-06,-0.00012598987870438447
3083,-0.31764209271265925,-0.22015998731074954,-1.6758399042377041,-0.4966832219936495,-0.738941087309117,1.9972941662532917,0.0,-0.0,0.0,0.0,0.0,0.0
3084,-0.27274641492599344,0.2987070248900927,-2.2349124122961492,0.6925607836683647,-0.5466894384101859,1.9984408403283684,0.0,-0.0,0.0,0.0,0.0,0.0
3085,0.9034151145468352,-0.009921754668486708,-1.8339563151423546,0.29136958950232844,0.5738127255889238,2.0005212994516124,0.0,-0.0,0.0,0.0,0.0,0.0
3086,-0.022244850492705717,-0.6739998069531292,-2.4502069603418835,0.6191768241029233,0.21038720067444594,1.9977846487765916,0.0,-0.0,0.0,0.0,0.0,0.0
3087,0.40276449264710046,0.5046407963637075,-3.3368870444063163,-0.03376730770221845,-0.8405913925222992,1.9987655675946658,0.0,-0.0,0.0,0.0,0.0,0.0
3088,0.06862162445419952,0.5403345277030556,-4.441800631465426,-0.6421862485288247,0.49809120531946166,1.9977394723044777,0.0,-0.0,0.0,0.0,0.0,0.0
3089,0.47665741547208235,0.07940577058962173,-1.2967475118302187,0.7922304995497058,0.457796631244269,2.0031652357418,0.0,-0.0,0.0,0.0,0.0,0.0
3090,-0.8645893581938945,0.4654161705191175,-1.6209438014884543,0.6546045163167182,0.4669400631701458,1.9989058201211456,0.0,-0.0,0.0,0.0,0.0,0.0
3091,0.32883188356977483,0.5612275799953006,-0.6975054592289648,-0.7511189266396272,0.3380051471422157,2.0008842324645637,0.0,-0.0,0.0,0.0,0.0,0.0
3092,0.3893766605574141,0.3608125525751014,-1.4429254346812364,0.06090497114626987,-0.8028795756551426,1.9991402905110365,0.0,-0.0,0.0,0.0,0.0,0.0
3093,-0.9003585489069659,0.030344664534402453,-1.11238357172641,-0.29078330333068836,-0.19796359278031228,1.9987541653832062,0.0,-0.0,0.0,0.0,0.0,0.0
3094,-0.7705253026951462,0.6213203226751887,-4.411397422703747,0.7422916839515766,0.41441443400017314,2.0000211901842797,0.0,-0.0,0.0,0.0,0.0,0.0
3095,0.7523959038761955,0.03560817904361781,-0.0062578609680505205,-0.20068575504215505,0.437387085744485,2.000424362114571,0.0,-0.0,0.0,0.0,0.0,0.0
3096,0.6647078729800986,-0.7891200618302351,0.3958903461154732,0.8848331035038267,0.30383327251698417,2.002096063498132,1.3002663998260587e-14,1.6642963526421532e-14,-4.6107457456104475e-266,0.0002987913344286069,-0.00038047092968750953,0.0001555808273514731
3097,0.33032247646066043,0.7358234004111918,-1.3696393700136802,-0.23637585462045896,0.9018354494878128,2.0025585076942476,0.0,-0.0,0.0,0.0,0.0,0.0
3098,0.30641997863413767,-0.11584131063011455,-3.662680632102434,-0.5773727215480727,0.004903579729829292,1.9991746297351767,0.0,-0.0,0.0,0.0,0.0,0.0
3099,-0.5718839008120404,0.2634602386099664,-3.9283755487247705,0.08653111987238638,-0.2265042765785125,1.998947813484156,0.0,-0.0,0.0,0.0,0.0,0.0
3100,0.8965613827987238,0.13967778084496602,-0.5159944411567084,0.2811918504666844,-0.4913215146542363,2.000355866208457,0.0,-0.0,0.0,0.0,0.0,0.0
3101,-0.7883806800554698,0.3580534280834466,-0.8247180854262683,-0.879457449076538,-0.36978290466687636,1.9996084216647803,0.0,-0.0,0.0,0.0,0.0,0.0
3102,-0.1949667690543709,-0.14902268107188976,-4.202979891731703,-0.01029100822577382,-0.5542162411994899,2.0019296028627798,0.0,-0.0,0.0,0.0,0.0,0.0
3103,0.5158767234927912,-0.33159171500542184,-4.171896623609204,-0.4142544035493418,0.30010208845772823,2.0017909356596264,0.0,-0.0,0.0,0.0,0.0,0.0
3104,0.2617342098808643,-0.4952644001587296,-1.0648254811746625,0.8176454712827752,0.3520033926254658,1.997534932702028,0.0,-0.0,0.0,0.0,0.0,0.0
3105,0.3593304298772894,0.030757585338292676,-3.1163284062629564,0.19503815303759758,-0.6707524548764977,1.9988765131556845,0.0,-0.0,0.0,0.0,0.0,0.0
3106,0.3426705022039044,-0.8482720990881717,-1.074815698464345,-0.5841152046227887,-0.03259259343346363,2.001266866401231,0.0,-0.0,0.0,0.0,0.0,0.0
3107,-0.2871379825935298,-0.4662552853320687,-2.7973234155974604,0.4299095702900378,-0.8211614595227162,2.0009113881998037,0.0,-0.0,0.0,0.0,0.0,0.0
3108,-0.621053071525568,0.048615619407007676,-2.77422690154972,-0.7865386503183763,0.003892094455261238,1.9997170580689665,0.0,-0.0,0.0,0.0,0.0,0.0
3109,-0.6824439459349105,0.012661367340876016,0.22190685108598934,0.024086843724432493,-0.1460329499395486,2.000313643211221,-1.0430078681930199e-14,-2.2129839447982323e-16,-0.0,-0.00023979859653698647,4.249409258882004e-06,-0.00014407443006500501
3110,0.6385996522660257,-0.33620564439167744,-4.4616598128084135,-0.19354600875252287,-0.6134024512972323,1.9997440686957688,0.0,-0.0,0.0,0.0,0.0,0.0
3111,-0.8436071966571039,0.3389446900710165,-1.5122149760810693,0.13516058440367393,-0.7062940371190698,2.0009473330607856,0.0,-0.0,0.0,0.0,0.0,0.0
3112,-0.4316629510316009,-0.2982240119319467,-2.9378324651717995,-0.46282669751881567,0.32251473132893105,2.00126944908096,0.0,-0.0,0.0,0.0,0.0,0.0
3113,0.34712784456395035,0.8985864415225401,-3.696122810995779,-0.5840546735030157,-0.05643571530224696,2.0019581537561475,0.0,-0.0,0.0,0.0,0.0,0.0
3114,0.5591007723523472,0.8042102490445049,-0.7200652502674654,-0.23481765067927324,-0.9563830780683052,2.000227116178192,0.0,-0.0,0.0,0.0,0.0,0.0
3115,-0.5981279350252028,-0.17012521644035086,-2.6411793219497564,0.5329030701931672,-0.7018643528534227,2.001835571680248,0.0,-0.0,0.0,0.0,0.0,0.0
3116,0.12937801553128947,0.36185996323223796,-0.9286016883524483,-0.45355420196783197,-0.3911927893179843,1.9986786049187526,0.0,-0.0,0.0,0.0,0.0,0.0
3117,-0.2815492514564398,0.5188499436552052,-3.405178436667414,0.5604899314923655,0.7449457245768233,2.00012306568975,0.0,-0.0,0.0,0.0,0.0,0.0
3118,0.15422331422886418,-0.1691951807588132,-2.9626710506463434,0.45779082741839705,0.543568957149439,1.9993726351933074,0.0,-0.0,0.0,0.0,0.0,0.0
3119,-0.19011363910849693,-0.4572625280774584,-0.8534673851805674,-0.42241745152053667,0.8236596866953547,1.999245300738852,0.0,-0.0,0.0,0.0,0.0,0.0
3120,-0.0158506496607962,0.5020264560397022,-1.525729228394781,0.3566471145324573,-0.06030127525696402,1.9992708608746483,0.0,-0.0,0.0,0.0,0.0,0.0
3121,0.18796933507910613,0.3995924845703376,-1.864689297145313,0.38902643700021,-0.7254673449903319,2.00161422168454,0.0,-0.0,0.0,0.0,0.0,0.0
3122,0.051106081718889425,0.8111556219880155,-2.693244110348098,0.10055777182933934,0.8083071993251469,2.001275217037546,0.0,-0.0,0.0,0.0,0.0,0.0
3123,0.5132542361443169,0.49724292620161714,-1.5506022059879991,-0.6189533882855515,0.6077658584015752,1.9961583569065184,0.0,-0.0,0.0,0.0,0.0,0.0
3124,0.48805170942559717,-0.5853055020981764,-4.169962661810773,-0.13000936590804368,0.597489306899726,2.0016874818444825,0.0,-0.0,0.0,0.0,0.0,0.0
3125,-0.1384577529570794,-0.4292478219226012,0.2283282380906873,-0.8867889718793347,-0.3028737848459776,1.9990614649434424,-7.334529667526054e-15,1.0080546547019668e-14,-0.0,-0.0001622398702010682,-0.00022621778201386568,-0.0004562714562157904
3126,0.01298767006930039,0.734367504173621,-1.172397165585541,-0.8047966387255325,0.4055220165014826,1.9984134042333292,0.0,-0.0,0.0,0.0,0.0,0.0
3127,-0.07819766325912693,-0.8765191341097492,-4.000205277987571,-0.4107616766432085,-0.5242512221477039,2.0006661350751282,0.0,-0.0,0.0,0.0,0.0,0.0
3128,0.002025301939082368,-0.3417179492992845,-0.8933727491566437,0.24445799460575357,0.7737788622744408,1.9983505727215907,0.0,-0.0,0.0,0.0,0.0,0.0
3129,0.5350515969540109,-0.10406226556274874,-2.2172518832361234,-0.4156843988495951,0.6074393720896413,2.0000729440266674,0.0,-0.0,0.0,0.0,0.0,0.0
3130,0.7765364678663975,-0.24062357549934596,-0.12939802993734734,0.2687523587900308,0.24326157110159383,1.9991119481455866,0.0,-0.0,0.0,0.0,0.0,0.0
3131,0.3243083042150317,0.5731339529347899,-3.4535724779946335,0.0875220792728965,-0.2694136371823113,2.000463898613379,0.0,-0.0,0.0,0.0,0.0,0.0
3132,-0.7073707293656324,-0.008984909017580664,-0.25911862499826016,0.2939205095449165,-0.3853061418576671,2.0034757117535906,0.0,-0.0,0.0,0.0,0.0,0.0
3133,0.5001643561746563,0.19518825151323235,-3.145695182613239,0.9161648428730926,0.30326014713795796,1.9982242246867243,0.0,-0.0,0.0,0.0,0.0,0.0
3134,0.4955493138371319,-0.042805983165065106,-1.1301997458857362,0.9125871081382502,0.36620967859967524,2.002884125292101,0.0,-0.0,0.0,0.0,0.0,0.0
3135,0.7659751389817798,-0.6250322470577562,-4.075287929921292,0.0971477054045143,0.5140525101387153,2.0006134903921544,0.0,-0.0,0.0,0.0,0.0,0.0
3136,-0.10492878845768319,-0.13261747654183878,-3.573904567163681,0.3966676080324237,-0.09007868089163043,2.0001096039245394,0.0,-0.0,0.0,0.0,0.0,0.0
3137,0.2283666660693402,-0.10742043180613167,-2.347591543159347,0.521119224809934,-0.07987108323606558,1.9996875963023086,0.0,-0.0,0.0,0.0,0.0,0.0
3138,0.46002745137799667,0.4523836038503077,0.5115020774324953,0.07956394897104765,-0.33775148212783374,1.9960345070867611,9.558943134943449e-15,-6.326830798939198e-15,8.708393545561158e-199,0.00021995622911512782,0.00014483577177239762,0.0005127688617103753
3139,0.09871239475196797,-0.7699134328235142,-2.787167287907205,-0.802341891495575,-0.012403243823089495,1.9960867158546174,0.0,-0.0,0.0,0.0,0.0,0.0
3140,0.523799934105563,0.4102219116878912,-0.7279518692145546,0.3095547050925922,0.7283954588715749,2.0014179415471878,0.0,-0.0,0.0,0.0,0.0,0.0
3141,-0.16993388248578695,0.12071962665980734,0.03643230203254943,-0.8913542648434731,-0.36003240270290227,2.001853625878652,4.1956119416999345e-15,7.966068160885168e-16,-0.0,9.719587309345133e-05,-1.7514947203424926e-05,-0.0005468448079157662
3142,-0.6446937680737691,0.1986720558600037,-2.604782647200758,0.0721580887829853,-0.93874509068703,2.001186227771225,0.0,-0.0,0.0,0.0,0.0,0.0
3143,0.4239410455151133,0.3707843280116584,-2.008884823888553,-0.20890051881609903,-0.30456273341181495,1.9989604212123333,0.0,-0.0,0.0,0.0,0.0,0.0
3144,0.4884159165476993,0.30332767615446415,-4.109744233902456,-0.8856837601220778,0.11052954434829844,2.0028180445176678,0.0,-0.0,0.0,0.0,0.0,0.0
3145,-0.02111128371011164,-0.3318570974688289,-1.1557984458337145,-0.580743881466947,0.5485443801746676,2.0000447975539393,0.0,-0.0,0.0,0.0,0.0,0.0
3146,-0.009656056300464046,0.04197958998574046,-0.7846360689136941,0.523903493558104,0.3908415347068785,1.9968504583772708,0.0,-0.0,0.0,0.0,0.0,0.0
3147,0.7340231453059879,0.2023455873718223,-3.1054738337518337,-0.6232228657244607,-0.6272660626280416,2.0003187023082014,0.0,-0.0,0.0,0.0,0.0,0.0
3148,0.9686425963042877,-0.18438218378037302,-4.117456063237965,-0.008296997610284554,-0.10917712341356772,1.9948503419371861,0.0,-0.0,0.0,0.0,0.0,0.0
3149,-0.8704214410600276,0.3580605527322326,-2.257654397769442,-0.5389070154863854,0.04513742708386487,2.003338432085769,0.0,-0.0,0.0,0.0,0.0,0.0
3150,-0.3741005743875739,-0.33990431310324437,-0.7610208071396495,-0.6028674529786795,-0.41592560609799023,1.998081233860532,0.0,-0.0,0.0,0.0,0.0,0.0
3151,-0.13384350822671928,0.9080981797246592,-3.7148968531148103,0.024864659427525852,-0.7210677545457068,2.0030281261385925,0.0,-0.0,0.0,0.0,0.0,0.0
3152,0.28456484326023784,-0.8040522798558569,-3.302026218708505,-0.14558440598202582,-0.2390340568109324,2.0025916753724,0.0,-0.0,0.0,0.0,0.0,0.0
3153,0.516620126838248,0.0700809628120204,-1.4992423215021426,-0.11738275168150752,0.6778028506028071,2.000998246171108,0.0,-0.0,0.0,0.0,0.0,0.0
3154,-0.34320584534104426,-0.5526818507744704,-3.443897284522542,0.6519911737846833,0.6713910123307668,1.999304968261612,0.0,-0.0,0.0,0.0,0.0,0.0
3155,-0.7446457421748841,-0.0963094771239391,-3.424072740771686,0.6542638413250237,0.6925228816882681,2.0023292049837345,0.0,-0.0,0.0,0.0,0.0,0.0
3156,0.7519070029006171,0.6167102428792939,-2.332242448672026,0.19116579987298749,-0.598809573708985,1.9992811942494324,0.0,-0.0,0.0,0.0,0.0,0.0
3157,-0.23100845413780524,0.5033446188585472,-0.6408229682429307,-0.10530666463050414,-0.9373629807493603,2.0001248668034983,0.0,-0.0,0.0,0.0,0.0,0.0
3158,-0.02675615311445911,0.5579355578113554,-0.263907250914235,0.5094679579144672,-0.3059274384468371,2.000483153652638,0.0,-0.0,0.0,0.0,0.0,0.0
3159,0.10300204787926344,-0.6541537925154741,-4.0781656177805985,-0.3063389760402985,0.621735791125166,2.000506841659381,0.0,-0.0,0.0,0.0,0.0,0.0
3160,0.09390708981242443,-0.09877423257511067,-0.7086798879044992,0.26812471344130595,0.8643927877794143,1.998877607865486,0.0,-0.0,0.0,0.0,0.0,0.0
3161,0.6378829322852967,0.5255598754760569,-4.223976439828536,-0.27046119439281013,-0.7179091981868894,2.0003658963568336,0.0,-0.0,0.0,0.0,0.0,0.0
3162,0.7147403109395494,0.3462800489043225,-1.5114458039444185,0.850528465441291,0.3428933665709677,1.9979047568076462,0.0,-0.0,0.0,0.0,0.0,0.0
3163,0.6127957478451882,0.07438519414811753,-1.9548678260923509,0.05927870471456398,-0.08911959037734256,2.0017300384083243,0.0,-0.0,0.0,0.0,0.0,0.0
3164,0.6583582082483852,0.13049076713023822,0.2968322501616357,0.6622003268796098,0.018319092868677875,2.000200989954784,1.1310986488262501e-14,-8.765540677758112e-15,-0.0,0.00025966231546099773,0.0001989713505570782,0.00017363558267716024
3165,0.42238200863503805,-0.8294206716598055,0.14606973240424118,0.27547615135997155,0.4738466523682629,2.004389469010792,1.8433324248620358e-14,2.6370271955983146e-14,-0.0,0.0004192588700221452,-0.0006087494603601731,-0.00046122108355381615
3166,-0.01908245846598237,0.849803691800409,-4.213507896320485,-0.2221954654193708,-0.44590623298227594,2.0009679719277917,0.0,-0.0,0.0,0.0,0.0,0.0
3167,-0.0760671117248974,-0.8940179477503943,-3.410532298902056,-0.24525864963979827,0.6933432601249191,1.999782218777799,0.0,-0.0,0.0,0.0,0.0,0.0
3168,-0.8406245271223308,-0.2596866056868312,-3.822115508524504,0.11710879947339596,0.2332179061921441,2.0006943190504054,0.0,-0.0,0.0,0.0,0.0,0.0
3169,-0.8657393909314557,0.11177128838791286,0.07267615408044112,0.0055274207207191145,0.8690827170377382,2.0017845906864498,-1.83118706567312e-14,-5.028695724840865e-16,-0.0,-0.00042065458535540175,1.1522753349534455e-05,-0.00031475361383730545
3170,-0.1608460443508173,0.05397307222976566,-3.1062946954484136,-0.30235195158934786,0.677952059387316,1.9960522010334096,0.0,-0.0,0.0,0.0,0.0,0.0
3171,0.09634516561191855,0.485514004356089,-3.1113796531697635,-0.4445598755702867,0.7561975379614442,1.9986843720111687,0.0,-0.0,0.0,0.0,0.0,0.0
3172,0.5285630099701871,-0.6871364929363473,-1.0670571741451351,0.3567328056077385,0.8255943059245868,1.9995196792916818,0.0,-0.0,0.0,0.0,0.0,0.0
3173,0.4256399917715996,0.08629934088300086,-0.18781305381445507,0.5150267024637756,-0.21848069991889352,2.0002677698283167,0.0,-0.0,0.0,0.0,0.0,0.0
3174,-0.12795489840388213,0.13465022980307412,-1.9844180912998124,0.19184224006951003,-0.05103090718185884,2.0007625619347302,0.0,-0.0,0.0,0.0,0.0,0.0
3175,0.24865407801538048,0.026816351345851832,-4.320833978800006,0.08074614195518126,-0.8010693081022627,2.002603908029305,0.0,-0.0,0.0,0.0,0.0,0.0
3176,-0.6912408786617699,-0.21064016077712044,-0.0420434973576414,-0.4234003999980345,-0.6164376804903083,2.000301240332595,0.0,-0.0,0.0,0.0,0.0,0.0
3177,0.8688866254276144,0.4556420520530975,-2.666843242350091,-0.30850000354431223,0.012742055853755176,1.9985661318039396,0.0,-0.0,0.0,0.0,0.0,0.0
3178,0.5725303816763824,0.44501959552680487,-2.4018753460384215,0.8012029896017889,0.1319188911015512,2.002371589922365,0.0,-0.0,0.0,0.0,0.0,0.0
3179,-0.009613352125185604,-0.3072387798640893,-1.9072691279603389,0.5237484391590586,0.7486334782819076,1.9983696043360932,0.0,-0.0,0.0,0.0,0.0,0.0
3180,0.26932753953519756,-0.06619296370800608,-4.269716594011942,0.13660707130170094,-0.3170266441865186,2.001979728177626,0.0,-0.0,0.0,0.0,0.0,0.0
3181,-0.03291221856930535,0.5802430794788274,-0.38267918119663613,0.15122097768722595,-0.24691148138224442,2.0011221232921272,0.0,-0.0,0.0,0.0,0.0,0.0
3182,-0.4845230901577209,-0.023738755810004328,-1.4823963759112382,-0.6026005701440701,-0.0012262894936326235,2.0000157249575095,0.0,-0.0,0.0,0.0,0.0,0.0
3183,-0.14227554683463442,-0.3614553430571107,0.4759775866996065,0.8035166492234683,0.2939147964400862,2.000865459624715,-6.948764739658229e-15,8.334159289005365e-15,-4.817391437925812e-220,-0.00015928574165191407,-0.00019101071566117835,0.000659379316254436
3184,-0.4270937358628878,-0.7702291623241935,-0.8952658075264712,0.611374987006076,0.114012204604972,2.002441904637667,0.0,-0.0,0.0,0.0,0.0,0.0
3185,0.5098699823186005,0.1073920773241379,-0.7357411776247756,-0.6521772221538343,0.27783300532516203,1.9987270412758835,0.0,-0.0,0.0,0.0,0.0,0.0
3186,-0.7909848296384332,-0.3933993048361096,-4.002038155928575,0.2650669502293248,0.6332716594680505,2.0018565416603864,0.0,-0.0,0.0,0.0,0.0,0.0
3187,0.9244977257513812,-0.28451042365085444,-2.2627286076668667,-0.3264129759356972,-0.4882656695193279,1.9978243499242594,0.0,-0.0,0.0,0.0,0.0,0.0
3188,0.919991905819008,-0.14643626242747745,-0.7991774035292915,-0.7817239608445007,0.6233419314336638,2.0030283080321953,0.0,-0.0,0.0,0.0,0.0,0.0
3189,-0.7637316253885331,0.2935076191056863,0.304264665217369,-0.44709389852798803,0.28561531915124205,1.99987902186903,-1.8411108906337636e-14,-6.7464763999719155e-15,-3.758717e-317,-0.0004221403720108048,0.00015398238714958178,1.759739398122242e-05
3190,-0.035961145291264665,-0.15854312994158512,-4.3634357616950625,-0.04814945977968198,-0.9717473550339413,2.001561878208398,0.0,-0.0,0.0,0.0,0.0,0.0
3191,-0.07386180508167267,0.24848997966622713,-1.9147987187056714,0.6993834996268542,-0.07777782893912133,2.0018216981802275,0.0,-0.0,0.0,0.0,0.0,0.0
3192,-0.04776313094166166,0.61723838606133,-0.7090695310098013,-0.18607301373972376,0.3236597850422665,2.0012678441386926,0.0,-0.0,0.0,0.0,0.0,0.0
3193,-0.5878897252541743,-0.1660184917826411,-3.3189262836601903,-0.17509075261761106,0.9541027752999581,2.002575806900322,0.0,-0.0,0.0,0.0,0.0,0.0
3194,-0.3180404339106932,-0.8676287482939863,-0.895323580110294,-0.4314765402795931,0.5940130120366198,1.9968660680326484,0.0,-0.0,0.0,0.0,0.0,0.0
3195,-0.5790015252508192,-0.7690765717459092,-0.13515523328231702,-0.8918959370970593,0.08864143114730696,1.9992339174186706,0.0,-0.0,0.0,0.0,0.0,0.0
3196,-0.9507267133243797,0.0638087733785207,-3.1302570812609285,0.1809525198822747,0.17357478276732197,1.99897407990036,0.0,-0.0,0.0,0.0,0.0,0.0
3197,0.8348224452991887,-0.3108920106855826,-3.1963732518871684,0.17895879960459798,-0.8044493460611729,1.998040725715973,0.0,-0.0,0.0,0.0,0.0,0.0
3198,0.19883066972991895,0.14462185487575704,-4.0932754047991216,-0.8325266864098493,-0.21814988877043862,1.9998211716908942,0.0,-0.0,0.0,0.0,0.0,0.0
3199,0.7689490415132395,-0.33203036583132395,-3.1854013159412595,-0.13454804093794112,-0.19245168745955984,2.003826171397877,0.0,-0.0,0.0,0.0,0.0,0.0
3200,0.503077192731649,-0.24951889223763923,-1.2598614933540448,-0.31260933352510883,-0.40704911520946413,1.9977115456541292,0.0,-0.0,0.0,0.0,0.0,0.0
3201,0.8348002964157888,-0.007918674926937453,0.3454411848485013,0.040645424976230964,0.417361503203081,1.9994725193407177,3.4340802844596146e-14,-1.2879387076261892e-14,1.552554980547356e-293,0.0008026297348642745,0.0003082602261520099,0.00040779007987173655
3202,-0.847260260955438,0.5070658501258262,-3.929852274570243,-0.2760139405415396,0.8974948059552571,2.001389690789027,0.0,-0.0,0.0,0.0,0.0,0.0
3203,0.39226001194106236,0.5702243063743138,-2.5088915154072353,-0.26906140156334307,0.7961163612320267,1.9986892683129729,0.0,-0.0,0.0,0.0,0.0,0.0
3204,-0.04655781760490247,0.924811108505203,-1.2722422030985834,0.14484688787095043,-0.33369722552604103,1.9983705074459674,0.0,-0.0,0.0,0.0,0.0,0.0
3205,-0.2579945384179621,-0.41902210527222455,-0.49864684543319565,0.06042354516421982,-0.5149077919930057,1.9984052146576683,0.0,-0.0,0.0,0.0,0.0,0.0
3206,-0.1584145084659806,0.37775678841708493,-3.801013096528894,0.3750085879127741,0.7570373422767981,1.9996721720689503,0.0,-0.0,0.0,0.0,0.0,0.0
3207,0.5114774774694165,-0.2958505646161762,-3.118300724008431,0.030658670824174176,-0.4302138546273075,2.0051515881679562,0.0,-0.0,0.0,0.0,0.0,0.0
3208,-0.4648028998471405,-0.827030954541121,-1.5529594911610765,-0.3928276836856736,-0.5260861610411907,2.000606140506203,0.0,-0.0,0.0,0.0,0.0,0.0
3209,-0.4513844730441953,-0.8402582936253464,-2.3446692200203136,0.014913248060478354,0.7877017178429717,1.9996297569828043,0.0,-0.0,0.0,0.0,0.0,0.0
3210,0.45458733160381454,-0.2847598586551954,-0.11312733752957407,0.07503487489082701,0.477249629863141,2.000310351102851,0.0,-0.0,0.0,0.0,0.0,0.0
3211,0.4792792295601248,0.23453025669880395,-2.0904191051736776,0.7854472969999553,0.009232335679158193,2.0008589477754595,0.0,-0.0,0.0,0.0,0.0,0.0
3212,-0.07926565741584408,-0.4790879526837435,-1.9468629093726104,0.651419353874481,-0.033072064692197894,2.0005572763075974,0.0,-0.0,0.0,0.0,0.0,0.0
3213,-0.6724589573693723,-0.6413907387069182,-0.36119211980750415,0.20600002785674443,-0.8867801883297667,2.001884354440353,0.0,-0.0,0.0,0.0,0.0,0.0
3214,-0.8409084889709676,-0.3627285168333,-1.6502369350921282,-0.44872951631200925,0.6543829727731523,1.99926893329692,0.0,-0.0,0.0,0.0,0.0,0.0
3215,-0.39619989129442235,0.6487649087199341,-0.9970248037109707,0.6248160631595842,0.45372157411407604,2.001677603388371,0.0,-0.0,0.0,0.0,0.0,0.0
3216,0.8988830191925015,0.11224569660065119,-4.206544983391314,-0.43915342334054397,0.3965491833613192,1.996499643004706,0.0,-0.0,0.0,0.0,0.0,0.0
3217,0.8612771993373654,-0.3452660722979671,-1.771038358966032,0.08226843711421979,-0.35048162516088044,2.0002061774573017,0.0,-0.0,0.0,0.0,0.0,0.0
3218,-0.6166689170342361,0.6698207132771437,-2.8514621217428897,0.2129139211648181,0.49543536612370187,1.9997188367456242,0.0,-0.0,0.0,0.0,0.0,0.0
3219,-0.15147168904018454,-0.4152974706225736,-4.346419519820142,0.053794676679240164,-0.8328287380191081,2.0032861611514297,0.0,-0.0,0.0,0.0,0.0,0.0
3220,0.0030002496329075983,0.05760332850625519,-2.1491380576849566,-0.16240055894368646,0.692999346381204,1.997444639119347,0.0,-0.0,0.0,0.0,0.0,0.0
3221,0.2849391051353869,-0.3044474783500638,-1.8119571317940282,-0.40609634973641484,-0.5248823772959077,2.0002365099740986,0.0,-0.0,0.0,0.0,0.0,0.0
3222,-0.4793661983211771,-0.09544012716008068,-3.8821966730842883,-0.28747076298754215,-0.8758317459210312,2.0008259831323776,0.0,-0.0,0.0,0.0,0.0,0.0
3223,0.3460708596841422,-0.7492837004060852,-2.256184907374817,0.272169243959978,0.29267022296267503,1.997280542255687,0.0,-0.0,0.0,0.0,0.0,0.0
3224,0.4439315640669654,-0.04964452710994812,-1.8373574944551512,0.4194409496184036,-0.5638326439718752,2.000497858902528,0.0,-0.0,0.0,0.0,0.0,0.0
3225,-0.35627855663448726,-0.2602030255365552,-1.504886456653142,0.2617780028521256,-0.35844477275704106,2.000860033887884,0.0,-0.0,0.0,0.0,0.0,0.0
3226,-0.01271459862216566,-0.8979839885958679,-4.189672652012763,-0.44654867576085283,0.0278577760672767,1.9990148951362625,0.0,-0.0,0.0,0.0,0.0,0.0
3227,0.24675249098313914,-0.9444942833382021,-3.5905172026189676,0.018031337894493647,-0.6457492680784851,2.0000032861669923,0.0,-0.0,0.0,0.0,0.0,0.0
3228,-0.5458529539022088,0.7279547014144339,-3.279564819628394,-0.5798303077847928,0.26716757903855265,2.0032685812798574,0.0,-0.0,0.0,0.0,0.0,0.0
3229,-0.788666595467686,-0.4585538089606776,-1.0992706937946355,0.12208526390541788,0.33375574975926253,2.0007367916722067,0.0,-0.0,0.0,0.0,0.0,0.0
3230,-0.9049701658220156,0.14193628332075514,-2.489850336660225,0.7865831438664279,0.156096208169863,1.9993010147904426,0.0,-0.0,0.0,0.0,0.0,0.0
3231,-0.025042768790472583,0.22339319505630076,-2.5331161090997676,0.2526588409228903,0.3882328578751275,1.9984903834521264,0.0,-0.0,0.0,0.0,0.0,0.0
3232,-0.6140262628914817,-0.13450223336375236,-4.425931650854058,-0.00984145617256715,-0.058064071871854965,2.001174981926337,0.0,-0.0,0.0,0.0,0.0,0.0
3233,0.06155827787155749,0.6849139569611568,-3.437122768775953,-0.291960937659452,-0.8673750066917597,2.0008141724820896,0.0,-0.0,0.0,0.0,0.0,0.0
3234,-0.5329181942039811,0.5690489371090701,-3.194047882432779,0.22360830527428135,-0.07498602066334371,2.001232905965989,0.0,-0.0,0.0,0.0,0.0,0.0
3235,-0.8122163920413767,0.004385362187119451,-0.3868981997624581,-0.5847205911309801,-0.487959174673434,1.9992946992091645,0.0,-0.0,0.0,0.0,0.0,0.0
3236,0.2751258629595478,0.878193321099549,-4.025083462849635,0.39968071408902556,0.0666007385816269,2.0005913978339174,0.0,-0.0,0.0,0.0,0.0,0.0
3237,-0.832607465107883,0.14923532195011996,-0.9092490217086737,-0.08099440806381411,0.36265840349855283,1.9997912695235496,0.0,-0.0,0.0,0.0,0.0,0.0
3238,-0.05559295592198774,-0.5952224273579899,-1.02226508299149,0.413819339669389,0.6663439992043964,2.001824601196868,0.0,-0.0,0.0,0.0,0.0,0.0
3239,-0.16349196110932623,-0.5291146167928301,-0.24000731076996598,0.5914222069671115,0.1208037752373703,2.000264686054182,0.0,-0.0,0.0,0.0,0.0,0.0
3240,-0.7598995929574077,0.38684708861185607,-3.371136010457831,-0.6666500844019231,0.3466617659229819,2.0005511444526487,0.0,-0.0,0.0,0.0,0.0,0.0
3241,0.01454308047630342,0.3854614168898674,-3.151990549704107,0.7264478804914422,0.6483168233983165,2.0008201979774842,0.0,-0.0,0.0,0.0,0.0,0.0
3242,0.9739392757965337,-0.04783258490468806,-0.04455332838460963,-0.41119035459724423,0.9059502225211737,2.003698393909257,0.0,-0.0,0.0,0.0,0.0,0.0
3243,-0.44923858577834963,0.3980428989227634,-3.110629508562666,-0.44619521515574695,0.6112479232029177,1.998529639812621,0.0,-0.0,0.0,0.0,0.0,0.0
3244,-0.7834035762377456,0.6205543936067771,-1.529812799186617,0.4347013104556867,-0.7465905123950731,1.9982893913036075,0.0,-0.0,0.0,0.0,0.0,0.0
3245,-0.1614068991474735,-0.39637723455024837,-2.6449152022366484,-0.33844018765442296,0.827625635198593,2.003192057660329,0.0,-0.0,0.0,0.0,0.0,0.0
3246,-0.36680150072187473,0.08661792562614382,-2.898503762014966,-0.6899306352887357,0.6539802104015018,1.9991195770450036,0.0,-0.0,0.0,0.0,0.0,0.0
3247,0.6664969056737328,0.327722042337136,-1.5016908296377427,-0.011386051074259667,0.931482552223927,1.9999676903597445,0.0,-0.0,0.0,0.0,0.0,0.0
3248,-0.9500144864869217,0.29356674241024233,-0.10173348388375615,-0.12287649126491888,0.4721632359038188,1.997641206122063,0.0,-0.0,0.0,0.0,0.0,0.0
3249,-0.3534200434062331,-0.28994878770984733,-3.042624075274574,-0.17897843893683485,0.6076742048224323,1.9999360592636184,0.0,-0.0,0.0,0.0,0.0,0.0
3250,0.42779382057021814,0.5874772405451694,-0.7409616540095967,-0.05297512455556795,0.36005112005973927,1.9997365988566729,0.0,-0.0,0.0,0.0,0.0,0.0
3251,-0.1168538621700056,-0.2294708702741691,-1.7371551476398344,-0.21732790943264732,-0.972372134431259,1.9995281456650797,0.0,-0.0,0.0,0.0,0.0,0.0
3252,0.09737651404353677,0.013724036793173695,-1.9233286859580287,-0.7523493623437009,0.29510334956706413,2.0016728061994398,0.0,-0.0,0.0,0.0,0.0,0.0
3253,0.9562879588157337,0.1513406905574586,-2.232635605714146,-0.5592085528555403,-0.6060395831020281,2.000848813593904,0.0,-0.0,0.0,0.0,0.0,0.0
3254,-0.66811831587329,-0.3612393637125028,-4.425527868862197,-0.8005306710098924,-0.15180594861735974,2.0020127369106824,0.0,-0.0,0.0,0.0,0.0,0.0
3255,0.4227206366675831,0.3416889815236594,-3.210472054425399,-0.36264888773552173,-0.6774012983612206,2.0002149294775724,0.0,-0.0,0.0,0.0,0.0,0.0
3256,-0.720605664368146,0.6932526329782196,-0.48932577606103056,0.04799425106993602,-0.8044265650295706,1.9986014638153524,0.0,-0.0,0.0,0.0,0.0,0.0
3257,-0.25376627348442965,-0.4143769499181184,-3.5825722008806,-0.5135442520015036,0.03427310356465123,2.0015217607888705,0.0,-0.0,0.0,0.0,0.0,0.0
3258,-0.24027281195143999,-0.8713815227913069,-2.2407917941578965,-0.7178217873423656,-0.5093432651888603,1.999675337901134,0.0,-0.0,0.0,0.0,0.0,0.0
3259,-0.7418769119879656,0.20601560731537727,-2.9394011914855516,0.7975295413129071,-0.22149212624830114,1.9995247489814383,0.0,-0.0,0.0,0.0,0.0,0.0
3260,0.6776874115045461,0.2858851118852603,-0.9762375742359768,-0.28958550778605935,-0.845298904698029,2.0009554201812243,0.0,-0.0,0.0,0.0,0.0,0.0
3261,-0.485735100311637,0.7857865064570453,-1.6654741908518724,0.8516964283994762,-0.22214942051720182,2.0003371274847397,0.0,-0.0,0.0,0.0,0.0,0.0
3262,-0.006647916199997842,-0.9789130363576662,-1.5203759920478404,0.43001678351060674,0.0742638677015517,2.002813687411001,0.0,-0.0,0.0,0.0,0.0,0.0
3263,0.06863526440778199,-0.024510038915812722,-0.7407143594460164,0.7850241153553275,-0.15828932780734783,2.0033291982660457,0.0,-0.0,0.0,0.0,0.0,0.0
3264,-0.004423889705671151,-0.3412849527420606,-2.118938083178367,-0.08235066430779395,0.9435089917982972,2.0003955062139265,0.0,-0.0,0.0,0.0,0.0,0.0
3265,0.3306778527524124,-0.9388621369972596,-0.7828361203317304,0.2334889872383679,0.22898726706741732,2.001483264975215,0.0,-0.0,0.0,0.0,0.0,0.0
3266,-0.3874425645997916,0.22634209790175885,-0.17453918224012965,-0.13302174390507407,0.4145392332409024,2.002375711529216,0.0,-0.0,0.0,0.0,0.0,0.0
3267,-0.44871129518180636,0.005795234657980887,-4.113547858035493,0.7856319838115396,0.4332203232710059,2.0003085090357366,0.0,-0.0,0.0,0.0,0.0,0.0
3268,0.7933335508209287,-0.09183793754544761,-1.4280003040119018,-0.4982998478342513,0.2192628187890515,2.00106984854178,0.0,-0.0,0.0,0.0,0.0,0.0
3269,-0.2194298602019008,0.7793883376134478,-1.220012321649669,0.4355542170000746,-0.6098011037052748,2.0016841702378696,0.0,-0.0,0.0,0.0,0.0,0.0
3270,0.350481967847281,-0.7017951451540706,-4.194325922829503,-0.3827874363990171,0.799294854989762,2.0000916115839726,0.0,-0.0,0.0,0.0,0.0,0.0
3271,-0.13417376223145222,-0.8011881111280764,-2.0522732955533876,-0.6207091751527852,-0.7440205061770049,1.9990851239799856,0.0,-0.0,0.0,0.0,0.0,0.0
3272,-0.16727604563130763,-0.7116403878844282,-1.8821736649448961,-0.01380560694488502,-0.4458584043104754,2.0005506940969937,0.0,-0.0,0.0,0.0,0.0,0.0
3273,-0.4842370258819472,0.5582932306848518,-3.4880805500625867,-0.3833997780909753,0.3824825459612407,2.0008001577075274,0.0,-0.0,0.0,0.0,0.0,0.0
3274,0.20504519771446136,0.14103195794638343,-4.253540961917043,0.7103916647222591,0.05682501730679252,2.003641394402509,0.0,-0.0,0.0,0.0,0.0,0.0
3275,0.9165243099637135,0.18247586764633272,-3.924606808580698,-0.22938294459638087,0.6309282584780425,1.9970870897858999,0.0,-0.0,0.0,0.0,0.0,0.0
3276,0.6107600754732693,-0.3365879779715425,-0.788919662452707,0.08876478493069476,-0.5241535048592204,1.9990712345509227,0.0,-0.0,0.0,0.0,0.0,0.0
3277,-0.6907311038475665,0.36565936396625853,-1.652506391823408,0.3347897851494334,0.12235535052840087,1.9965899523350918,0.0,-0.0,0.0,0.0,0.0,0.0
3278,-0.838467640899806,-0.42099090775059345,-4.224888020776037,-0.4035263766831338,-0.289512858126905,2.001017814317786,0.0,-0.0,0.0,0.0,0.0,0.0
3279,-0.10921226613084704,0.5691267805874646,-1.6026998886510309,0.40249436752648143,0.49281718432084787,2.0000036499772933,0.0,-0.0,0.0,0.0,0.0,0.0
3280,0.8032285253914271,0.37447512054635423,-1.2154824032923124,0.2051930281210505,-0.5158987295648387,2.0033265438074923,0.0,-0.0,0.0,0.0,0.0,0.0
3281,0.5652473599633616,0.47433081967198565,-4.111345516032036,-0.13141420657994599,0.40961469072573065,1.999163180564261,0.0,-0.0,0.0,0.0,0.0,0.0
3282,0.10092845587051182,-0.45870127008036127,-3.0977473162408757,-0.852206273816562,-0.45196637834396275,1.9995939029768761,0.0,-0.0,0.0,0.0,0.0,0.0
3283,0.3420229004324634,-0.8934623382192597,-3.2016610311814566,0.9082705142151738,-0.3779549665090657,2.0009944554988564,0.0,-0.0,0.0,0.0,0.0,0.0
3284,0.5353382813482842,0.12548971904997808,-0.4022619374296911,0.3750541346179754,-0.42629712080140497,2.001763865877871,0.0,-0.0,0.0,0.0,0.0,0.0
3285,0.37917343446290597,-0.08157268972319609,-1.5140659887079935,0.046036814771667246,-0.4515295649572908,2.0025947179644494,0.0,-0.0,0.0,0.0,0.0,0.0
3286,0.20876245119357312,0.11794554270205783,-0.5275569157966867,-0.8027043245992833,0.04942435602982139,2.000226957275198,0.0,-0.0,0.0,0.0,0.0,0.0
3287,-0.18224934274530694,0.20459900165847114,-2.545153362711065,-0.7082737587456451,-0.3164995949352559,1.9977976791337595,0.0,-0.0,0.0,0.0,0.0,0.0
3288,-0.41967605650909195,-0.4415557676099121,0.418264302127232,-0.7957311546649842,0.08312700377300687,1.9987259147829446,-4.6200645803137035e-15,1.4163614489616911e-14,-3.718561115879726e-252,-0.00010670961109764968,-0.0003244906986388808,0.000445502709416422
3289,-0.5145885138430822,-0.00380939145939752,-1.0062083243930169,0.04991587095098853,-0.5843767157698482,1.99874255571758,0.0,-0.0,0.0,0.0,0.0,0.0
3290,-0.2164369946396932,-0.8933721665163423,-4.108402400855819,-0.545234926022261,-0.5500357938227222,2.0017609047783447,0.0,-0.0,0.0,0.0,0.0,0.0
3291,0.5636855905709314,0.12274635055659484,-4.117272557344279,-0.10020472469572718,0.6108759649257121,1.9979796297568455,0.0,-0.0,0.0,0.0,0.0,0.0
3292,-0.44962247424705015,-0.19279471542287405,-3.3780366557979367,0.15105526268992392,-0.13207881911122846,2.0013447977649736,0.0,-0.0,0.0,0.0,0.0,0.0
3293,-0.41692510006345307,0.7501939440889663,-4.120560154633766,-0.8474680745461577,-0.4874527978794186,1.9996534795468026,0.0,-0.0,0.0,0.0,0.0,0.0
3294,0.30621175949930296,0.5258416764204484,-3.3433701788868526,0.8948889826185108,-0.3449251048909117,1.9987875701823357,0.0,-0.0,0.0,0.0,0.0,0.0
3295,-0.6974888980194983,0.07561184360526028,-4.180174149737229,-0.6054136067946945,0.41786885731024714,1.999263630405255,0.0,-0.0,0.0,0.0,0.0,0.0
3296,0.41791041287692543,-0.7480980300454908,-0.7618628566218275,0.07632808668642066,0.8653949245590535,2.0008590482454016,0.0,-0.0,0.0,0.0,0.0,0.0
3297,0.8237936217649869,-0.5346539937467563,-3.8733209106938613,-0.5638437838993768,0.08041351966772113,1.9993520883161044,0.0,-0.0,0.0,0.0,0.0,0.0
3298,0.4009188232278202,-0.450453385489787,-2.149252667567056,-0.5109812519301583,-0.31804491805833834,2.0015870262578552,0.0,-0.0,0.0,0.0,0.0,0.0
3299,-0.15095273739486045,-0.836054050124431,0.07564964420890462,0.2519841073284574,0.7348221718665618,2.001478629729418,-7.80382673642461e-15,2.0065902151344166e-14,-0.0,-0.00017796191016601303,-0.00045906984949757297,-0.00041861800569344723
3300,0.5448484000659404,0.06838578201911263,-2.214997781888607,0.3396660021603757,0.8768405319511634,2.0002286101367988,0.0,-0.0,0.0,0.0,0.0,0.0
3301,-0.15277431794002352,0.21946439575532548,-1.906873337797142,0.9262584411410827,-0.036776685705069465,2.002429779923133,0.0,-0.0,0.0,0.0,0.0,0.0
3302,-0.42401941422157324,0.04197282362517152,-3.846351306629714,0.534037226271015,-0.4985193668506574,1.9985902905597022,0.0,-0.0,0.0,0.0,0.0,0.0
3303,0.16320653346766226,-0.8707493517933701,-3.015663075747498,-0.31403358440149676,0.9272054273896416,2.001002558017079,0.0,-0.0,0.0,0.0,0.0,0.0
3304,-0.3987699311007882,0.6003219354663063,-0.4487189624056657,-0.18483744374915087,0.2947633331784672,2.0043152760440837,0.0,-0.0,0.0,0.0,0.0,0.0
3305,-0.5909598898879621,0.219855156115362,-1.4569921164285384,-0.2630865304747765,-0.16528517347691624,1.9987854903361126,0.0,-0.0,0.0,0.0,0.0,0.0
3306,-0.05771777107944523,-0.10562105239402628,-3.666936030245097,0.8403735516649073,0.1532723478824652,1.9994201630036559,0.0,-0.0,0.0,0.0,0.0,0.0
3307,-0.014168601307970787,0.3764586738164615,-4.418691758512828,0.1177572181227274,-0.4819608758217318,2.000254358186037,0.0,-0.0,0.0,0.0,0.0,0.0
3308,-0.6953598722414774,0.7064018660764105,0.23587039433213217,0.12069154517914567,0.9691775191324603,1.9986170855428005,-1.691080098966198e-14,-2.4702882520623225e-14,0.0,-0.0003896017780329139,0.000567767454161423,4.041686349216645e-05
3309,0.6625742766353308,-0.10065718119988211,-0.40286388812266133,-0.5498931237069975,0.7971102972036263,1.9988908068407663,0.0,-0.0,0.0,0.0,0.0,0.0
3310,-0.9613980481251676,0.15832377630064368,0.4591216449862708,-0.25385945677444094,0.5940701337085421,2.0037604819852346,-2.242501936218544e-14,-2.7547968784463517e-15,1.3889607887660642e-228,-0.0005140871104520332,6.34093173385993e-05,0.00030980749102836185
3311,0.6277234844428156,0.23538313080831808,-3.2317679423714862,-0.23318702654198992,-0.5372816903375226,1.999296610686574,0.0,-0.0,0.0,0.0,0.0,0.0
3312,0.057849530343831244,0.2473731528185488,0.48645674007259826,-0.3727369279434154,0.6638828678162315,2.0028995469287043,-9.340980601159734e-15,4.351602202813797e-15,-8.031540014708588e-214,-0.0002155888630638391,-0.00010309510082241232,0.0004867775643527038
3313,0.26649870734750203,0.7539762280658159,-1.0138896408889724,0.31071280573592136,0.473158713996248,2.001581704171883,0.0,-0.0,0.0,0.0,0.0,0.0
3314,-0.17621611649878213,-0.4016803639917982,-4.201461720488481,0.5736954912053787,0.24504237109200147,2.0043404823355973,0.0,-0.0,0.0,0.0,0.0,0.0
3315,0.3516050393422088,0.5103203555055219,0.19817253126167098,0.5131987570582607,0.7580710690071534,1.997565617296644,1.241070897265926e-14,-8.02344445656101e-15,-0.0,0.0002853768693306941,0.0001862444922700014,-6.94525538040025e-05
3316,-0.3920202724484526,-0.04878518039302894,-0.16222049316554724,-0.14391747429291832,-0.32191553427818276,1.9998793430079949,0.0,-0.0,0.0,0.0,0.0,0.0
3317,-0.37653136828369926,0.1671028600173934,-1.297795906238523,-0.404854605695481,0.46912028281194507,1.999186185938105,0.0,-0.0,0.0,0.0,0.0,0.0
3318,-0.13314131789626868,0.026997128203649964,-4.3664962561816685,-0.5387549353418764,-0.08351176103482576,1.997901774723893,0.0,-0.0,0.0,0.0,0.0,0.0
3319,0.4970832775018451,-0.032932305969763535,-2.1607885228740433,-0.10726189209077883,0.7021970453255303,1.999795593183161,0.0,-0.0,0.0,0.0,0.0,0.0
3320,-0.526801093278859,-0.027976606319020908,-1.6216135976718666,0.4551670142224059,0.21139593499374554,1.9998000636366822,0.0,-0.0,0.0,0.0,0.0,0.0
3321,-0.7270116694915683,0.6595431369431128,-2.164729407744566,0.3865768497362217,-0.0699825514347197,1.9967556647388853,0.0,-0.0,0.0,0.0,0.0,0.0
3322,0.242385100121643,-0.5417462624981888,-3.03004317485876,-0.39790828895526625,-0.8735712288439578,1.999156517041191,0.0,-0.0,0.0,0.0,0.0,0.0
3323,-0.4876876961608684,0.8472922868736031,-1.470235481373221,0.07105900426422329,-0.3971953703569056,2.0005378922020953,0.0,-0.0,0.0,0.0,0.0,0.0
3324,-0.7377013865297051,-0.17861750372745197,-3.497597331743889,0.045059227868673495,-0.45622746184879803,1.9949199541047213,0.0,-0.0,0.0,0.0,0.0,0.0
3325,0.4232895065166482,0.5887555128424866,0.10790085799051677,-0.25742649079016233,0.16318431165090666,1.9979538305246922,2.4453238723628363e-14,-1.372999560467092e-14,-0.0,0.0005628495303519334,0.0003099799430018556,-5.353408075132938e-05
3326,-0.6342828725481756,0.5210945065034068,-2.130480075708069,-0.5545751388687046,0.2031323798197422,2.002041017520617,0.0,-0.0,0.0,0.0,0.0,0.0
3327,-0.022820336571283982,-0.19368300402429411,-1.2993327494756302,-0.3383000683081059,0.3944661580356497,1.9969927754375445,0.0,-0.0,0.0,0.0,0.0,0.0
3328,0.3619242097293369,0.7358218005491931,-0.41525860040320517,-0.2253954571473829,0.954040428245694,1.9999260134351378,0.0,-0.0,0.0,0.0,0.0,0.0
3329,0.3284736061651569,-0.0517987136978534,-2.33370356757757,-0.39830078872028857,-0.8907565763422364,2.000516958963201,0.0,-0.0,0.0,0.0,0.0,0.0
3330,0.2940912992790941,0.28648658336023647,-3.8729586010093113,-0.3677607958189887,0.6024841576314797,1.9967210641548823,0.0,-0.0,0.0,0.0,0.0,0.0
3331,-0.7685193952609577,-0.17662981160715344,-2.281555096948004,-0.03547205645469826,0.04720131749054004,1.9983612287250416,0.0,-0.0,0.0,0.0,0.0,0.0
3332,-0.44673156273274417,-0.20181236070402275,-1.684966734235054,0.5818123696017655,0.09936889535530283,1.9982139360424493,0.0,-0.0,0.0,0.0,0.0,0.0
3333,-0.18751733514872945,-0.1924168408093455,-1.7392684261355928,0.25798954585565487,-0.09772136779548819,1.9981749540236038,0.0,-0.0,0.0,0.0,0.0,0.0
3334,-0.20919352901077076,0.3639734905676127,0.06662168325063055,-0.7529276712005833,0.07096098938935075,2.0013922299609574,6.4670875482631424e-15,6.467605281561347e-15,-0.0,0.00014686104377930196,-0.00014589875715118847,-0.00045687296827169745
3335,0.026275176479525625,0.9136517207069155,-1.3248630623136892,-0.8481789403046583,-0.18839223766301474,2.003160129925326,0.0,-0.0,0.0,0.0,0.0,0.0
3336,0.0808543099013343,0.44094865150137863,0.33668228160957825,-0.7145565169146093,0.16180539057064516,2.0053173782251883,1.5923077987766858e-15,-1.001759338689525e-14,-3.15116718443893e-299,3.80870704461255e-05,0.00022820604976602683,0.00034606717400739923
3337,-0.8709482730792113,0.2780595240490196,-3.5656343980539487,-0.0008245928887339118,0.7413159879419337,1.996259096185449,0.0,-0.0,0.0,0.0,0.0,0.0
3338,-0.7427215733056205,0.3176331981556698,-1.2201350414768803,0.28346407749361596,0.17821488264859903,2.0007729826224705,0.0,-0.0,0.0,0.0,0.0,0.0
3339,-0.7137386033581269,0.06980849325919378,-3.242046222323678,-0.25843579642806075,-0.4168512602474296,1.997780619623294,0.0,-0.0,0.0,0.0,0.0,0.0
3340,-0.7043675475934755,-0.29699656184094086,-2.46571956151087,0.3882345192359679,-0.06645956764069563,2.0001356491579467,0.0,-0.0,0.0,0.0,0.0,0.0
3341,0.5706796557370463,-0.516934893567642,-4.174831158524139,-0.982638785538804,-0.13727087057229853,1.9982162382500055,0.0,-0.0,0.0,0.0,0.0,0.0
3342,-0.647320512064447,-0.4564702234461725,-2.124412915952529,0.7898728514046346,0.276607966503946,2.003047292895848,0.0,-0.0,0.0,0.0,0.0,0.0
3343,-0.11104117695348234,0.14432299369611443,-0.5171062995970211,-0.3717553187557527,0.4377304812768911,2.002402148118268,0.0,-0.0,0.0,0.0,0.0,0.0
3344,-0.3369234687787053,0.5336847274832074,-2.89424918820881,0.5288109935614925,-0.05360562849516498,1.9987056918179222,0.0,-0.0,0.0,0.0,0.0,0.0
3345,-0.26453470800962825,0.9484046076915686,-2.42387250132561,0.3081916588107323,-0.8011894192446694,1.9986641002411498,0.0,-0.0,0.0,0.0,0.0,0.0
3346,0.13901622247252934,-0.3146786256772056,-0.21104137062238956,-0.6799773772582969,0.45492273315005166,1.9978562327921923,0.0,-0.0,0.0,0.0,0.0,0.0
3347,-0.5584450566318889,0.7394130542299785,-1.66034222688643,-0.07051428012704773,-0.28244220957295685,1.9980909246367375,0.0,-0.0,0.0,0.0,0.0,0.0
3348,0.5310617078888327,-0.47001218445267706,-2.33500602057421,0.7358697818144351,-0.20997993760518827,2.002465823513455,0.0,-0.0,0.0,0.0,0.0,0.0
3349,-0.7646283961359557,-0.5894959338760485,-0.6588343862227392,0.4242326100866554,0.13489913740717002,1.9997615908968978,0.0,-0.0,0.0,0.0,0.0,0.0
3350,-0.766469782081867,0.54339816202251,-2.4088536835362238,-0.23234124505333562,-0.8369441807577057,2.001246619187437,0.0,-0.0,0.0,0.0,0.0,0.0
3351,-0.18017977089836087,-0.5412536675737694,-3.5755980346478657,-0.9220807384986583,-0.2610039768056398,2.00370659692304,0.0,-0.0,0.0,0.0,0.0,0.0
3352,-0.6498684518182932,-0.2921667596069288,-0.05969763557116592,-0.7145244700168999,0.4878826384826141,2.0052389404617643,0.0,-0.0,0.0,0.0,0.0,0.0
3353,0.48892537039156697,0.23051620291669092,0.3130969639897746,-0.3475990918717008,0.7834492567013182,2.001166935802272,1.5104893274031314e-14,-1.0935884265131605e-14,1.42572771109e-312,0.0003460637724310191,0.0002510997268772546,5.0055029645018924e-05
3354,-0.16673324921434202,0.09768679952079355,-4.455202220172491,-0.3612830381558882,0.9188805854730587,2.003082899301969,0.0,-0.0,0.0,0.0,0.0,0.0
3355,-0.9303742256964942,-0.36144576254961547,-2.6994242431530706,0.8466270959246027,-0.09399821376520114,2.000418646003869,0.0,-0.0,0.0,0.0,0.0,0.0
3356,-0.25078659985517204,-0.4714982313454579,0.44059320885104913,0.1979113759490221,-0.9038669277887945,2.0039672498717156,-8.116880862911355e-15,1.021401957112952e-14,-1.4627294938734768e-239,-0.00018594592855831728,-0.00023416277360469113,0.0004577345314012785
3357,-0.10068848559019067,-0.9700105058721933,-0.5161870730429928,-0.9047629561150982,-0.13895996325249155,1.999809690628991,0.0,-0.0,0.0,0.0,0.0,0.0
3358,-0.22523993103091186,-0.5401484333664388,-2.9730107528118084,-0.5679442451404821,-0.5009019332492555,2.0021380225456893,0.0,-0.0,0.0,0.0,0.0,0.0
3359,-0.4629459821965212,0.0378364112923053,-1.444527413669932,0.6008111526557287,-0.019623505763640445,2.0002528651958515,0.0,-0.0,0.0,0.0,0.0,0.0
3360,-0.09479822794101732,-0.4080775821560233,-3.2050269335856147,-0.002729830479530388,-0.34236551542930543,2.0028394394587288,0.0,-0.0,0.0,0.0,0.0,0.0
3361,-0.48001670807023894,-0.19234846311417247,0.38302426833944153,-0.18643765415465782,-0.049255076448012435,2.0010154468029295,-8.989476045582129e-15,2.8351872830452835e-15,3.707551663171676e-273,-0.00020586173937060665,-6.465829054723421e-05,0.0003611959346949184
3362,0.019559103579754496,0.6961626287896339,0.09919550468976622,-0.5918109844867099,-0.1483297891159369,2.0010851628646535,2.3077444253770084e-15,-4.681660959508448e-15,-0.0,5.3328768503558386e-05,0.0001109056000646263,-0.00033479242154719677
3363,-0.7249689246188348,0.6438908551124286,-0.8775148131605813,0.8281856565288886,0.4813412679604583,2.000509532808274,0.0,-0.0,0.0,0.0,0.0,0.0
3364,0.1580257035201381,-0.18692377373045246,-2.702008754124915,-0.9781314566357613,0.1042116857917783,1.997774804612541,0.0,-0.0,0.0,0.0,0.0,0.0
3365,-0.33674918422658684,0.5199608298330041,-2.6974736592512163,0.6588379683806005,0.10792996215199326,2.00049881536778,0.0,-0.0,0.0,0.0,0.0,0.0
3366,0.4501893404148086,0.8616313223382186,-4.157239702150089,-0.10462199328011261,0.8684802226586796,2.001636412203688,0.0,-0.0,0.0,0.0,0.0,0.0
3367,0.4568094292399527,0.7173028127160563,0.2794589094399937,-0.7743778293229928,-0.22107744358700632,1.9976992467950818,1.9243142009554012e-14,-1.742387173000394e-14,0.0,0.00044205013382088556,0.00039933769521167945,9.42621821006469e-05
3368,-0.1338690709199565,-0.0703704968123445,-2.9715150200380624,-0.0961944808448823,0.5592293166160391,2.001342808969054,0.0,-0.0,0.0,0.0,0.0,0.0
3369,0.5514078457346688,0.22993561219189004,-2.3250119759554404,-0.29050483257510096,-0.4512734647853066,1.9987947780992796,0.0,-0.0,0.0,0.0,0.0,0.0
3370,0.724924115712036,-0.5756822612598741,-1.4259687397377814,-0.38801752684782154,0.6821557449264047,1.997173271335874,0.0,-0.0,0.0,0.0,0.0,0.0
3371,0.49267840199739277,-0.8295283407604156,-4.314579955614526,-0.3575665701079506,0.2078761852640015,2.000815251245406,0.0,-0.0,0.0,0.0,0.0,0.0
3372,-0.5950125997642629,-0.4536977464803488,-3.4586891250807152,0.03890738696161795,-0.9551317314201095,2.0007836981461278,0.0,-0.0,0.0,0.0,0.0,0.0
3373,0.1438690353047086,0.027554298301105794,-0.09239715030468093,0.20798473728221425,0.85088485076793,2.0020388051768907,0.0,-0.0,0.0,0.0,0.0,0.0
3374,0.12404988169061835,-0.9305894870095961,-4.460385102000154,0.7649207977675822,0.06550320409231894,2.0005908850929868,0.0,-0.0,0.0,0.0,0.0,0.0
3375,0.8782274580883453,-0.03533261650297754,-1.0377139161716011,-0.28155779795865976,0.3939030300772683,2.00086619638538,0.0,-0.0,0.0,0.0,0.0,0.0
3376,0.5095339847462663,0.2304229417631033,0.14328673769053057,0.46283935380328045,0.6342644045430189,1.9981525289503212,1.0158188509093016e-14,-2.5526217213273383e-15,-0.0,0.0002330787392245895,5.720154519068619e-05,-0.00019338394626398437
3377,0.3197102036165706,0.012580558071568188,0.4736204636349863,0.7647582194820575,-0.4935349601280938,1.9972747152850494,8.598204531299132e-15,2.8250917750860967e-15,4.132220936820147e-221,0.00019842902398516162,-6.489324192956852e-05,0.0005328947652410632
3378,0.9086276985777566,-0.16097335198540408,-0.49277605233436395,0.42704437498565323,-0.21407932473121297,1.9991831544166478,0.0,-0.0,0.0,0.0,0.0,0.0
3379,0.49431494918198293,-0.2492911466006591,-0.061289800243599764,0.5233146971425741,-0.35892679959561674,2.0005760365741967,0.0,-0.0,0.0,0.0,0.0,0.0
3380,-0.8022213776879568,0.38964853414100203,-1.6056218033096004,-0.6573430469695025,0.6594832825374846,2.001369479513907,0.0,-0.0,0.0,0.0,0.0,0.0
3381,0.4327144579110898,-0.7324062284404315,0.03484387580330569,0.449234366679276,-0.15638942023257274,1.9988655658935588,9.822344692115705e-15,1.230008826750046e-14,-0.0,0.00022779206379526726,-0.0002797654655932137,-0.00036690866040196233
3382,-0.3193168662416317,-0.4799127521035065,-4.353212428556759,-0.463439078054628,0.43087143688535107,1.9979258864430447,0.0,-0.0,0.0,0.0,0.0,0.0
3383,0.8125102562927087,0.09071223253447072,-3.9527594863270226,-0.33211608241982216,-0.7349808678646155,1.997583108862152,0.0,-0.0,0.0,0.0,0.0,0.0
3384,0.6891337746690759,-0.5105683184735365,-1.250202610231672,0.4207005042412884,0.4314186935252545,1.9985960190859215,0.0,-0.0,0.0,0.0,0.0,0.0
3385,0.39922787869333093,-0.013572767624207921,-1.2723820602786666,0.3430693069914759,-0.39655336898901905,1.9975590192666024,0.0,-0.0,0.0,0.0,0.0,0.0
3386,-0.7880046985943143,0.04277364000374667,-0.20597199654842166,0.6796715068422142,0.558367948399653,2.0014745271752097,0.0,-0.0,0.0,0.0,0.0,0.0
3387,0.18238666391633174,0.7743516505788138,-1.0008921435234914,-0.4617123704951309,0.2982263411304659,2.003808275376435,0.0,-0.0,0.0,0.0,0.0,0.0
3388,-0.5554121122440188,-0.594539818867153,-2.246378595072508,0.5251029408821335,-0.3136281105707898,1.9983306094406388,0.0,-0.0,0.0,0.0,0.0,0.0
3389,0.6125674428857123,-0.5718467442425087,-0.454837353259919,0.46468945957639385,0.7673395156106094,2.001692418154803,0.0,-0.0,0.0,0.0,0.0,0.0
3390,0.36574320022029116,-0.675826425457203,-2.939356372240747,0.03064711618171317,-0.02317208384907009,1.9969932189979973,0.0,-0.0,0.0,0.0,0.0,0.0
3391,-0.7271359395205588,-0.27242220206483614,-1.4802822849668171,-0.9641835765182634,-0.01808963284993592,2.0037102106824487,0.0,-0.0,0.0,0.0,0.0,0.0
3392,0.7099834582641742,0.1664241364089528,-0.6976416870512342,-0.7138872229005011,0.3256558918319745,2.001611672181421,0.0,-0.0,0.0,0.0,0.0,0.0
3393,-0.06741934579146146,-0.7077824455380636,-1.6891456014932806,0.5980481262590622,0.11575568565546704,2.0024199806267617,0.0,-0.0,0.0,0.0,0.0,0.0
3394,0.7367754762223435,0.4196600623755267,-2.4042990251087786,-0.13898652564403435,0.27906580426310446,2.0009644095608,0.0,-0.0,0.0,0.0,0.0,0.0
3395,0.22840463453863516,0.27061022715054456,-2.5511107096896484,-0.5950007803495966,0.5803374959288514,2.002429652518644,0.0,-0.0,0.0,0.0,0.0,0.0
3396,0.07557122018568321,-0.6466888821728242,-0.731943411630913,-0.5661305408121413,-0.1533054335545724,2.002938533937345,0.0,-0.0,0.0,0.0,0.0,0.0
3397,-0.1937517327148472,-0.9270391640275463,-3.5719225322980885,-0.26685423155265453,-0.42648347120995406,1.9996081663383438,0.0,-0.0,0.0,0.0,0.0,0.0
3398,0.5994147723720015,0.42927189982673103,-1.0003271815335057,0.06504606014693369,-0.9888876833805837,1.997745953378107,0.0,-0.0,0.0,0.0,0.0,0.0
3399,0.029407529749213554,-0.5053133942488145,-1.2834804733203962,-0.3915558460741114,0.1643291243964306,2.001813922520611,0.0,-0.0,0.0,0.0,0.0,0.0
3400,-0.5340643036512951,-0.03233579775785295,-3.900307367758002,0.3179065813319073,-0.508273629249795,2.001981122254835,0.0,-0.0,0.0,0.0,0.0,0.0
3401,0.2754071499257296,-0.7015137194573621,-3.2885137234305266,-0.649281514891088,-0.4034726942124095,2.0016098812438914,0.0,-0.0,0.0,0.0,0.0,0.0
3402,-0.667628315087198,0.29138100092875396,-2.077087265087919,0.19769526481891947,-0.15934196157968697,1.9995809897190095,0.0,-0.0,0.0,0.0,0.0,0.0
3403,0.18114830753353683,-0.19700617750285648,-0.4344575332678992,0.5743541925648573,-0.563210600481505,2.0012941136152405,0.0,-0.0,0.0,0.0,0.0,0.0
3404,0.5329707654985939,0.44630100004594525,-0.6462526794037902,0.16401194667235197,-0.5422619547227323,1.9985688202796594,0.0,-0.0,0.0,0.0,0.0,0.0
3405,0.6268625435941153,0.7081436192886874,-2.2772252754567845,-0.6803149179583657,-0.432043055837388,1.9994924065039437,0.0,-0.0,0.0,0.0,0.0,0.0
3406,0.5511838373696907,-0.2166872709144139,-2.6662581477273535,-0.08195762374091592,0.7691977718181406,1.9982498676011935,0.0,-0.0,0.0,0.0,0.0,0.0
3407,-0.6848417302576684,0.6180694396264078,-4.373083877572935,0.42746076959654367,0.13208548336201215,1.9995907880006885,0.0,-0.0,0.0,0.0,0.0,0.0
3408,-0.31012120474909594,0.9487834783617384,-3.6437854972766224,0.8632911664257821,0.38758871640282183,2.001241589865712,0.0,-0.0,0.0,0.0,0.0,0.0
3409,-0.11473071076483186,0.3124640297371803,-4.3292488194886944,-0.03203012982605988,0.6190036136698012,1.9995835118511327,0.0,-0.0,0.0,0.0,0.0,0.0
3410,0.554563885264307,-0.8262629069718523,-1.0842825969367629,-0.04878496302910157,0.6237189217175683,1.9990426323859447,0.0,-0.0,0.0,0.0,0.0,0.0
3411,0.6490252731042989,-0.09944943599233741,-3.704238063380179,0.20378609208029144,-0.22822103978163993,1.9972754772084411,0.0,-0.0,0.0,0.0,0.0,0.0
3412,-0.2202849142302599,-0.716642516054251,-0.5674464504117565,-0.2698283561308531,-0.20762947299616105,1.9986759123417328,0.0,-0.0,0.0,0.0,0.0,0.0
3413,-0.46731655421150503,0.46831793004382405,-0.5854226938407489,-0.2577759997067055,-0.10225925967918059,1.9989164555238885,0.0,-0.0,0.0,0.0,0.0,0.0
3414,0.8557413773782049,-0.31331560849787726,-2.274338057933561,-0.8408287171597804,0.1550245948903215,2.0014963593638164,0.0,-0.0,0.0,0.0,0.0,0.0
3415,0.13179025934110108,0.843849794111707,-0.0494658722054991,0.08353032736548639,-0.7034743262738887,2.0005585200632967,0.0,-0.0,0.0,0.0,0.0,0.0
3416,0.6734606826929965,0.6183785594462009,-3.1447275893817226,0.626271275424625,-0.30663179979609145,1.9970981628170892,0.0,-0.0,0.0,0.0,0.0,0.0
3417,0.504551125764761,-0.6316223950466426,-3.3808256356876156,0.41045751788677387,0.27778101856026477,1.9985105850572418,0.0,-0.0,0.0,0.0,0.0,0.0
3418,0.6569825271573086,-0.12885298897756536,-2.1445893062532946,-0.3592358650311036,-0.21687577087991447,2.0019552595983026,0.0,-0.0,0.0,0.0,0.0,0.0
3419,-0.0982556268879371,-0.2789046375572702,-4.254879263256712,-0.7845336999739395,0.02810273092690112,2.000110392779757,0.0,-0.0,0.0,0.0,0.0,0.0
3420,-0.1589615097714322,0.21421163544950672,-3.503167893522661,-0.19520514277565557,0.6100400556530575,2.0013631924466364,0.0,-0.0,0.0,0.0,0.0,0.0
3421,-0.43896610667482006,-0.21139914822422878,-0.8982952571924275,0.5059194329989356,0.47688697769633154,2.000458137032411,0.0,-0.0,0.0,0.0,0.0,0.0
3422,0.6739568064832043,-0.5065534652667701,-2.769478050961825,0.7117872514428895,0.6330626214120767,2.0006708280139054,0.0,-0.0,0.0,0.0,0.0,0.0
3423,-0.08119013826097715,-0.22088995491510865,-0.632998040860411,0.11177283955899099,-0.8330837378342634,1.9995082973912557,0.0,-0.0,0.0,0.0,0.0,0.0
3424,-0.8223207435934121,-0.14780098012833842,-0.26086079661768824,0.3890716783337909,-0.6326946852862612,1.9995554857215585,0.0,-0.0,0.0,0.0,0.0,0.0
3425,0.8426261322694599,0.2858389678493673,-3.4516699841053624,-0.23196278502562548,-0.7789440242762384,1.9981961184887198,0.0,-0.0,0.0,0.0,0.0,0.0
3426,-0.9440877096008193,-0.32049420939680806,-4.088274890783205,0.8055548340997196,-0.46888892462843795,2.0018740517623637,0.0,-0.0,0.0,0.0,0.0,0.0
3427,0.0669199490522957,0.8193374775005466,0.06555139834017992,-0.5921916189174565,-0.3454946459706851,1.9970319601843112,1.587488827956733e-15,-2.5984742545602608e-14,-0.0,3.7878397144329276e-05,0.000596892392777851,-0.0003675743538261305
3428,0.5186241847365505,-0.6802533530690383,-3.0554441699998027,0.9214503573929856,-0.07553888806115545,2.001479947054387,0.0,-0.0,0.0,0.0,0.0,0.0
3429,0.49188903055041866,-0.3463414009419809,-2.5236921818014495,0.31663828500380975,-0.4508381053419699,1.9961443628651065,0.0,-0.0,0.0,0.0,0.0,0.0
3430,-0.19173245113147325,0.08797303057947303,-3.8034473765595327,0.7770061574215528,-0.2488031683288346,2.0017974370342357,0.0,-0.0,0.0,0.0,0.0,0.0
3431,0.49742539828484933,-0.47623963430390565,-2.996827915067335,-0.3978746963626089,-0.21411202043228378,1.9981103055161504,0.0,-0.0,0.0,0.0,0.0,0.0
3432,0.3139894319048358,0.17426371575562077,-1.8171692863119464,-0.83896716691913,-0.20996561341217926,2.0010138026606477,0.0,-0.0,0.0,0.0,0.0,0.0
3433,-0.7054385335289072,-0.6231333906864429,-2.2904504781758144,-0.5087230325034223,-0.2687009025189443,1.9985551433010535,0.0,-0.0,0.0,0.0,0.0,0.0
3434,0.5033119290399114,-0.8306988634321113,-2.388285153197578,0.05925409377910048,0.5236693267109886,1.9988183560079067,0.0,-0.0,0.0,0.0,0.0,0.0
3435,0.2466871918573509,-0.11904188923329868,-1.3033630968754277,0.2465978734722405,-0.6987786545334732,1.9984207806791559,0.0,-0.0,0.0,0.0,0.0,0.0
3436,-0.467491273680931,-0.6451497088578432,-2.983455647748096,-0.23311511591287315,0.08117221779197356,1.9973706550087729,0.0,-0.0,0.0,0.0,0.0,0.0
3437,0.618576063112267,-0.24058061889034824,-3.889335307268947,0.9276254215752147,0.023412621411654358,1.9995716349039507,0.0,-0.0,0.0,0.0,0.0,0.0
3438,-0.0572321778984511,0.45679423414905435,-4.371047418915763,0.08798138976820652,0.9121546238395194,2.0017788016551794,0.0,-0.0,0.0,0.0,0.0,0.0
3439,-0.8426036974603908,0.38911374887367367,-0.5771669690581731,-0.26882647093853523,-0.6171817877887956,2.0041632602997135,0.0,-0.0,0.0,0.0,0.0,0.0
3440,-0.2886554912520988,0.7315525059518487,-4.48375150061045,0.8331747778604215,0.328121658053746,2.0006220170502873,0.0,-0.0,0.0,0.0,0.0,0.0
3441,0.3869093227146151,-0.5017623225202954,-0.6734423047838,-0.6057354380683642,-0.14558334723910638,2.000854337167205,0.0,-0.0,0.0,0.0,0.0,0.0
3442,0.21066135542179473,-0.6775727036915886,-0.23405406242295596,0.3755221406670918,-0.7108648616628974,1.9996638854519766,0.0,-0.0,0.0,0.0,0.0,0.0
3443,0.7447110283843476,0.5603363447218203,-2.3815239038844456,-0.6470461561922815,0.08179816004067683,1.996743256351231,0.0,-0.0,0.0,0.0,0.0,0.0
3444,0.19320303065868588,-0.7774055872016833,-4.168014690735505,-0.36226785830826613,-0.6179570333676672,2.000263290340325,0.0,-0.0,0.0,0.0,0.0,0.0
3445,0.798590264363335,0.06948969955370243,0.18313320048539303,0.723523985538739,-0.10410809953177365,2.0010859598819004,1.743298220545134e-14,-5.737435190552187e-16,-0.0,0.0003998128307822449,1.2044989639817747e-05,-0.00014394893441049543
3446,-0.5551536012454181,-0.4639924294018561,-1.5499930036097067,0.4350584818215263,0.281704952958889,2.001974221488826,0.0,-0.0,0.0,0.0,0.0,0.0
3447,-0.10242751817822009,0.6494657960280427,-4.17212489410323,-0.6795140069209762,-0.717558374629684,2.003002196018765,0.0,-0.0,0.0,0.0,0.0,0.0
3448,0.48514311077972905,-0.7153089862018734,-0.21062062195083517,0.33306477841766535,0.886544708707952,2.001410828237526,0.0,-0.0,0.0,0.0,0.0,0.0
3449,0.7563640511393389,0.06554201299271054,-1.7363936546429366,0.5927791169934248,0.37516632765664737,1.9964405126887614,0.0,-0.0,0.0,0.0,0.0,0.0
3450,-0.2582639587409536,6.745803531801838e-05,-0.49991393881102353,0.9224076948990931,-0.23663244565083996,2.000734232179064,0.0,-0.0,0.0,0.0,0.0,0.0
3451,0.10497120453035275,0.18030368962503432,-1.5937116275778465,-0.12659677865013869,0.970957568803404,1.997623034150175,0.0,-0.0,0.0,0.0,0.0,0.0
3452,-0.21276615989214717,0.7721556806247828,-1.5747752368508643,-0.16534031707019287,-0.8356708260885274,1.998232369916809,0.0,-0.0,0.0,0.0,0.0,0.0
3453,0.0285321568925407,-0.20566541223519744,-1.264237460302874,0.48599262288790956,0.10893700514566333,2.001312637096511,0.0,-0.0,0.0,0.0,0.0,0.0
3454,-0.5865465731330546,0.7278623436666357,-0.5904662551631729,-0.31518421931764506,-0.7926011110951076,2.000486306820168,0.0,-0.0,0.0,0.0,0.0,0.0
3455,-0.7092695770469446,-0.17801031054324049,-4.25522768874405,-0.10610247084371688,0.24431737340784915,2.000571632916677,0.0,-0.0,0.0,0.0,0.0,0.0
3456,-0.5745563767187728,0.05368505463969704,-2.083816737665341,-0.8383701440832144,-0.3259819910284408,1.9991957331135624,0.0,-0.0,0.0,0.0,0.0,0.0
3457,0.931470501730656,-0.2806245762047064,-0.5712006631278075,0.64320724767411,0.07367672410230539,2.0033061938680996,0.0,-0.0,0.0,0.0,0.0,0.0
3458,-0.1575423345953472,-0.5002773273390946,-3.963535372557823,0.4106410853920976,0.03164836493263492,1.999376458770546,0.0,-0.0,0.0,0.0,0.0,0.0
3459,0.07160204278607611,-0.4855137246130937,-3.059030156034958,0.791800350568082,0.40404287330058364,2.0012217478839283,0.0,-0.0,0.0,0.0,0.0,0.0
3460,0.15418975822237496,-0.007555067054901115,-3.9609772615353176,0.4451851195426219,-0.46757076464079117,1.9959440809411655,0.0,-0.0,0.0,0.0,0.0,0.0
3461,-0.08693867878313286,0.6526708105588379,0.4062555603895439,-0.6275274846392211,-0.7753992265453391,2.0045422117534955,3.919563898430046e-15,-2.0260812208164028e-14,-6.251443332587648e-259,8.959502132493147e-05,0.00046426295845163133,0.0002536574538169491
3462,0.21951107601493433,0.8996138814048851,-4.2869370261100235,-0.40490112947973855,0.31326108020113247,2.001178062764931,0.0,-0.0,0.0,0.0,0.0,0.0
3463,-0.02401100172195019,0.7161657075274676,-2.0301645521536744,-0.5114155696683538,0.18427271364575862,2.0004644629143784,0.0,-0.0,0.0,0.0,0.0,0.0
3464,-0.32325519145696724,0.3040279250728912,-1.1974860608088675,0.05854125963414786,-0.9121995459343721,1.9989232028831307,0.0,-0.0,0.0,0.0,0.0,0.0
3465,0.32482371298665025,0.8674585893747749,-1.1988232782027486,-0.5220500395183467,-0.2750328973381345,1.997646347523829,0.0,-0.0,0.0,0.0,0.0,0.0
3466,-0.2531142520617493,-0.2788240405432791,-0.18962963954929782,0.8446606549899547,-0.12372976272008676,1.9984767037755937,0.0,-0.0,0.0,0.0,0.0,0.0
3467,0.09907978893311452,0.2662380910858877,0.1531507180841314,0.28233828381927906,0.007480574959325238,2.0030379121081223,-1.806271190297156e-15,5.2961229622860906e-17,-0.0,-4.0908491291025605e-05,-1.4703945120601511e-06,-0.0002693646578639928
3468,0.9724004978518042,-0.07762925958024999,-4.046347574078391,0.34795881055173805,-0.5834776439132938,2.001087764171544,0.0,-0.0,0.0,0.0,0.0,0.0
3469,0.567801086301988,-0.16417142737823828,-1.4242010366831863,-0.09791013661871545,-0.7764000179948933,1.9997793936899848,0.0,-0.0,0.0,0.0,0.0,0.0
3470,0.3550697331479048,0.16671634927283238,0.4679309840871567,0.16614056392821505,-0.2208007054671595,2.0003838745917006,1.0909255620068709e-14,-5.717340810220396e-15,3.911521913498498e-225,0.0002517753377670327,0.0001303053302794465,0.000707804498290207
3471,0.06947788124145296,0.004982270574868738,-3.5529351114989973,0.027173592959151418,-0.7709802279814162,2.001325454425833,0.0,-0.0,0.0,0.0,0.0,0.0
3472,-0.046579993726154435,0.5025187773892873,-1.9000000076792665,-0.6949037209944335,-0.6940956423633193,2.000349527001641,0.0,-0.0,0.0,0.0,0.0,0.0
3473,0.8075163089831882,0.22934617652171227,-3.383709218930297,0.1111577012084352,-0.050076006528312615,2.002711316922395,0.0,-0.0,0.0,0.0,0.0,0.0
3474,0.33725930694733885,0.7214235513719471,-1.5915755171880053,0.45632869662055064,0.6313489069547923,2.0000257428080315,0.0,-0.0,0.0,0.0,0.0,0.0
3475,-0.22154564985751324,-0.14001459086800525,-1.2271915001029647,-0.1917087170440692,0.029164622202272353,1.9990773723979358,0.0,-0.0,0.0,0.0,0.0,0.0
3476,-0.5362119817728193,0.4620101207411788,-1.8071124616976408,0.1427246117175983,0.44068787862033637,2.0007003570790824,0.0,-0.0,0.0,0.0,0.0,0.0
3477,-0.5084141722742466,0.74773533124704,-2.982850143794329,0.19432468346631207,0.12523360326511093,2.0008475319938523,0.0,-0.0,0.0,0.0,0.0,0.0
3478,-0.4347150092423133,0.630929798877294,-0.2869871615401018,-0.25948773849174045,0.8287612991011756,1.9986332621874483,0.0,-0.0,0.0,0.0,0.0,0.0
3479,-0.469553142595386,0.331703564649569,-4.379806486516031,-0.44810489487883237,0.47426861379526136,1.999043635328527,0.0,-0.0,0.0,0.0,0.0,0.0
3480,-0.5498667482821982,-0.34749789045359997,-1.4970977250870074,0.8365549479304532,-0.19394930273336353,1.9985065995103795,0.0,-0.0,0.0,0.0,0.0,0.0
3481,0.4839014553476038,-0.7292155980492421,-2.309320476330131,-0.39455286190626976,0.041311146677235976,1.9988956247681415,0.0,-0.0,0.0,0.0,0.0,0.0
3482,0.38803649324782924,-0.41128580809175985,-0.08798352261639879,-0.8780184544678454,-0.4355534091925183,2.0006356515458665,0.0,-0.0,0.0,0.0,0.0,0.0
3483,0.4410589694317336,-0.16154564159055554,-1.3206166734278648,-0.07746936231682505,-0.9786064733671729,2.0016956017650487,0.0,-0.0,0.0,0.0,0.0,0.0
3484,0.4633798420498611,0.5027035153127744,-4.174499174283168,0.9256119803146835,0.20214643329645154,1.9998823553961138,0.0,-0.0,0.0,0.0,0.0,0.0
3485,-0.5142396014627227,-0.06890655652056342,-3.9244418178294267,-0.3281631850174778,0.009817544230875577,2.0013656828666457,0.0,-0.0,0.0,0.0,0.0,0.0
3486,-0.14893436752063627,-0.3899531563760125,-0.3723204839538235,0.09663295152681493,0.4385806510293059,1.9959850862943473,0.0,-0.0,0.0,0.0,0.0,0.0
3487,0.07144258186614318,0.3864401702505963,0.08961623920257043,-0.030680049311692045,0.24435854951240996,2.002957639119765,1.276681577424136e-17,-2.9834641541509003e-15,-0.0,5.22888205026982e-07,6.776586193980792e-05,-0.0005233533804196007
3488,-0.23792777955829972,-0.5927171947781904,-3.0972071284053166,-0.1181801111930842,0.43904323615616225,1.9965131049991107,0.0,-0.0,0.0,0.0,0.0,0.0
3489,0.4296315612585751,0.3778140773495616,-1.0236334057202183,0.2915155047323856,-0.0038949421230196723,2.001430334452414,0.0,-0.0,0.0,0.0,0.0,0.0
3490,0.5017272207475771,0.32608631518608966,-3.5858999574784596,-0.7799422893047917,-0.5128293966668633,2.0005452916853614,0.0,-0.0,0.0,0.0,0.0,0.0
3491,-0.17498205864959251,-0.10532261984540219,-1.683423886997046,-0.28491267042229745,-0.815657288522494,1.9961607995139332,0.0,-0.0,0.0,0.0,0.0,0.0
3492,-0.8092066757914126,0.5829583699427684,-3.9452863193739183,0.22218258733044877,-0.25156496638767617,1.9977896888818314,0.0,-0.0,0.0,0.0,0.0,0.0
3493,-0.567958989766955,-0.04685629387940425,-0.5471543413710875,0.5500466061165237,0.4599511630331737,1.9969888096414943,0.0,-0.0,0.0,0.0,0.0,0.0
3494,-0.06516165465104014,-0.5858753431727423,-1.0409255848237375,-0.39102981843716555,0.8221831767658134,1.9995071787401975,0.0,-0.0,0.0,0.0,0.0,0.0
3495,0.24873088996504442,0.7522952325350326,-1.5959955111325859,0.6538663761505068,0.20754578433686588,1.9979756739180379,0.0,-0.0,0.0,0.0,0.0,0.0
3496,0.8657954107132989,-0.07892615751606484,-2.48561866476002,0.6219638063122399,0.5527348547918343,1.9982952580568378,0.0,-0.0,0.0,0.0,0.0,0.0
3497,0.03607562025252392,0.9519809440425907,-2.5228273523962934,0.1880868348378669,0.8243368563611886,2.0000454973571498,0.0,-0.0,0.0,0.0,0.0,0.0
3498,-0.4970706798095078,0.4410894614787437,-2.1404863077542102,-0.2216574480170264,-0.5017617353812509,1.9990427009440324,0.0,-0.0,0.0,0.0,0.0,0.0
3499,0.3151585243141797,0.9457038128588307,-3.1531012865684414,-0.9366279776471941,0.0982081840182022,2.0003721421180507,0.0,-0.0,0.0,0.0,0.0,0.0
3500,0.6576804232661099,-0.4296431833518824,-3.758309492131196,0.5880884222746042,-0.04456694933472709,1.9969245273310599,0.0,-0.0,0.0,0.0,0.0,0.0
3501,0.6981140377980574,0.7036199450702686,-3.727936979264223,-0.9197226461558804,0.07685120338898678,1.9999047912951589,0.0,-0.0,0.0,0.0,0.0,0.0
3502,-0.12933040863839676,-0.9414796973920894,-1.6167558383757539,-0.7861559465013831,-0.5831663693970757,1.9998197414008252,0.0,-0.0,0.0,0.0,0.0,0.0
3503,0.8341354901401745,-0.24850396357065457,-1.0739040047064419,-0.3651704579943884,0.5274699903606577,1.9963260563753553,0.0,-0.0,0.0,0.0,0.0,0.0
3504,-0.2188182772395829,-0.8641783260961287,-0.7085332019569097,-0.5066903151738837,-0.07681758425505635,1.9987383185480807,0.0,-0.0,0.0,0.0,0.0,0.0
3505,0.5671331216959161,0.1528468837435921,-3.6813244595683465,-0.6353798157651118,-0.19689538576875643,1.999556903367798,0.0,-0.0,0.0,0.0,0.0,0.0
3506,0.44775235713611383,0.7387647011761452,-1.2232717970845048,-0.120758407454494,0.1727305802302595,2.000200682105582,0.0,-0.0,0.0,0.0,0.0,0.0
3507,-0.4894263363190619,-0.26273328120446715,-0.3290252090959195,-0.1545364510304583,-0.5737568259099333,1.999337479404526,0.0,-0.0,0.0,0.0,0.0,0.0
3508,-0.4578082023874402,-0.06222468891333898,-3.93318443379105,0.006595335464487206,0.5630952010169927,1.9992400046406067,0.0,-0.0,0.0,0.0,0.0,0.0
3509,-0.41026902655730657,0.2556272545974325,-4.139536922413973,-0.2644376354594245,0.3137912431216834,2.00102048602682,0.0,-0.0,0.0,0.0,0.0,0.0
3510,-0.4436871689115125,0.6008297010311272,-3.6423677387808593,-0.12437418978100366,0.5230789424349791,2.0025853110616803,0.0,-0.0,0.0,0.0,0.0,0.0
3511,-0.3492271777455275,-0.4438254525260678,0.20248365738576257,-0.8991461874215785,-0.31289379760343594,1.9974706435320893,-8.48163478159222e-15,1.787551600638417e-14,-0.0,-0.00019507774568728372,-0.00041050303084448945,-5.3275809887472896e-05
3512,-0.314043115360046,-0.5763310160740517,-3.5380296332901393,0.7829992574984633,-0.4703566725231584,2.0029114979682707,0.0,-0.0,0.0,0.0,0.0,0.0
3513,-0.9882380345032786,0.0335665180619396,-1.3852104610426264,0.4064293085283778,0.3870478062631739,2.003288481223831,0.0,-0.0,0.0,0.0,0.0,0.0
3514,0.2728054271978376,-0.06206765789131964,-1.1332342366606603,0.6668101733425641,0.7378954340989308,1.9972870283758282,0.0,-0.0,0.0,0.0,0.0,0.0
3515,-0.34958451947323205,-0.062075552558972485,-0.05856274555103373,0.05912609364258459,0.011432950446451666,1.9972102428961345,0.0,-0.0,0.0,0.0,0.0,0.0
3516,-0.33469833545380495,-0.04391441502590606,-3.707652260627109,-0.5912336073237797,-0.31431340809994834,2.0004360689159175,0.0,-0.0,0.0,0.0,0.0,0.0
3517,-0.05439242223757112,0.6976053223597775,-3.7994178926002706,-0.2364368982877556,0.6762306484819728,2.0022508295782964,0.0,-0.0,0.0,0.0,0.0,0.0
3518,0.6732524737615819,0.3341061138034978,-4.370695006357289,-0.2020269902779809,-0.8217276294709462,2.0001020295095,0.0,-0.0,0.0,0.0,0.0,0.0
3519,0.493955092412817,-0.7953296492406544,-1.029123083043892,-0.688240846272641,-0.3705668205264939,2.0031035175065046,0.0,-0.0,0.0,0.0,0.0,0.0
3520,-0.020826712911398298,0.9530229011747213,-3.5536494444304716,0.43554507907185047,-0.6846044797514884,2.0016434468679862,0.0,-0.0,0.0,0.0,0.0,0.0
3521,0.9277544441688238,0.11474288938208936,0.1976224059764467,0.49541321065928734,-0.7061937769828345,1.9991128875705486,3.717855609684498e-14,1.27652570899066e-15,0.0,0.000853579226080402,-3.1620155718712385e-05,9.719388121569287e-06
3522,0.4765749443597969,0.4891852827367596,0.2657550024395726,0.03045241336440224,-0.879115766240299,1.9989792980031285,1.6897481959409347e-14,-6.060018535889791e-15,0.0,0.0003883277326433541,0.00013878997068108282,6.012126421941804e-05
3523,-0.3957854277979029,-0.2501057171064424,-0.3114067060970366,-0.7059416035981065,0.22217508766627767,2.0016450731515723,0.0,-0.0,0.0,0.0,0.0,0.0
3524,0.40296484072243033,0.5512713679579592,-3.5460486930499284,-0.9564148904930565,-0.1584422487891782,1.999198696148887,0.0,-0.0,0.0,0.0,0.0,0.0
3525,0.6416596501603562,0.15957183527962226,-2.3985238663205752,-0.007942324819168907,0.25070879775881066,1.9999136727384947,0.0,-0.0,0.0,0.0,0.0,0.0
3526,0.698678028508549,-0.6833217060748757,-2.2957707039149335,0.3520999697877141,-0.030583087580543393,1.9987019867334146,0.0,-0.0,0.0,0.0,0.0,0.0
3527,-0.21023462683855149,0.49638511481207465,-3.3819391628778854,0.18280999814046683,-0.32518954154478646,1.998647066825024,0.0,-0.0,0.0,0.0,0.0,0.0
3528,0.3611062743581037,-0.6548055826153159,-1.9032387360027474,0.1977675184128554,0.346485533086521,2.001730005776923,0.0,-0.0,0.0,0.0,0.0,0.0
3529,-0.09799820319946116,-0.06308927430450649,-4.339928791610063,0.2538033468694338,0.13264726263069812,1.999269970738755,0.0,-0.0,0.0,0.0,0.0,0.0
3530,-0.6448532893816085,-0.600222540304084,-3.8141288816621457,0.6860291430604656,0.2942933604573453,1.996698261815177,0.0,-0.0,0.0,0.0,0.0,0.0
3531,-0.3973089780658454,-0.244490829482919,-3.1718251130515873,-0.4018584165356899,-0.5294819137284895,2.0025609546943115,0.0,-0.0,0.0,0.0,0.0,0.0
3532,-0.5051305031692724,0.34429744321032846,-1.5290513627173046,0.4560886356016115,-0.7737120430681139,2.000429128958179,0.0,-0.0,0.0,0.0,0.0,0.0
3533,0.6986555869997336,-0.06953945012230728,-0.5114693290774719,-0.07736522814754901,-0.9528795628249007,1.9976987416216454,0.0,-0.0,0.0,0.0,0.0,0.0
3534,-0.5991578465698892,-0.08044654112438722,-3.3827972165683113,-0.07665042463864004,0.2633414187871122,2.0001568265276886,0.0,-0.0,0.0,0.0,0.0,0.0
3535,-0.042500111985606666,-0.30039879142580245,-0.5049450182058424,0.1188693787920129,-0.03997180334339093,2.001997227637508,0.0,-0.0,0.0,0.0,0.0,0.0
3536,-0.4606953433867792,-0.03405001720687237,-4.152331906484638,0.8469514444393014,0.0050603741173448685,1.9993859185669467,0.0,-0.0,0.0,0.0,0.0,0.0
3537,-0.022569828857013505,-0.9149198399137171,-3.1198903513752487,-0.16666857215043307,-0.4409304877466501,1.9957918664608263,0.0,-0.0,0.0,0.0,0.0,0.0
3538,-0.6228742027834845,0.27241154869389594,-3.356879869855444,-0.524188787125326,-0.05520607900140614,2.004563077504756,0.0,-0.0,0.0,0.0,0.0,0.0
3539,-0.4152781911731728,0.3059698768443739,-4.300711862151892,0.18694506362182864,0.07159071700669588,1.9991061550622655,0.0,-0.0,0.0,0.0,0.0,0.0
3540,0.2412502116519025,0.03894582754330243,-0.0830886101783435,-0.5622868536603385,-0.35601529582991936,1.9955365999441728,0.0,-0.0,0.0,0.0,0.0,0.0
3541,0.19090614440219408,0.277836967404309,0.36111342258163875,-0.17544618758707473,-0.9340914216852769,2.002620283956382,8.821660109020041e-16,4.065465041822014e-15,1.98411744006314e-285,2.004344589028986e-05,-9.397892223938107e-05,9.777349545817834e-05
3542,-0.811078167366335,0.2539609841777314,-0.9041199717780356,0.1446260034170503,-0.22026172713916903,2.0008967718200745,0.0,-0.0,0.0,0.0,0.0,0.0
3543,0.374998484580173,0.297907788859325,-1.6375112799375697,0.6973206881427153,-0.524812398289064,2.0012736967349345,0.0,-0.0,0.0,0.0,0.0,0.0
3544,0.6204109606551934,0.22983522108961696,-2.939948822805669,-0.4270559408535906,-0.723331574424431,2.000525485925939,0.0,-0.0,0.0,0.0,0.0,0.0
3545,0.5270504325734438,0.07756313342163225,-1.1356343799425141,-0.38134492972336287,0.0005969410318624506,2.0005813445155196,0.0,-0.0,0.0,0.0,0.0,0.0
3546,-0.32282099227540956,0.48432080252951426,-1.9920808545854125,0.5311894886078944,-0.23903943207523065,2.0013467481879883,0.0,-0.0,0.0,0.0,0.0,0.0
3547,0.9580196974984162,0.28613515218389196,-2.8488520490411964,-0.14193301069657946,-0.052185820753077504,2.0025837140703655,0.0,-0.0,0.0,0.0,0.0,0.0
3548,0.18698461082816303,0.8897465099388003,-3.801618583310957,-0.8078256524857186,-0.5844783942358818,2.0014548019306706,0.0,-0.0,0.0,0.0,0.0,0.0
3549,0.5700208707216707,-0.6457294478666544,-2.1837944216119145,-0.5885478388027706,0.77975287442614,1.99896956848335,0.0,-0.0,0.0,0.0,0.0,0.0
3550,-0.22262453044682615,-0.1605226685647356,-0.10184554887430466,0.7997764653740652,0.27006169823153225,1.9995898357813606,0.0,-0.0,0.0,0.0,0.0,0.0
3551,-0.3374921578790134,0.12683765835787003,-4.004192332280915,-0.6390452891445392,0.706514360080505,2.0016154170769274,0.0,-0.0,0.0,0.0,0.0,0.0
3552,-0.8227269658086291,0.37030290976219965,-4.1500300713133385,0.06180979927299364,0.25155849701292077,1.9993086853900934,0.0,-0.0,0.0,0.0,0.0,0.0
3553,-0.40412390496001277,0.8977132877710847,0.3744229004055087,0.10644906624639634,0.27881278886276833,2.002432987415077,-6.162047409986578e-15,-2.2408141541758837e-14,-7.974069754106916e-277,-0.0001402711061609446,0.0005133325622489736,0.00017065490873494914
3554,0.05002438130188679,0.7491452527495922,-1.0832299923162794,-0.40437976757457333,-0.6305090266539428,1.9977883097903835,0.0,-0.0,0.0,0.0,0.0,0.0
3555,0.8917014775858371,-0.2056766437956778,-0.6857999927376911,-0.3796051253859053,0.8827414490570349,2.0008169611073447,0.0,-0.0,0.0,0.0,0.0,0.0
3556,0.2112604728978023,-0.0806872174861356,-3.3774970575228163,-0.1731581804873544,-0.6217952191361382,1.9992995108920355,0.0,-0.0,0.0,0.0,0.0,0.0
3557,-0.27226356151683523,0.35706344860335626,-4.437825420089883,0.4224303124761166,0.31106194865369946,1.999886295225782,0.0,-0.0,0.0,0.0,0.0,0.0
3558,-0.8278783213200908,0.039771244454137815,-3.3709103561180087,-0.36697987652058695,-0.11625557740096552,2.00021680411097,0.0,-0.0,0.0,0.0,0.0,0.0
3559,0.8326466219345112,-0.3715416247805113,0.26505344619736515,0.5359595944021571,0.01260822241633404,2.001415074071173,1.9620980685930728e-14,6.687553387447277e-15,0.0,0.00044724657272515934,-0.00015402484260528841,8.59052658273627e-06
3560,-0.11858530379150846,0.18388351666534106,0.15953556473670216,0.10054168903807777,0.43091810457344526,1.996120583743987,3.4975311752154762e-15,-2.7706881021587427e-15,-0.0,8.112585184921558e-05,6.375938546716755e-05,-0.00022423042496066641
3561,-0.6938753842696451,-0.524821303889345,-2.473596938148685,-0.08974786102951827,0.9380727776698812,2.0005457347997173,0.0,-0.0,0.0,0.0,0.0,0.0
3562,-0.4185814240158517,0.017396366083180837,-3.8785695667466786,0.6347130800119148,-0.7503705324035719,1.997654714561496,0.0,-0.0,0.0,0.0,0.0,0.0
3563,-0.19912719478234847,-0.4423511415918701,-2.179390989123927,-0.6664583440767962,-0.10051525710416966,2.00023869436441,0.0,-0.0,0.0,0.0,0.0,0.0
3564,0.10568071585257274,0.9874854453168962,-4.322902417834205,0.2333543114895589,0.5596474889891316,1.9969303229366047,0.0,-0.0,0.0,0.0,0.0,0.0
3565,0.2847152910982474,-0.014250352270185423,-1.245209475655656,-0.917996367635076,0.2612976904762045,2.001733425061508,0.0,-0.0,0.0,0.0,0.0,0.0
3566,-0.10002451399785256,0.40313507610464433,-2.0143156622546883,0.15180045917729273,-0.30489654892571555,1.9997747052956218,0.0,-0.0,0.0,0.0,0.0,0.0
3567,0.9192442839372708,-0.08813483116374836,-0.4588692333023136,-0.23771623981393947,-0.034954593154187356,1.9983257656975628,0.0,-0.0,0.0,0.0,0.0,0.0
3568,-0.7127134467110388,0.5793871450031979,-3.1736242916660733,-0.72741133317218,-0.14365526056286168,1.996737161738021,0.0,-0.0,0.0,0.0,0.0,0.0
3569,-0.9774644730048243,-0.05105532627876684,-0.2573123022448076,-0.7385394827254844,0.26805472512914347,1.9990802328618837,0.0,-0.0,0.0,0.0,0.0,0.0
3570,0.7523537340813672,0.15092214189361733,-4.332439710323827,-0.03198444053030243,-0.45062570272947433,2.000353089202208,0.0,-0.0,0.0,0.0,0.0,0.0
3571,-0.6688644501138061,-0.5616461846227961,-2.3448885292094803,0.3309105860700454,-0.5095277482715167,1.9991557221773928,0.0,-0.0,0.0,0.0,0.0,0.0
3572,0.8237606372969718,-0.4408350015959418,-1.0260353541427272,-0.521638298277416,0.6328852336962539,1.9999830227727393,0.0,-0.0,0.0,0.0,0.0,0.0
3573,0.4183621442902437,0.2678178740010143,-0.5932668986033,-0.8013260734240488,-0.23582182473234187,1.9984458715273334,0.0,-0.0,0.0,0.0,0.0,0.0
3574,0.5905400282040792,-0.5260660628531244,-0.8548347419934224,-0.4148688249051304,0.17956121062593725,2.0006575268640274,0.0,-0.0,0.0,0.0,0.0,0.0
3575,0.8018338917821674,0.055556734290744716,-2.917569671186758,-0.1208350509596017,-0.007484565331977103,2.002439947802798,0.0,-0.0,0.0,0.0,0.0,0.0
3576,-0.5184307084196773,-0.18621563529775384,-3.645222596913601,0.3653145195604481,-0.24532165807662748,2.000038832732764,0.0,-0.0,0.0,0.0,0.0,0.0
3577,-0.49635704523811247,-0.451655979924675,-2.661857756933347,0.9262949629300826,0.01743338513224118,1.9987373286190797,0.0,-0.0,0.0,0.0,0.0,0.0
3578,-0.8452835599484071,0.1865057987028484,-0.7853007047771525,0.7628799787479494,-0.23230738266177772,2.000184001020935,0.0,-0.0,0.0,0.0,0.0,0.0
3579,-0.4619060668103116,-0.1682145076990181,-1.2965539652324365,0.3815801369546453,0.68309898092173,2.0022134514744985,0.0,-0.0,0.0,0.0,0.0,0.0
3580,-0.9159403969078168,-0.08943016833399231,-1.1816351045687574,0.49880020737395414,-0.768697628985454,2.0007813142634263,0.0,-0.0,0.0,0.0,0.0,0.0
3581,-0.2726648739199731,0.8462799637163194,-0.6480607654283361,-0.7235483820775025,0.454353077421958,2.000689941697462,0.0,-0.0,0.0,0.0,0.0,0.0
3582,-0.7653748265516417,0.4113253745411034,0.08793836461950828,0.15739227889395482,-0.6006313039042223,2.0000625104028833,-2.526594350697467e-14,-2.4383804734650547e-14,-0.0,-0.00058115532778036,0.0005572537684008521,-0.00066407158283932
3583,0.5060046630578315,-0.756981201853573,-0.9562193105505938,0.21880268138675918,-0.4840132529853971,2.0012632187592434,0.0,-0.0,0.0,0.0,0.0,0.0
3584,-0.503893916663223,-0.2672881072712226,-3.5243399418717956,-0.6685050928352667,0.3786550856218657,1.9992592834503204,0.0,-0.0,0.0,0.0,0.0,0.0
3585,0.8167226839321111,-0.19417913274568233,-4.134018213868353,-0.6919160198685991,-0.22127823973108687,1.999208393861096,0.0,-0.0,0.0,0.0,0.0,0.0
3586,0.6211062085989734,0.6018975438121377,-1.4804656196809334,0.5037973026648436,-0.11128173664571903,2.0001542648136956,0.0,-0.0,0.0,0.0,0.0,0.0
3587,-0.9118230184945744,-0.11650579175895691,-3.48412445963795,-0.4680799094617075,-0.2852173412537771,2.0022037103029082,0.0,-0.0,0.0,0.0,0.0,0.0
3588,-0.7259891398509348,0.6160737693463902,-0.3635457498358588,-0.4291949930548761,0.7746202059858067,1.9956515994206812,0.0,-0.0,0.0,0.0,0.0,0.0
3589,-0.6206307434128701,0.27959563338021753,-2.3367251724356493,-0.9244595212947151,0.242498264615911,2.0001746741685213,0.0,-0.0,0.0,0.0,0.0,0.0
3590,-0.12120043331896926,0.8832639463484083,-3.518255675431189,0.9865525262426756,-0.025297298007252295,2.002390088318268,0.0,-0.0,0.0,0.0,0.0,0.0
3591,-0.16227748110820822,0.8222155838208318,-1.3191764804413015,0.3933428859523352,0.6884641031834449,1.9967728110343381,0.0,-0.0,0.0,0.0,0.0,0.0
3592,-0.22214680388818642,-0.7475871383307644,-0.8601421957263355,-0.31956723414523247,-0.3413608555622055,1.999488608107476,0.0,-0.0,0.0,0.0,0.0,0.0
3593,-0.4683443342273554,0.05945747762697546,-2.1471742604426907,0.4943796725939249,0.3015950548943247,1.998787012742392,0.0,-0.0,0.0,0.0,0.0,0.0
3594,-0.6518012127175534,-0.3663503546319853,-0.4900424489277814,0.11331364674865252,0.7106903231918636,2.001239391835522,0.0,-0.0,0.0,0.0,0.0,0.0
3595,-0.7559564343247464,-0.5822851717699352,-3.2928757861021056,-0.928963835869183,0.1136675862883601,2.001058951329464,0.0,-0.0,0.0,0.0,0.0,0.0
3596,-0.5146563580857234,0.35614345148858517,-3.0010837769369467,-0.7274158233844658,-0.3258364514262797,2.000398358889482,0.0,-0.0,0.0,0.0,0.0,0.0
3597,0.7541112093069984,-0.5829774491232002,-1.538058865671391,0.42869598332748715,-0.2985136694037494,2.0010737702971166,0.0,-0.0,0.0,0.0,0.0,0.0
3598,0.4260794691824904,0.7866898552915732,-1.6331822488991925,-0.8802850135213226,-0.4085606596268546,2.0017126585381093,0.0,-0.0,0.0,0.0,0.0,0.0
3599,0.6040971448876005,0.017847313748422414,-1.0672264415915813,0.3251559737988523,-0.7540811532760785,2.001653724884039,0.0,-0.0,0.0,0.0,0.0,0.0
3600,0.1416684887514856,-0.5718973129088304,-3.7932395978973785,0.5631300753903864,-0.28223954759834696,1.9988119894161276,0.0,-0.0,0.0,0.0,0.0,0.0
3601,0.9351613669799215,-0.25014468673676954,-3.965216111330876,0.677422889988727,0.08813319652372915,1.9965665708084024,0.0,-0.0,0.0,0.0,0.0,0.0
3602,-0.3016935672005151,-0.523973108695522,0.48979314777768657,0.32225302897424996,0.3353839695790914,2.000768386591798,-9.609703853290892e-15,1.239881569563146e-14,1.3899861862646016e-211,-0.0002198798202156475,-0.0002847176977160419,0.0005037315247775579
3603,0.39144107150521806,0.7984956956984243,-0.7002519361583079,0.5409197127447446,0.1416350597986298,2.001972825269959,0.0,-0.0,0.0,0.0,0.0,0.0
3604,0.25304848450025463,0.4027558592347437,-4.199081268355038,0.10838970037704194,-0.6385115349612791,1.9992243993867485,0.0,-0.0,0.0,0.0,0.0,0.0
3605,-0.7707509535262468,-0.357383877649346,-1.276594193344414,0.20192378176032066,-0.5052539426786017,2.0039807323506227,0.0,-0.0,0.0,0.0,0.0,0.0
3606,0.07163446194101132,0.6449849560633186,-3.909981811659986,-0.019094413872475305,-0.9288953930285164,1.9966548639649908,0.0,-0.0,0.0,0.0,0.0,0.0
3607,0.7668193628448375,0.47144103224923795,-3.8270978556108206,0.541863954288893,0.6371794075863149,2.0012293581682714,0.0,-0.0,0.0,0.0,0.0,0.0
3608,0.3199534479469707,0.20508098888483228,0.33150363276990913,0.5900668737235648,-0.10319518561518544,1.9992096073897074,9.75780022245954e-15,-6.83129384740519e-15,3.6543069738783746e-302,0.00022354401074782236,0.00015590805875323032,0.00018837533393949946
3609,-0.09631833370768587,-0.7159400022344046,-4.194913994072063,0.5343113093379388,-0.22230891962777685,2.0026118778637017,0.0,-0.0,0.0,0.0,0.0,0.0
3610,-0.461589052959086,-0.2519558568140159,-3.139884850032419,0.4549274892271469,-0.2977480180292886,2.000353374968034,0.0,-0.0,0.0,0.0,0.0,0.0
3611,-0.4034348988556311,-0.006517573103107107,-0.6852189620019228,-0.04751344186827138,0.049692488996149344,2.001059485936387,0.0,-0.0,0.0,0.0,0.0,0.0
3612,-0.14108073811446237,0.5180998710229774,0.03625746344683806,-0.5698990955442242,0.2705813450956502,1.999409435878674,-3.5339576253701552e-15,-5.094456942678927e-15,-0.0,-7.890985770223186e-05,0.0001120493240973249,-0.0008387803419831186
3613,0.8698037798876729,-0.4793846082832048,0.3545285334631874,0.6876935048477115,0.7101639341559333,2.000105374000999,6.287633779011024e-14,2.028848929467511e-14,-3.3011938237956014e-288,0.001440747774835384,-0.0004714954116542724,-7.063841797607703e-05
3614,-0.35713267552370165,-0.6367956060706967,-1.7853819952514822,0.32562222217874554,-0.41117415727540974,2.000223295772295,0.0,-0.0,0.0,0.0,0.0,0.0
3615,-0.8979945227797724,0.4250696882433983,-0.5931273312355517,0.64684407645724,-0.6290401570112656,2.001703250906218,0.0,-0.0,0.0,0.0,0.0,0.0
3616,0.742422610160051,-0.5413209585587144,-0.2708680099375465,-0.9703427642638581,-0.15952964383597337,1.999819889527351,0.0,-0.0,0.0,0.0,0.0,0.0
3617,-0.8185981193200154,-0.26932155272008385,-2.706153834461925,0.3634316402083798,-0.894915415782526,2.000761415425318,0.0,-0.0,0.0,0.0,0.0,0.0
3618,-0.04718117871937873,-0.8794777525126951,-4.287784824204854,-0.20592562403772596,0.22392084708110196,2.0011673531197776,0.0,-0.0,0.0,0.0,0.0,0.0
3619,-0.8441546762728561,0.5210222822688463,-0.031169199636350592,0.3583995631869144,0.661488328351927,2.0003756720688823,0.0,-0.0,0.0,0.0,0.0,0.0
3620,0.6198514169190377,-0.4845595980184685,-3.3598251870888114,-0.9020751569482119,-0.3628204681712572,1.9966276489068928,0.0,-0.0,0.0,0.0,0.0,0.0
3621,0.6542609661685341,0.1854009606744159,-2.916369154045602,0.5266500376587309,-0.42092434512684895,1.9997718392090333,0.0,-0.0,0.0,0.0,0.0,0.0
3622,-0.7257385730505691,-0.13232010979116807,-1.8256384495012725,-0.49488369434654145,0.40078978402505266,2.0000520156955757,0.0,-0.0,0.0,0.0,0.0,0.0
3623,-0.6151532345568493,-0.07868456711819027,-0.9895381989267369,-0.341082143810832,-0.3821827910528,2.0023426775628126,0.0,-0.0,0.0,0.0,0.0,0.0
3624,-0.49315691268997475,-0.3212828916343076,0.10549985640178865,-0.8296333901467806,0.43782173504269495,2.000027722259176,-1.0599863108117301e-14,7.84602578101766e-15,-0.0,-0.00024278675657450705,-0.00017744648861869682,-0.00026850408964299504
3625,0.15668839316109456,0.646819575745156,-0.2541720350359307,0.06576814129281523,-0.46420168419906666,1.997168838468969,0.0,-0.0,0.0,0.0,0.0,0.0
3626,-0.16551183025826932,-0.3310427561682294,0.011721647065816918,0.8283167361218844,0.12070085272848916,2.0008578726148105,-7.301893079369026e-15,4.633623391845608e-15,-0.0,-0.00016700774943569522,-0.00010634891986753287,-0.0005728733785614472
3627,-0.11806228563942801,0.40980899857718056,0.45903669382317813,0.5564408739091434,0.598514539591314,2.0008881665757823,-6.608617983749323e-15,-1.251689916678135e-14,1.873503368377714e-229,-0.00015086852350240185,0.000287021727010144,0.0004850830193729871
3628,0.4166588560085512,-0.47114925695535215,-3.8388056601355762,0.40639076925085027,-0.3222507110922983,1.998997836553441,0.0,-0.0,0.0,0.0,0.0,0.0
3629,0.34709699678531575,0.6001928559000018,-1.281273776275422,-0.00391375647793196,0.7413415382902632,1.9977140464066743,0.0,-0.0,0.0,0.0,0.0,0.0
3630,-0.35528455722537955,0.061349979150659206,-0.9981351676680126,-0.14428391093573123,0.45698799051252703,2.002189250343763,0.0,-0.0,0.0,0.0,0.0,0.0
3631,-0.9666296430523286,0.10633674682691034,-0.7791364313447872,0.25821915862520917,-0.7519756682766175,1.9980866232503027,0.0,-0.0,0.0,0.0,0.0,0.0
3632,0.8514094551546882,0.3566456808947854,-1.6073213611400512,-0.7657760565795406,-0.21837124698814295,1.9985798177468312,0.0,-0.0,0.0,0.0,0.0,0.0
3633,-0.8584867260738618,-0.43512145398522367,-3.786481991737065,-0.9546732787743804,-0.01297442700404748,1.9994893591770102,0.0,-0.0,0.0,0.0,0.0,0.0
3634,-0.16286356798661636,0.09218911855750486,-0.46347627491877685,0.11287441216472557,-0.26765077382186736,1.9980740764655334,0.0,-0.0,0.0,0.0,0.0,0.0
3635,-0.09082767581572665,0.908411223592349,-3.3936853489717844,0.4386074075067512,0.6960516222424201,1.9996070026031818,0.0,-0.0,0.0,0.0,0.0,0.0
3636,-0.22364515415556213,0.08669273012676247,0.4242714665330351,0.3943819246998562,0.6160128926196526,2.0015452312562054,5.006032898848267e-15,2.517406036155138e-16,-1.8675716019550773e-249,0.00011768756206329762,-8.53951432750866e-06,0.00027956978659352097
3637,0.7269513690727828,0.41467323090669156,-0.4371281635046521,-0.31049939307196756,-0.9186049764087008,2.0000996393742914,0.0,-0.0,0.0,0.0,0.0,0.0
3638,0.5224722422125333,-0.4202474718464483,-3.3613959229084633,0.8102036831241242,0.2639091570093861,2.000238015946325,0.0,-0.0,0.0,0.0,0.0,0.0
3639,0.718146608137387,-0.14395972214288516,-4.31999944021509,-0.5502822069133583,0.4377980918213897,1.9997667968295083,0.0,-0.0,0.0,0.0,0.0,0.0
3640,0.9448780310707545,-0.13035511396253785,-1.7050608852829612,-0.08307765220802422,-0.7174523081832028,2.001261806798634,0.0,-0.0,0.0,0.0,0.0,0.0
3641,-0.726908748326492,0.627914088061109,-2.176744502703479,-0.136222474503536,-0.51281526159617,1.9993514345331038,0.0,-0.0,0.0,0.0,0.0,0.0
3642,-0.2813068404662908,-0.5128479807082962,-0.5787384350012268,0.9559950361692557,0.023237023092962595,2.0028879343902317,0.0,-0.0,0.0,0.0,0.0,0.0
3643,0.20912888340373534,0.9324338776567274,-4.136596910725124,-0.11362360786166922,-0.45445993663066986,2.002504874467019,0.0,-0.0,0.0,0.0,0.0,0.0
3644,0.01997181872778883,-0.6156377878114159,-3.110534980591016,-0.9022121577408775,0.13829527305915504,1.9994675551668812,0.0,-0.0,0.0,0.0,0.0,0.0
3645,0.2943422222008901,0.44662853303412275,-2.323680013040909,0.5883611082405712,0.3850432487269662,2.0008872375646423,0.0,-0.0,0.0,0.0,0.0,0.0
3646,0.6184873212027187,-0.20515673375103263,0.3485232403082708,-0.6968481224197001,0.1065944809324508,1.9992599014240142,2.3167319730598085e-14,5.933636721427569e-16,-5.398648730962974e-292,0.0005368505174453069,-2.6383907481592982e-05,0.0006073785095524082
3647,-0.4728584169011444,0.054839134445336446,-0.39537972092372126,0.5670933510923116,-0.41918860366772404,2.001957531553312,0.0,-0.0,0.0,0.0,0.0,0.0
3648,0.08531605802729617,-0.9279893244585902,-2.976263775591325,0.575497842506095,0.3855997044781494,1.9992093298532476,0.0,-0.0,0.0,0.0,0.0,0.0
3649,0.12945611642162233,0.43776683019507384,-4.193098989381667,-0.512104579767576,-0.4636483939765134,1.996164249114808,0.0,-0.0,0.0,0.0,0.0,0.0
3650,0.02128899063464531,-0.06940937550750073,-1.978061513363395,-0.03011619387831817,-0.944639846383951,1.9998511780784598,0.0,-0.0,0.0,0.0,0.0,0.0
3651,-0.1689305441349798,-0.6937636956982195,-1.9007552127774747,0.9564188276981747,-0.23373380995693466,2.001460088953777,0.0,-0.0,0.0,0.0,0.0,0.0
3652,-0.3751045835088265,0.688815769217507,-3.590326551602878,0.9792325343817195,0.06836089968084288,1.9964871343173034,0.0,-0.0,0.0,0.0,0.0,0.0
3653,-0.17139380042982155,-0.7650945633525253,-3.891402832515107,0.19873880450421463,0.36582672000232996,1.9996850082622466,0.0,-0.0,0.0,0.0,0.0,0.0
3654,0.24703242732811603,-0.6940795123323192,0.04452082050971111,0.14120813659643805,0.6208962769775093,1.9975510054200822,5.8013816918761835e-15,1.6261777191241678e-14,-0.0,0.00013323233169027925,-0.00037168980755006276,-0.0004630566214840963
3655,-0.18465761774850262,0.1761024774098746,-0.3050213966626047,-0.6835911714730486,-0.20540519369051335,2.000084551650695,0.0,-0.0,0.0,0.0,0.0,0.0
3656,-0.6395225611677975,-0.6029381272571622,-2.276966064197521,0.07193772842833901,0.8807656759951792,1.9991005897017138,0.0,-0.0,0.0,0.0,0.0,0.0
3657,0.641913527517803,-0.21384198463572782,-3.3370337139179833,0.5689860745303448,-0.34130541623737626,2.000623081024158,0.0,-0.0,0.0,0.0,0.0,0.0
3658,0.30063117758099184,-0.06505723903829297,-4.025826803276486,-0.29404649525497156,0.0025956403007713845,2.0022846325692467,0.0,-0.0,0.0,0.0,0.0,0.0
3659,-0.37722062127027745,-0.4291023278126526,-3.3283697486377197,-0.1583445204945019,0.10857638412301968,2.001728408928991,0.0,-0.0,0.0,0.0,0.0,0.0
3660,-0.4929106554833702,-0.287551134928245,-0.6713865668948852,-0.28492772532104677,0.035085044290386704,2.0018499081731758,0.0,-0.0,0.0,0.0,0.0,0.0
3661,-0.8620513950962442,0.2941941345239851,-3.7121477513448307,0.17861465974282567,-0.44731258307372185,1.999134667523041,0.0,-0.0,0.0,0.0,0.0,0.0
3662,-0.6995172103341741,-0.2501790272095727,0.17616914905050327,0.6486724721345535,-0.4625204962011621,2.000646304658484,-8.879301667835308e-15,1.450366934847763e-14,-0.0,-0.0002034277912723327,-0.00033305095355529174,-0.00032906233814541366
3663,-0.3330217734831893,-0.7917603686280011,-1.7285301887661428,-0.5780880311423195,0.0337463739893718,2.001436952928597,0.0,-0.0,0.0,0.0,0.0,0.0
3664,0.5990243312523146,-0.5316655926764122,-3.5339356514865563,0.04217845259352883,0.45783555316290137,2.0005793819193447,0.0,-0.0,0.0,0.0,0.0,0.0
3665,0.15193293765204663,-0.20849925663400168,-2.972200090720548,-0.19228229476212141,0.20008637668213103,2.0006489675344334,0.0,-0.0,0.0,0.0,0.0,0.0
3666,-0.5399106901382843,0.09432081505296679,0.4657040374386369,0.7237369155211167,-0.4872032297265227,1.999778525341131,-2.2596410890177613e-15,2.6688821513098706e-14,2.486862655350472e-225,-5.0645276572085486e-05,-0.0006222455290603345,-1.8352160499139813e-05
3667,0.46854114821114395,0.5557484441250305,-0.33783444068880325,0.07193264341072876,-0.8535301818250352,2.0008964490387644,0.0,-0.0,0.0,0.0,0.0,0.0
3668,0.6414724268106932,0.3458774033082265,-2.8593065537206708,0.6174023511532293,-0.5135899280102019,2.002000735223045,0.0,-0.0,0.0,0.0,0.0,0.0
3669,0.19635271700940193,0.7479280825038926,0.34504529693268465,-0.6834569614950211,0.3849291656069679,2.001781532007497,4.058900064324187e-15,-2.524457473505133e-14,3.7813948345207616e-294,9.332479411534587e-05,0.0005780707417020637,0.00019721868365332165
3670,-0.1294722064048899,-0.8368987452796544,-1.6190066888581995,-0.4803929663571782,0.5323206549782853,1.9990604075027687,0.0,-0.0,0.0,0.0,0.0,0.0
3671,0.062278336554183404,0.22244375886074594,-3.577222099428504,-0.7499769676345981,0.08790186509002297,2.0015479539512646,0.0,-0.0,0.0,0.0,0.0,0.0
3672,-0.6118893067735949,-0.21385904710855944,-2.4676220487474567,0.9291357556594398,-0.36209428252381554,1.9988778304854051,0.0,-0.0,0.0,0.0,0.0,0.0
3673,-0.7403603259905139,-0.5872715977204371,-3.2394532049508613,0.5071705666361166,0.013873159031062269,1.998748444412495,0.0,-0.0,0.0,0.0,0.0,0.0
3674,-0.542008957688573,0.1896397728848134,-3.6213282155007764,-0.35259395959356377,0.44020946310342385,1.9990279258002537,0.0,-0.0,0.0,0.0,0.0,0.0
3675,0.5152124658678898,0.6985018190798593,-0.5228847024553501,-0.8369040366857209,-0.315582437366997,2.0004133675333966,0.0,-0.0,0.0,0.0,0.0,0.0
3676,0.7666992262338115,-0.11759734834551558,-1.9390947842907071,-0.8098661881374188,0.4615877668442535,1.998133503880235,0.0,-0.0,0.0,0.0,0.0,0.0
3677,-0.9309170629435337,-0.27765048336768977,-2.0802178566477925,0.164725400082268,0.41423745198925377,2.00219308897899,0.0,-0.0,0.0,0.0,0.0,0.0
3678,-0.5200015294092285,0.4050139175983505,-1.2473356680112413,0.4870934278831579,-0.46409814184899756,1.9981408946370842,0.0,-0.0,0.0,0.0,0.0,0.0
3679,-0.06733788205578393,0.35112453816710465,-2.6726221158220116,-0.1085948051103934,-0.4776430944317995,1.9992255506969083,0.0,-0.0,0.0,0.0,0.0,0.0
3680,0.49782764732090784,-0.2935738591457667,0.10756197542033605,0.3389838267141459,0.09207751212617567,1.998425325648314,1.0147453213872595e-14,6.296353004895069e-15,-0.0,0.00023921984830931525,-0.00014765217795169642,-0.0002487183779982208
3681,0.0011867592178993666,-0.5927899449576742,-3.8081142316744687,-0.0644479013316413,-0.8982154365053862,1.9990592291249314,0.0,-0.0,0.0,0.0,0.0,0.0
3682,0.2562267208722289,-0.27552576116347494,0.29296080233532135,0.5004077355982258,-0.404183538476889,1.9981788496776292,1.2029753938600814e-14,3.029266133638242e-14,0.0,0.0002861672342891288,-0.0007069361552004266,0.0001438313352991321
3683,-0.7781212012824956,-0.2879153562431484,0.16270106932471615,-0.09839795810562758,0.7112393904131779,1.997582688435965,-2.0154583247162424e-14,1.6623658077220493e-14,-0.0,-0.00046264408548651284,-0.00038248951779578543,-0.00041334249804859534
3684,-0.4420615197708932,-0.0019545470227192684,-4.333382455970307,-0.18044693126666744,-0.6476250280759437,2.001155702514083,0.0,-0.0,0.0,0.0,0.0,0.0
3685,-0.11174715622561898,0.9140946967494518,-4.1933427227593985,0.671725068579263,-0.3340021361860606,2.00206993279101,0.0,-0.0,0.0,0.0,0.0,0.0
3686,0.3471253094647182,0.6628593993632689,-3.6936815599239736,0.06064370958665088,-0.29419423496944347,2.001610622316795,0.0,-0.0,0.0,0.0,0.0,0.0
3687,0.35000200040346485,-0.4184315760140987,0.079070931047323,0.4810671328985069,-0.5286410673999828,1.9997208661627341,2.6575976931609065e-15,1.2670334854101625e-14,-0.0,6.461179007186818e-05,-0.0002899255062504548,-0.0004829933136861872
3688,-0.05399940002292264,-0.12313683131622939,-4.451158978889,-0.9351084127298582,0.30791426445490505,1.9984038635949635,0.0,-0.0,0.0,0.0,0.0,0.0
3689,-0.19375502357412486,0.9333649471773829,-2.0497236262752345,0.6150761274590045,-0.08664559172676119,1.995758020614704,0.0,-0.0,0.0,0.0,0.0,0.0
3690,0.44412763755763374,-0.6740442861763244,-4.045498452456867,-0.4125146521425801,-0.8344755492899694,1.9995003600815815,0.0,-0.0,0.0,0.0,0.0,0.0
3691,0.41946564268094133,-0.21726064918861243,-2.496434708410689,-0.21743180477544638,0.16850630528257435,2.003108999481914,0.0,-0.0,0.0,0.0,0.0,0.0
3692,-0.03578590482414933,0.8459084725530972,-1.0686294555633329,-0.46178685531882746,0.7935343395418094,2.0001852090933405,0.0,-0.0,0.0,0.0,0.0,0.0
3693,-0.49994678784256424,-0.7770030387815082,-1.587562189214719,-0.47107565788177946,0.1435720459886722,2.0001811312317446,0.0,-0.0,0.0,0.0,0.0,0.0
3694,-0.6206617036027607,0.7807893928540097,-1.4019243118883302,-0.5474943359021577,-0.39748474560701635,2.002301695222031,0.0,-0.0,0.0,0.0,0.0,0.0
3695,0.12111569699406764,-0.5947610762750603,-2.8296763994320315,0.32257747071578935,-0.0988861373499133,1.9988185939449137,0.0,-0.0,0.0,0.0,0.0,0.0
3696,-0.16233056672032226,0.9236448178679612,-2.1779731893052494,-0.05768250110039932,0.32704074194140653,2.002894484917641,0.0,-0.0,0.0,0.0,0.0,0.0
3697,-0.20207601837674058,0.5985441386149135,-0.703549313630022,0.6493859667713006,-0.29802792331582145,1.9993026698997642,0.0,-0.0,0.0,0.0,0.0,0.0
3698,-0.09105957592093702,0.008704717595317046,-0.19491149482275363,0.7265544897308513,0.07984429719215903,2.000306425163985,0.0,-0.0,0.0,0.0,0.0,0.0
3699,-0.459241467852299,0.4622405746022078,-1.2092925244766493,0.1256069327491921,0.5265583097174308,2.0027234361827717,0.0,-0.0,0.0,0.0,0.0,0.0
3700,-0.2299609511795426,0.39753887369771207,0.06962365963587218,-0.4736740728414144,-0.26597416865436607,2.0007262576758023,-7.569929223850875e-15,-1.6520548697213094e-14,-0.0,-0.0001727585515191655,0.0003763288026354865,-0.0004130783584414255
3701,0.5789584150996333,0.19208049989796308,-3.559506057623349,0.4754170008452137,-0.6390866183598007,2.0027739491421874,0.0,-0.0,0.0,0.0,0.0,0.0
3702,-0.5613957473188744,-0.4198776723300318,0.25870908464585113,0.5943823944608282,-0.40196801968665324,2.001982207167167,-1.8385855270220822e-14,9.109889037490695e-15,-0.0,-0.0004212338672424398,-0.00020873603098692426,-8.604473801394805e-05
3703,-0.690370726796752,-0.38362546221331667,-0.9091219637681607,-0.396726307999194,-0.415921756867912,2.000071348498095,0.0,-0.0,0.0,0.0,0.0,0.0
3704,0.7827324106644392,0.40635282521755883,-4.4078311799248775,0.622856116160256,-0.6781720307184587,2.0004520208618977,0.0,-0.0,0.0,0.0,0.0,0.0
3705,-0.9781128497348636,0.13837108413100893,0.009827151901185084,0.5109548269858238,-0.0896547619302593,1.9999426633038042,-2.2948164707740595e-14,-2.9132270211383393e-15,-0.0,-0.0005267819455887813,6.717475117157254e-05,-0.0003730439112815491
3706,0.29547322112314495,0.2610131596563958,-0.9942854500783067,0.5578804739769936,-0.14724234140200643,1.9988990282279804,0.0,-0.0,0.0,0.0,0.0,0.0
3707,-0.6609698886047718,-0.6642778532389255,-0.4596038273567046,0.2318339592901147,0.24793958836067492,1.9970758267210535,0.0,-0.0,0.0,0.0,0.0,0.0
3708,0.7379513022733427,-0.3155772588790569,-2.503838694231409,0.2198165410750124,-0.93355660465119,1.999659759345487,0.0,-0.0,0.0,0.0,0.0,0.0
3709,-0.4185222920180543,0.0023141997907669986,-1.2809872317303848,-0.33896211677859794,-0.870372027069748,1.9996414827391191,0.0,-0.0,0.0,0.0,0.0,0.0
3710,0.19611910509454858,0.0019488695226901468,-4.236475032544563,0.46496835454031377,0.059278209118205624,2.000373816124332,0.0,-0.0,0.0,0.0,0.0,0.0
3711,0.7614746426848753,-0.11418963202966269,-0.684122843877285,-0.8278945951216827,-0.16878047164639454,2.000039768375377,0.0,-0.0,0.0,0.0,0.0,0.0
3712,-0.9387581297766189,-0.15931505202092958,-3.8636247560769514,-0.3061790622871737,0.36121684431877804,1.998686947705593,0.0,-0.0,0.0,0.0,0.0,0.0
3713,-0.5046150044656283,-0.10371595016483827,-2.9665762767213772,0.7604558875043406,0.2716274570828557,1.9976764847649273,0.0,-0.0,0.0,0.0,0.0,0.0
3714,-0.36683541325314234,0.1096548014234525,-0.8795408798564349,-0.4314312031749436,0.4302119295412557,2.0004753623160716,0.0,-0.0,0.0,0.0,0.0,0.0
3715,0.7310239771985904,-0.49142213034178556,-2.6917937765656372,-0.164899656599644,0.19594031821007032,1.9987421328457586,0.0,-0.0,0.0,0.0,0.0,0.0
3716,-0.7994759370840882,-0.33650527097336164,-1.7338427619932193,0.5951483918560821,-0.27263205668480744,2.0045487851530646,0.0,-0.0,0.0,0.0,0.0,0.0
3717,0.3977112947040711,0.05028552790704214,-2.485079340567427,0.8302420150415055,0.05599177173118729,1.997246018641805,0.0,-0.0,0.0,0.0,0.0,0.0
3718,-0.26821062134315937,-0.3153052124125072,-4.380799676338556,0.7233798415097695,-0.6459381458398299,1.9985331722618815,0.0,-0.0,0.0,0.0,0.0,0.0
3719,0.07933838780922273,-0.18433841759546188,-0.4871730021750119,-0.0450467842490282,0.9893076313951116,2.0008155432197086,0.0,-0.0,0.0,0.0,0.0,0.0
3720,-0.6541857536942238,-0.2907389551500038,-3.5209604418186013,0.11437921035604266,0.6492597500974286,2.0026770540935255,0.0,-0.0,0.0,0.0,0.0,0.0
3721,-0.47483821966996465,0.1938058301508042,-1.0246399387749912,-0.349109406036112,-0.866547385836386,2.0000444513087916,0.0,-0.0,0.0,0.0,0.0,0.0
3722,-0.6904291509444382,0.4423279423806254,-2.7771914053715308,0.6545522370790035,0.3814869544898959,1.9999720369237506,0.0,-0.0,0.0,0.0,0.0,0.0
3723,-0.06356255860805902,0.6056854904650368,-4.108274643088388,-0.0162293726102286,-0.8769568666341143,2.0030596312745788,0.0,-0.0,0.0,0.0,0.0,0.0
3724,-0.2752637400713444,0.8749160108844057,-0.29015073645731926,-0.3067018354186899,-0.04806049952482883,1.9990329549184251,0.0,-0.0,0.0,0.0,0.0,0.0
3725,-0.3715267001852397,-0.07634847857838137,-2.189925802596045,0.0031981985928534306,-0.04467873893830261,1.9994105352881875,0.0,-0.0,0.0,0.0,0.0,0.0
3726,0.5712817635341934,-0.41949764201888845,-2.1175295745674463,-0.2652760161154511,-0.49197215962992236,1.99885089205357,0.0,-0.0,0.0,0.0,0.0,0.0
3727,0.9226245569154649,-0.19022913885403595,-0.009333995713467026,0.3724070691567639,-0.1580229461013399,2.0026813624225013,0.0,-0.0,0.0,0.0,0.0,0.0
3728,-0.5003445105914865,0.8425997340025541,-3.0082335195575713,0.06033337981424946,-0.4450239272322644,1.9999755769139722,0.0,-0.0,0.0,0.0,0.0,0.0
3729,0.2567360458803618,-0.8198622499671323,-4.086386581127007,-0.5008819427231067,0.1743531338109297,1.9992426411358988,0.0,-0.0,0.0,0.0,0.0,0.0
3730,0.19269713873725028,-0.7630975785072835,-2.1553979443447435,0.7419453341354035,-0.3301285727274017,2.0005005093755015,0.0,-0.0,0.0,0.0,0.0,0.0
3731,-0.6046596722486647,0.35184897966597684,-1.161107014521192,-0.3016311777174371,0.029068980443537156,1.997205938242799,0.0,-0.0,0.0,0.0,0.0,0.0
3732,-0.7451993581552692,-0.397396992260874,-1.3713407244820803,-0.05403844846610827,0.36953336715328056,2.0021149262790248,0.0,-0.0,0.0,0.0,0.0,0.0
3733,-0.024432055490415213,-0.7284485219439057,-1.4905724501332895,-0.4668316746180717,-0.34456892506002745,1.9986592124835942,0.0,-0.0,0.0,0.0,0.0,0.0
3734,-0.1860506166883431,-0.3662270873313404,-0.9151427533193381,-0.35854382741074897,0.13381766700342376,2.0035403330399304,0.0,-0.0,0.0,0.0,0.0,0.0
3735,0.17523040150282435,-0.6516594645363412,-1.1563538807947948,-0.7089531395182447,0.4446332102481223,1.9968834378098261,0.0,-0.0,0.0,0.0,0.0,0.0
3736,0.6612766847295803,-0.4260303600331643,-1.422176524120171,0.6912749243130579,0.4235955389911657,2.0004930864532287,0.0,-0.0,0.0,0.0,0.0,0.0
3737,0.27348477215838435,0.47889985213366143,-2.104041331289594,-0.48707174822298155,-0.29245026650132405,1.9982565447521516,0.0,-0.0,0.0,0.0,0.0,0.0
3738,-0.9138505043231882,-0.10933486263032187,0.010154652327121384,-0.5393016014079796,0.20923955086800805,1.9998047790796938,1.3189883664967208e-14,-1.065458763200424e-15,-0.0,0.000298514122706109,8.331683899490958e-06,-0.0004753749757559053
3739,-0.009039471171513696,0.8548047414740765,-3.610234521318474,-0.4232643276967194,-0.5821354233774035,2.00020820765202,0.0,-0.0,0.0,0.0,0.0,0.0
3740,-0.30921095556474815,0.8175654162897459,-0.5350352523854177,-0.43091102212960086,-0.6549226196695943,1.998947676226851,0.0,-0.0,0.0,0.0,0.0,0.0
3741,-0.24938673919176357,0.9536420387013126,-3.166426965456305,0.3573520864051217,-0.8580331844458821,2.0024119295706893,0.0,-0.0,0.0,0.0,0.0,0.0
3742,-0.7915657234343259,-0.492263625529829,-4.307946737207328,0.7770671582786801,0.3295809330483226,2.0006640344833886,0.0,-0.0,0.0,0.0,0.0,0.0
3743,0.08704237891730585,-0.6444788662718256,-0.5466293115308578,0.6680190750917157,-0.3192561255291775,2.0014905237827745,0.0,-0.0,0.0,0.0,0.0,0.0
3744,-0.1640467889836429,0.23570369343191164,-0.6237456786023305,0.37467601953828417,0.538991157103398,1.9992700919815456,0.0,-0.0,0.0,0.0,0.0,0.0
3745,-0.863920727404071,-0.2838528004027628,-1.4330381655040072,0.3078587819204736,-0.7934657851426575,1.9983336673107652,0.0,-0.0,0.0,0.0,0.0,0.0
3746,-0.7500808021883371,0.5402588234824345,-1.999886564419766,0.9219956376634503,0.00029191483566245536,2.0010837422286216,0.0,-0.0,0.0,0.0,0.0,0.0
3747,-0.4770080555625644,-0.6383397107260985,-1.3162851047438422,0.44381642407091476,0.8714840927396921,1.99896769692908,0.0,-0.0,0.0,0.0,0.0,0.0
3748,-0.6057445202939251,-0.24956227890383073,-0.17111534402647002,-0.259725908065024,0.7880702769888641,2.003693410163913,0.0,-0.0,0.0,0.0,0.0,0.0
3749,-0.29199012448938794,-0.5057359046444413,-3.6502459088880346,-0.5155152092936143,-0.8398398223742028,1.9981346607749164,0.0,-0.0,0.0,0.0,0.0,0.0
3750,-0.06886253085909431,0.2821485074961802,-3.076235497894382,-0.33832124362067645,0.6501072510904723,1.9989344040444255,0.0,-0.0,0.0,0.0,0.0,0.0
3751,0.3020569123965659,0.16023649938028622,-0.6221136319108959,-0.4269624708566335,-0.15333354143062358,2.002733149356243,0.0,-0.0,0.0,0.0,0.0,0.0
3752,-0.33519631148392043,-0.41980607882209986,-1.363494377859934,0.47941203598611515,0.7273817339470132,2.000736014201695,0.0,-0.0,0.0,0.0,0.0,0.0
3753,0.25583133415136305,-0.2517344736051727,-0.7838502804976482,0.16838819046581066,0.7985248381478867,2.002212044625145,0.0,-0.0,0.0,0.0,0.0,0.0
3754,-0.2656405915876502,0.840402446164405,-3.4014085173023374,-0.16245403702966554,0.4397750322394679,1.999901376312579,0.0,-0.0,0.0,0.0,0.0,0.0
3755,-0.45869707413330546,0.8640927322421473,-4.262231039153889,0.4905519000206705,-0.30103780998963753,2.0004214693924323,0.0,-0.0,0.0,0.0,0.0,0.0
3756,0.18941819439134988,-0.7430889332047129,-2.975312722988462,0.5390193707929211,0.28535357524042587,2.003115580556975,0.0,-0.0,0.0,0.0,0.0,0.0
3757,-0.2403599593153603,-0.866141580577363,-1.1734021212928183,0.04993752960122403,-0.8869365755122858,2.0031226599208707,0.0,-0.0,0.0,0.0,0.0,0.0
3758,-0.9089780836492242,0.06761446490094777,-0.6864237206238508,-0.49646248411403626,0.2716900118279859,1.9985242086331731,0.0,-0.0,0.0,0.0,0.0,0.0
3759,0.39733242182927625,-0.485254169760379,-0.4935525609791829,0.6764389135782691,0.5126708653847034,2.0001902206792472,0.0,-0.0,0.0,0.0,0.0,0.0
3760,-0.511715665407576,-0.4647155447471822,-1.03251991713608,-0.5901742822484335,-0.5700208501708435,2.000529011408415,0.0,-0.0,0.0,0.0,0.0,0.0
3761,-0.25462850588013736,-0.36808601901645105,-2.26933462922157,0.6268922909153056,0.6518180957966461,1.9995224892324626,0.0,-0.0,0.0,0.0,0.0,0.0
3762,0.6657060535481244,0.05909172875267485,-0.18988373454828736,0.17786585358371645,-0.5633280605469554,1.9985031525192982,0.0,-0.0,0.0,0.0,0.0,0.0
3763,-0.15240751526781438,-0.5821574961020748,0.2660329471441194,0.36533717655667813,0.08062274555988144,2.0008742761174294,-1.0691212440091027e-14,1.7785098882843665e-14,0.0,-0.00024395158385543764,-0.0004084190715757513,4.658039127152667e-05
3764,-0.4049313935761743,-0.262269857698265,-4.127208137636229,0.3305152408574057,0.8216867127492887,1.9976823528256187,0.0,-0.0,0.0,0.0,0.0,0.0
3765,-0.9511214183513158,-0.2549114615493202,-1.3734176260257087,-0.13845377584399196,0.7221561598418594,1.9991673855615315,0.0,-0.0,0.0,0.0,0.0,0.0
3766,-0.07182215601598206,0.0687950396602455,-0.11279748781884472,-0.5705132807029393,-0.2764465487984479,1.9979760302577678,0.0,-0.0,0.0,0.0,0.0,0.0
3767,0.5297782442062805,-0.07233775818910372,-1.4682100835239942,0.2876531163576612,0.21438606525931725,1.9965080478820276,0.0,-0.0,0.0,0.0,0.0,0.0
3768,0.5664504414856598,0.5046838091801628,-3.896695524179544,-0.7468576881801279,-0.3263156297294113,1.9986232031660016,0.0,-0.0,0.0,0.0,0.0,0.0
3769,-0.37545085982055687,-0.3635862478563542,0.2236321880954082,-0.42340015126086983,-0.4026213226953691,1.9935692142155117,-1.2576144941717704e-14,1.5380418255945612e-14,0.0,-0.00028939752584892424,-0.000354044317370083,0.00010380963429677104
3770,0.9170617784371313,0.2834007959770305,-2.9010207131286823,-0.0926446979014226,0.8610620721075135,2.000476831427358,0.0,-0.0,0.0,0.0,0.0,0.0
3771,0.5320143529971333,-0.43656477316513065,-1.306428664754141,0.5963883023014942,-0.7844356752389589,1.998576846355497,0.0,-0.0,0.0,0.0,0.0,0.0
3772,0.1021639856872398,0.6108062303764586,-2.1873757148880837,0.10091253157112465,0.09557818696577228,1.9995854461597928,0.0,-0.0,0.0,0.0,0.0,0.0
3773,0.5281449774295253,-0.5750055574883405,-0.739820199707992,0.058650246445161106,0.10953354243802638,2.001605369502441,0.0,-0.0,0.0,0.0,0.0,0.0
3774,0.2515015177307962,-0.5589148226487977,-0.47296372340216836,0.22853151338239627,0.3745255419654171,1.9994159048907054,0.0,-0.0,0.0,0.0,0.0,0.0
3775,0.21778401456301424,-0.5596178740987171,-1.4319538871101605,0.09798405344687203,0.2645266167090442,2.0007241159437665,0.0,-0.0,0.0,0.0,0.0,0.0
3776,0.8299895867276974,-0.08649795490513938,-0.4164907844283135,-0.7589974076183004,-0.281006582297997,2.0011111535224795,0.0,-0.0,0.0,0.0,0.0,0.0
3777,0.4434112741751507,-0.6352926330117293,-1.66378567149159,-0.20100225574706493,0.06820165551802532,2.0015835600217393,0.0,-0.0,0.0,0.0,0.0,0.0
3778,0.039887687597659593,-1.0232051560937492,0.3519401783084451,0.22447511114978047,-0.16440771335830387,1.9990356605978763,-1.1182485264456482e-14,2.7413556782193677e-14,7.704092642491109e-291,-0.0002561240857301489,-0.0006301239077513903,5.601820379039286e-05
3779,-0.23775415653447513,0.6109361453160368,-2.27788374046272,0.1492001105900831,0.49465964102967097,1.996253906136011,0.0,-0.0,0.0,0.0,0.0,0.0
3780,0.6903191216917447,-0.6125292337509384,-3.241286165008797,-0.20475870514647768,0.8073793622831604,1.9980028247834303,0.0,-0.0,0.0,0.0,0.0,0.0
3781,0.9687587361153949,-0.1281641587314631,-1.176211049507587,0.5869479523887123,0.8044168445234302,2.0002756801986767,0.0,-0.0,0.0,0.0,0.0,0.0
3782,-0.29220803938594037,0.4551072892429493,0.26749201742966366,-0.7325044183621298,0.38932597666195173,1.99690042646849,-3.7723767295230466e-15,-5.060147419313942e-15,0.0,-8.667492643994863e-05,0.00011721771257572824,0.0001909934594553012
3783,-0.48220793095482306,0.1215662780841385,-0.856730188145332,-0.6273985477276852,-0.2199990416749059,1.997733285244165,0.0,-0.0,0.0,0.0,0.0,0.0
3784,0.1505437031728467,-0.9691884869233035,-1.474771334938444,0.30178701146463255,-0.0561330646972279,2.002058395707955,0.0,-0.0,0.0,0.0,0.0,0.0
3785,-0.7537469850818178,0.009459802513211307,-2.0704803487713423,0.09609024280145868,0.946629019388876,1.998305999330587,0.0,-0.0,0.0,0.0,0.0,0.0
3786,-0.44194445503822993,0.884490504459455,-1.4719271626472,-0.8772921329419511,0.1613809299382899,1.9989170750211964,0.0,-0.0,0.0,0.0,0.0,0.0
3787,-0.3826083584968463,-0.8362611760567706,-3.325770469138038,0.11123818482639854,0.8470764518394805,2.0004629527280207,0.0,-0.0,0.0,0.0,0.0,0.0
3788,0.6479304532241634,0.427984752677763,-2.439592950810857,-0.22840951322057593,0.16757498151812442,2.0000028815279154,0.0,-0.0,0.0,0.0,0.0,0.0
3789,-0.15870646766546806,0.9232453622170442,-4.261704145542982,-0.5450463886232823,-0.09698085571680413,1.999158986691215,0.0,-0.0,0.0,0.0,0.0,0.0
3790,0.24913342040101152,-0.08096820228494526,-2.6261514195408027,0.7606399925319257,-0.6315637620913114,2.000814926370568,0.0,-0.0,0.0,0.0,0.0,0.0
3791,0.6416039349253562,0.06992321950030989,-4.29594533781401,0.000960458943286921,0.29465475560889215,1.9979389418039146,0.0,-0.0,0.0,0.0,0.0,0.0
3792,0.8828357181540517,0.2994210510754325,-3.4504529202027148,-0.32269074756093125,-0.810273826381373,2.002703895826674,0.0,-0.0,0.0,0.0,0.0,0.0
3793,0.14787045750859654,0.5039468159779057,-2.984892243655039,0.350455083844871,0.3301212589606447,1.9988853572865297,0.0,-0.0,0.0,0.0,0.0,0.0
3794,-0.16305663741312196,0.106633186323484,-1.1850438572778237,0.2559865253996405,0.5108400169192414,1.9996441551902857,0.0,-0.0,0.0,0.0,0.0,0.0
3795,0.4901320086139819,0.21085954316010125,-3.1208585941129954,0.9210375490539724,-0.054525497546319066,2.0023088616592535,0.0,-0.0,0.0,0.0,0.0,0.0
3796,-0.10023120636159094,0.8382234811976831,-0.09886348431965092,-0.16494691419820065,-0.6272894876928456,2.0013849335076697,0.0,-0.0,0.0,0.0,0.0,0.0
3797,-0.6804010046398471,-0.43562317540118606,-2.924575584233466,-0.67744292410476,-0.48567104848790943,1.9977448666688535,0.0,-0.0,0.0,0.0,0.0,0.0
3798,0.09626853556479688,0.5313978363734774,-0.43336032748730047,0.3870915099454297,0.20450634669387396,1.9975660242585869,0.0,-0.0,0.0,0.0,0.0,0.0
3799,-0.19433634636772398,-0.3676111711632292,0.2685551513973376,0.15568540241833395,0.949865613377715,2.0001483962519337,-5.198078878625766e-15,8.590451089949111e-15,0.0,-0.00012195380257948734,-0.00020023674117077987,7.81070525041699e-05
3800,-0.0018882319283452355,-0.6005866518266604,-3.9213935128477266,0.4314982818328189,-0.859664236041626,1.9986834455429023,0.0,-0.0,0.0,0.0,0.0,0.0
3801,0.7936741625372461,0.1490648970080904,-3.1122358638604988,0.2244377520197308,-0.1354449870371886,2.003649713483908,0.0,-0.0,0.0,0.0,0.0,0.0
3802,-0.23846695525170425,0.5832884474683367,-2.772588011648979,-0.3000351961190753,-0.2231046917611566,1.9975972095334875,0.0,-0.0,0.0,0.0,0.0,0.0
3803,0.5394065751225094,-0.07510328481028794,-3.3109700097039374,0.30254415080875285,-0.49991084346790154,2.0010536733148685,0.0,-0.0,0.0,0.0,0.0,0.0
3804,0.8861548666450159,0.31249394354743765,0.11569248252107409,-0.46882900390307475,-0.49372374718083606,1.9987204110579748,1.9539933232059216e-14,-1.5742488457833634e-14,-0.0,0.00045076467146524043,0.00036030709416759536,-0.00022459130896982163
3805,0.4232815017684626,0.5672835797947416,-3.2285688028838564,0.8857927255645084,0.42554551061894086,1.9978569622452924,0.0,-0.0,0.0,0.0,0.0,0.0
3806,-0.24734893418780893,0.4411036718485971,-0.8433544532658626,-0.8480712755436515,-0.339065247793739,2.0024716066996087,0.0,-0.0,0.0,0.0,0.0,0.0
3807,0.5050306618851751,-0.6158071743348928,-3.0873793672383494,-0.7166330948817401,0.15512977015349008,1.9977551396210773,0.0,-0.0,0.0,0.0,0.0,0.0
3808,-0.17668267282738503,-0.5454411217018691,-2.1783914608857344,0.009591808618714125,-0.5772897627010508,2.002310072278683,0.0,-0.0,0.0,0.0,0.0,0.0
3809,-0.1771490917235482,0.06991689069056649,-0.7370607307453108,-0.3423874906660419,0.23758862685460436,2.0012558971830203,0.0,-0.0,0.0,0.0,0.0,0.0
3810,-0.682318121456374,0.2296483349307343,-2.2820120839025857,0.09367720103281253,0.43856955545769355,1.996261742345386,0.0,-0.0,0.0,0.0,0.0,0.0
3811,-0.16560704315306454,0.02383426780468011,-1.9914489740684704,0.00850338425428998,-0.38492466528500513,1.9997416624216247,0.0,-0.0,0.0,0.0,0.0,0.0
3812,0.19637629751058971,0.37816009164215264,-2.3554561243197933,0.04218631492659257,0.1663225133575884,1.9985947128384218,0.0,-0.0,0.0,0.0,0.0,0.0
3813,-0.7480591715978753,-0.5396218960151494,-1.4812044537781393,0.7721847338320136,0.0076456997592463235,2.0037265888900677,0.0,-0.0,0.0,0.0,0.0,0.0
3814,0.2260474068325395,0.645270882377716,-2.889284803622349,0.0043578987895973075,-0.8465721550238048,2.0009493837958487,0.0,-0.0,0.0,0.0,0.0,0.0
3815,-0.6572395822171737,0.1885559728123412,-3.1941649087864845,-0.16086491455073457,-0.21521707118921907,2.0006544271094726,0.0,-0.0,0.0,0.0,0.0,0.0
3816,0.2746155719861035,0.2432841143597386,-1.1721902129436519,-0.956093475536931,-0.15585496224244386,2.003175563068374,0.0,-0.0,0.0,0.0,0.0,0.0
3817,-0.7277545259812239,0.5576388203567187,-2.0337987906408395,-0.7534190639178863,0.4279881443479285,1.9989983053478675,0.0,-0.0,0.0,0.0,0.0,0.0
3818,-0.42790777280073966,-0.41166371496807297,-2.801666299314113,-0.6057612524654167,0.13607628269157115,1.9993940316450505,0.0,-0.0,0.0,0.0,0.0,0.0
3819,-0.83592989110833,-0.023632046983188115,-0.501299131921901,0.2508777985433367,-0.4829000185709718,2.001388766955934,0.0,-0.0,0.0,0.0,0.0,0.0
3820,-0.11561626218424517,-0.7166619564116012,-1.919301079347743,0.8597771936321189,0.16902290853303273,1.9994853600982327,0.0,-0.0,0.0,0.0,0.0,0.0
3821,-0.09216950100908904,-0.7221118737993066,-1.2367897865786817,0.11002207011310995,0.8575223020241457,2.0041315419877415,0.0,-0.0,0.0,0.0,0.0,0.0
3822,-0.9029718297467365,0.3480244227443558,0.1694331540687669,-0.9212362241335493,-0.013355985735389195,1.9989035375995166,-2.939350380955777e-14,-5.252023556114606e-15,-0.0,-0.0006757336068617573,0.00012058216193543555,-0.00013325833883854335
3823,0.7406093183800598,-0.25001622428196374,0.35206810121172416,0.08486764498266486,0.8600592864717782,1.9974595675672477,1.7640110891677962e-14,6.858438616704518e-15,-5.0045699613826794e-290,0.00040461389385314993,-0.00015865509795570632,0.0002506690991493913
3824,-0.9475097379801877,-0.162918366280283,-4.020612416483688,0.10977338534820562,-0.7222276910089369,1.9980297343826814,0.0,-0.0,0.0,0.0,0.0,0.0
3825,-0.2440665322494477,-0.38795237471010197,-1.1086828125028039,-0.818235324811569,0.44332016417848763,2.000252394174107,0.0,-0.0,0.0,0.0,0.0,0.0
3826,-0.2397938584582835,-0.07819951472868833,-3.2388204546878314,-0.4337000041474065,-0.30558234631264053,2.0004923011515605,0.0,-0.0,0.0,0.0,0.0,0.0
3827,-0.8383038440822296,0.3502704075477382,-4.0416354986713054,-0.6376145666721911,-0.3092993858674149,1.996687542179926,0.0,-0.0,0.0,0.0,0.0,0.0
3828,0.031506762837978555,0.49095486246877545,-3.4144442323053608,-0.271864023617826,-0.8694252069337056,1.9978487553936815,0.0,-0.0,0.0,0.0,0.0,0.0
3829,0.38424869146598833,0.7303239680687627,-0.2579157485089331,0.544105539464334,-0.46874843588854825,1.9985729108600965,0.0,-0.0,0.0,0.0,0.0,0.0
3830,0.09368842122944342,-0.4152903661045047,-2.1096131121781014,0.0038232343998881244,-0.5968108820633805,2.0007438661112453,0.0,-0.0,0.0,0.0,0.0,0.0
3831,0.30196044233601094,-0.26794914679411813,-1.4955368954519936,0.7648172761435882,0.09636948199972807,2.0018008952268276,0.0,-0.0,0.0,0.0,0.0,0.0
3832,0.1794381673501254,-0.14813952910987946,-3.4248900624046876,-0.6221456386430874,0.5981859095611165,1.9999703723923614,0.0,-0.0,0.0,0.0,0.0,0.0
3833,-0.09141676280164947,-0.5890109569282046,0.19031538479684046,0.2984178471116624,-0.17732713227940097,2.002092050991272,-5.524825591495395e-15,1.750009638269362e-14,-0.0,-0.00012652188661261814,-0.0004021427544060628,-0.00016469675030081563
3834,-0.2989868000105976,0.7356778824344602,-0.3426015000175429,0.5921020979666839,0.21152646226477953,1.9991412656899856,0.0,-0.0,0.0,0.0,0.0,0.0
3835,0.5281506606578101,-0.7126759754574603,-3.7170585094639246,-0.027025076427040832,-0.005354356405762746,1.9996021638572883,0.0,-0.0,0.0,0.0,0.0,0.0
3836,-0.05775920857206802,-0.0772439819482455,-0.7580432041596851,0.9458741978083283,-0.14920055003039046,1.9974167939179732,0.0,-0.0,0.0,0.0,0.0,0.0
3837,-0.7590278489675726,-0.1339869101642708,-3.4337695383572204,0.3261967024197529,0.5425713560502595,2.0014291841393708,0.0,-0.0,0.0,0.0,0.0,0.0
3838,-0.5128519772961023,0.22879600983209333,-1.6934078881754644,-0.13243384716441922,0.26707079703157816,2.0032477724413904,0.0,-0.0,0.0,0.0,0.0,0.0
3839,0.7894194066844159,-0.4918340472923428,-2.1699609584426893,-0.04648708203204209,0.1440020277701279,2.000936269810055,0.0,-0.0,0.0,0.0,0.0,0.0
3840,-0.5530332859102765,0.7392150647697686,0.4718467102480036,-0.47761797426123476,-0.14457619149037945,2.000621842715908,1.5293591945117823e-15,-2.0772600170005014e-14,1.1213554459400116e-221,3.3912011421478004e-05,0.0004765675218118987,0.0003146660366387459
3841,-0.17463727146401073,-0.3875418231655033,-1.3441571745942298,0.5043633353766411,0.7243510717707062,1.9971451395972892,0.0,-0.0,0.0,0.0,0.0,0.0
3842,-0.15124802761882364,0.8507952693233126,-2.014201695821017,0.25225021357162075,-0.6390350114827169,2.0003639868573715,0.0,-0.0,0.0,0.0,0.0,0.0
3843,0.3391393405116378,-0.6305816810023746,-0.6339579778039192,0.09417060257364782,-0.5570733100583267,1.99986919086933,0.0,-0.0,0.0,0.0,0.0,0.0
3844,-0.8690742101024186,-0.06215146301166776,-1.0489652916685013,-0.5607488921051696,0.25411326710988963,1.999249697969504,0.0,-0.0,0.0,0.0,0.0,0.0
3845,0.2984328303321753,-0.7934820660476016,-0.6156711448012329,-0.17995171204456825,0.07201171245120441,1.9986934405996655,0.0,-0.0,0.0,0.0,0.0,0.0
3846,0.9650564357399527,0.027879775988874537,-3.7471805893903714,0.6346555401285194,-0.7707128320288669,1.9959028277995736,0.0,-0.0,0.0,0.0,0.0,0.0
3847,0.08223230733153625,-0.9680107261330433,-0.4185131725406818,0.8463574033021694,0.3480230034491152,2.000701812259902,0.0,-0.0,0.0,0.0,0.0,0.0
3848,0.4608801338473479,0.7237113795351697,-2.2839546531563424,0.6244287088269069,0.013011800030399947,1.9955033419326513,0.0,-0.0,0.0,0.0,0.0,0.0
3849,-0.6586622922637756,-0.05196176028000386,-2.4517562788216596,-0.44303182246060474,0.6068928554624661,2.00333077986544,0.0,-0.0,0.0,0.0,0.0,0.0
3850,-0.3182268321931048,-0.30428742057855623,0.20129877021309317,-0.25000143118086005,-0.6426512233710573,2.005804533365373,1.018889225793058e-15,-1.493544196779541e-15,-0.0,2.468133861498223e-05,3.3904933417450374e-05,-0.00015541813518673745
3851,-0.2853366235505145,-0.47147127406560513,-1.6327838551816136,0.7595871528309579,0.5010819544704136,2.0011537732705533,0.0,-0.0,0.0,0.0,0.0,0.0
3852,-0.2871483778750391,0.45351910752586244,-2.884061601830586,0.05976034934591187,0.268750314466912,2.0023048023481933,0.0,-0.0,0.0,0.0,0.0,0.0
3853,0.8109438585543005,0.09749323318263786,-0.48043869460523947,-0.3511131853295125,-0.34901811088015905,2.0001881810492943,0.0,-0.0,0.0,0.0,0.0,0.0
3854,0.6572325783835109,0.6089327960890728,-3.4142839056111978,-0.08513989372499205,-0.6914114738757993,1.99730248612106,0.0,-0.0,0.0,0.0,0.0,0.0
3855,-0.7988795556668341,0.16215168303736083,-0.8735524172161261,0.9484501709477656,-0.04424328012010054,1.9969435318639395,0.0,-0.0,0.0,0.0,0.0,0.0
3856,0.6589412489269433,-0.21646465763585265,-1.1266238493846152,-0.3575267322003184,0.31474018619969146,1.9988320708889922,0.0,-0.0,0.0,0.0,0.0,0.0
3857,0.22498582349384563,0.24063418781199716,-1.8805180818291436,-0.082042729500658,-0.5856295824430323,2.0003106271855575,0.0,-0.0,0.0,0.0,0.0,0.0
3858,0.21326736407886315,-0.6290151737258204,-4.003791906631559,-0.6880651758199404,-0.14381556085835928,2.000422615039333,0.0,-0.0,0.0,0.0,0.0,0.0
3859,0.47170130688489526,0.5726632824271313,-2.3009070673290304,0.005680897993622877,0.26152466940354024,1.997338147344346,0.0,-0.0,0.0,0.0,0.0,0.0
3860,0.1767616863887921,0.4133184147086862,-2.836265579445887,-0.17875773667542208,0.3805472668112623,1.9996371198178915,0.0,-0.0,0.0,0.0,0.0,0.0
3861,0.7492657406575841,0.3897260854775985,-1.6320988451454088,-0.3295649450351478,-0.7708697950135608,1.9973482323607294,0.0,-0.0,0.0,0.0,0.0,0.0
3862,-0.2931355138455207,-0.8532782620451437,-4.291679699938145,-0.6313581461956432,0.6586540511276826,1.999494432567953,0.0,-0.0,0.0,0.0,0.0,0.0
3863,-0.4947209334648094,0.7136145422435001,-2.573797396322397,0.7576031900384277,-0.22422909473773014,2.0000282164027436,0.0,-0.0,0.0,0.0,0.0,0.0
3864,-0.6361324707485528,-0.15425942073447413,-2.2125738186334876,0.3019179653660692,-0.7819459932573612,1.9977051310119835,0.0,-0.0,0.0,0.0,0.0,0.0
3865,-0.9028890243655161,0.002855750070631061,-1.1297865600029453,0.675659585568374,-0.670797496301022,2.0009804294205287,0.0,-0.0,0.0,0.0,0.0,0.0
3866,-0.2590395296416832,0.543290407030831,-3.0649854194774138,0.4139159498282104,-0.47990904199960027,2.000256553567378,0.0,-0.0,0.0,0.0,0.0,0.0
3867,-0.159377213247257,-0.5448944051258763,-0.14528847045614798,-0.08826652982141446,-0.21245605553183952,1.9947992110393395,0.0,-0.0,0.0,0.0,0.0,0.0
3868,0.2214452173384485,0.9668128504294873,-0.3257232429065405,0.2887157956536561,0.7250599699796028,1.999378966991658,0.0,-0.0,0.0,0.0,0.0,0.0
3869,0.04291864338185957,0.8417487298435797,-4.30427516106888,-0.550048370002438,0.6696973506825569,1.9983788559156004,0.0,-0.0,0.0,0.0,0.0,0.0
3870,0.3142236330541765,-0.4182264024480523,-2.0385475009684115,-0.3199283394368768,-0.5337831414020067,2.0009716623168647,0.0,-0.0,0.0,0.0,0.0,0.0
3871,-0.2909417945700069,-0.3453363558967774,-4.228570297301118,-0.05085183038001225,0.8036388604077915,2.0017908542350438,0.0,-0.0,0.0,0.0,0.0,0.0
3872,0.6071420265032779,-0.7646895815136033,-4.075494636344473,0.8603208797193141,0.4492559877102704,1.9987180229848511,0.0,-0.0,0.0,0.0,0.0,0.0
3873,-0.11628121446359364,-0.9071155175838046,-3.3623683366592005,0.3009108349053692,-0.5833760707699724,2.0020015392990334,0.0,-0.0,0.0,0.0,0.0,0.0
3874,-0.1520064306298977,0.9672929758177837,-0.13867396925078576,0.28164330707442237,0.32913514726499393,2.0004775555876093,0.0,-0.0,0.0,0.0,0.0,0.0
3875,0.4960342446093752,-0.5835886735884642,-0.8587948624233115,-0.8727745896828192,-0.21459350089719106,1.997499619080747,0.0,-0.0,0.0,0.0,0.0,0.0
3876,0.5280362012603341,0.8458942314480071,-0.3211980842118042,0.2557313229370498,0.8520983487505461,2.0018258583081128,0.0,-0.0,0.0,0.0,0.0,0.0
3877,0.13373428092740636,-0.6045797279289377,-2.587948006257489,0.3784569491314443,0.2937549239358571,1.9997414292192786,0.0,-0.0,0.0,0.0,0.0,0.0
3878,-0.2365602312048764,-0.5934631846936662,0.10855641420988617,-0.7120197545035798,-0.2746868258218187,1.9981451591740111,-1.1883540999946046e-14,1.564285041392512e-14,-0.0,-0.0002733486462826318,-0.0003598368082445841,-0.0002444908453439928
3879,-0.23532311572614056,-0.5001559140813551,-1.467075815685374,0.3481001791555344,0.7455570835065108,1.9975943209320821,0.0,-0.0,0.0,0.0,0.0,0.0
3880,-0.09178140740908519,0.6748162256928446,-3.236736812290743,-0.8324329809968909,0.2604842312217565,1.999012838834835,0.0,-0.0,0.0,0.0,0.0,0.0
3881,-0.09720052897717912,-0.12922969805305007,-3.238461001433526,-0.37850386657228335,-0.1325316871071128,1.9990181730619818,0.0,-0.0,0.0,0.0,0.0,0.0
3882,-0.7325118187609767,0.1319205062966829,0.49197262880979836,0.5159327595166989,-0.49849996561946663,2.0002726747428694,-1.838887078346098e-14,-1.0474576938114332e-15,-1.58239175016306e-210,-0.00042199495803543026,2.4124485949602984e-05,0.0005134627483915875
3883,-0.4834726721532511,-0.05763541895750802,-4.3023316436613825,-0.1958205196458711,0.5026268282603861,2.0037668990512674,0.0,-0.0,0.0,0.0,0.0,0.0
3884,-0.20365810732675962,-0.34005444201647494,-0.03377193383318716,0.2841617905714846,0.2554323852028764,1.997543450862174,0.0,-0.0,0.0,0.0,0.0,0.0
3885,0.4800518989164041,-0.17544727093093104,-0.6157016595872786,0.26174870905872233,0.1838254369872076,2.002381995003055,0.0,-0.0,0.0,0.0,0.0,0.0
3886,-0.4136780085365412,0.672364744981826,-2.863461515609779,-0.9420978043121392,-0.2153527828457328,1.9972060352236232,0.0,-0.0,0.0,0.0,0.0,0.0
3887,0.6718615020758956,-0.5207111880824102,0.42895469606614456,0.410826082569428,-0.06234802197072107,2.001468015546185,2.6067969050263845e-15,7.993190645944104e-15,1.470335678253526e-247,5.915946157972629e-05,-0.0001838554878928937,0.0005303129839958134
3888,-0.7103707263731596,0.4316467790729293,0.44996433672401165,-0.3807148947359222,0.5314887094494815,1.9959553734378266,-1.752238542755671e-14,-6.8233339930536644e-15,-1.3005196394574757e-234,-0.0004034608824000017,0.00015493371521321003,0.0003233322151325896
3889,-0.6892374611125353,0.27891859716904066,-0.11466888692459512,0.13418273986470053,-0.8932026362672671,2.0027476944546576,0.0,-0.0,0.0,0.0,0.0,0.0
3890,-0.24003238705163604,-0.43872666386203474,-0.5703056426441734,0.8640170299908211,0.5029371076506018,2.000981806112942,0.0,-0.0,0.0,0.0,0.0,0.0
3891,0.6639560662014574,-0.5352168870542685,-0.9859905291425192,-0.31735689044806703,-0.6814726733793666,2.001381960522915,0.0,-0.0,0.0,0.0,0.0,0.0
3892,0.3738457302998089,0.1591916234412929,-3.4711817881228795,0.3765141002155392,-0.33415318853247583,1.9969699836584127,0.0,-0.0,0.0,0.0,0.0,0.0
3893,-0.20718393531819368,0.911238352752935,0.2756686274497627,-0.27372377337704334,0.7095831878450344,2.001291940989105,-3.3500350227844802e-15,-1.9662167754523976e-14,0.0,-7.648107651011996e-05,0.0004513549692004391,7.810335460611102e-05
3894,0.7298888105986725,-0.32176480486347225,-0.3741951006884013,0.6040241802540425,0.21339853441398435,2.000231532884215,0.0,-0.0,0.0,0.0,0.0,0.0
3895,-0.2665984586510724,-0.4258626135657171,-3.623229028835337,0.8599537125113894,0.27812143542934875,2.0003095916577354,0.0,-0.0,0.0,0.0,0.0,0.0
3896,-0.647734199493663,-0.7008789009179477,-1.3612225637671245,-0.7216289836482466,-0.6235923191263729,2.0007977840110605,0.0,-0.0,0.0,0.0,0.0,0.0
3897,-0.2823019006730915,-0.9349591336179841,-1.5871789099522162,0.23782670289138952,0.13269199800528547,2.000181226851035,0.0,-0.0,0.0,0.0,0.0,0.0
3898,-0.07310765295040206,-0.9053512158011822,0.2324219022350397,0.008507341424919471,0.03381581298418307,2.003327304602566,-5.803969665269043e-15,4.137563470353454e-14,0.0,-0.00013416417062471074,-0.000942952996283207,0.00014245099730284303
3899,-0.1349146549820295,0.984560755437498,-3.946934406130201,0.28297696123536403,0.918569411366857,2.002969857398638,0.0,-0.0,0.0,0.0,0.0,0.0
3900,0.28963534723844225,-0.532878102313932,-3.8161224822846207,-0.6271167924479354,-0.31604254439190954,2.0006759284679365,0.0,-0.0,0.0,0.0,0.0,0.0
3901,0.9171003614236375,0.39523734925481085,-1.3094725829555474,0.3133271462545313,-0.7579133017353593,2.000995304730115,0.0,-0.0,0.0,0.0,0.0,0.0
3902,0.07029112711419094,-0.12914063437296153,-3.627214245885909,-0.8088631225537228,0.1329372830565695,1.9993970814577304,0.0,-0.0,0.0,0.0,0.0,0.0
3903,0.5944389425570517,0.14712365141748587,-1.619928491807359,0.5981955015369477,-0.1381692914223702,2.002329378820057,0.0,-0.0,0.0,0.0,0.0,0.0
3904,-0.3594735098338674,0.13598974289473897,-1.2431566426541898,0.7694368701010589,-0.10226722739753188,1.9999576785603963,0.0,-0.0,0.0,0.0,0.0,0.0
3905,0.03341897059911007,0.42145073618649753,0.14187153730262242,0.17557640978753986,-0.42462618155259796,2.001556368405225,-1.1601491291006415e-15,-6.70204370415838e-15,-0.0,-2.5717843344276925e-05,0.00015344960992583727,-0.0003364548759470833
3906,0.6907910766155677,-0.1115396613187242,-1.4182169330624887,-0.5380765552574016,-0.22721488236213075,1.997254315272139,0.0,-0.0,0.0,0.0,0.0,0.0
3907,0.09933423809744889,0.8240176175749111,-4.419244935982047,-0.0007087247672941984,0.9055617471821111,2.0008101765485176,0.0,-0.0,0.0,0.0,0.0,0.0
3908,-0.5598002670701039,-0.4069256962645709,-1.9007713296655324,0.6826966139410239,0.4902183515324139,1.9969822023981445,0.0,-0.0,0.0,0.0,0.0,0.0
3909,-0.8896390232606463,-0.2978007687283752,-0.24585045656701526,0.6224718468431679,-0.4791991463122442,2.0005167332347256,0.0,-0.0,0.0,0.0,0.0,0.0
3910,-0.7478646691133793,-0.6162266947751682,-3.929147598034479,-0.20761026070652555,-0.48066314651435504,1.999961843439666,0.0,-0.0,0.0,0.0,0.0,0.0
3911,-0.34806921081534825,0.35901032400762467,0.04541189646718908,-0.2334265992571151,0.8498366966380313,2.001513959369932,-9.917096374627885e-15,-1.9668197412655983e-15,-0.0,-0.00022645855423339317,4.577861454753147e-05,-0.0005615073693309642
3912,-0.37144605685662424,-0.4765446964012149,-3.2546817993067765,0.1267903364830514,-0.8088536064400551,2.000356880651743,0.0,-0.0,0.0,0.0,0.0,0.0
3913,-0.48045746050870214,0.6473960806904937,-2.726349259694846,-0.027586713566734998,0.4979185267870631,1.9998681239971163,0.0,-0.0,0.0,0.0,0.0,0.0
3914,0.43984024253667336,0.20756873697007014,-0.2591674998499176,-0.5382818877405605,0.3236933017749784,2.0034209728433963,0.0,-0.0,0.0,0.0,0.0,0.0
3915,0.44773715393193053,0.5262901852273436,-3.459234047249742,0.4714106279591085,0.8399761344025852,1.996575387646906,0.0,-0.0,0.0,0.0,0.0,0.0
3916,0.11273192510762017,-0.04650237198308722,-0.22895032692656447,-0.15910667529144343,0.9013064577130087,2.002048016390567,0.0,-0.0,0.0,0.0,0.0,0.0
3917,-0.9609072052144079,0.00762085614583712,-1.0124352970013244,-0.4512691513393927,-0.5765287540642863,2.0002554623827207,0.0,-0.0,0.0,0.0,0.0,0.0
3918,-0.5201680465941143,-0.4014039582344457,-3.216288975964404,-0.5915338738890294,-0.5546014955679032,2.002587245793408,0.0,-0.0,0.0,0.0,0.0,0.0
3919,-0.41625289962959144,0.17575674723371867,-1.1660616650647007,0.7402310173732579,-0.3290615661800767,2.000516729666416,0.0,-0.0,0.0,0.0,0.0,0.0
3920,0.4548003316366055,0.6224132671971733,-2.1055984516659088,0.6148698359687135,0.6762007753305457,2.000190727122327,0.0,-0.0,0.0,0.0,0.0,0.0
3921,0.36156448010883974,-0.3961523092718206,-1.5908938964701522,0.6132165065228529,-0.09553484554735572,2.0046129750644295,0.0,-0.0,0.0,0.0,0.0,0.0
3922,-0.05727869679165999,0.8627230065852962,-0.7895798063501243,-0.2926860155468905,-0.2869761611981493,2.0019794813645024,0.0,-0.0,0.0,0.0,0.0,0.0
3923,-0.3498636040091303,-0.581447095978406,-1.3234526223207121,-0.8568618959741813,0.48763616026354983,2.0054507174429816,0.0,-0.0,0.0,0.0,0.0,0.0
3924,-0.00935266575006107,0.565769820223305,-3.987759546941111,0.07530510541779689,-0.4262912422224795,2.002064684872022,0.0,-0.0,0.0,0.0,0.0,0.0
3925,0.0146519174624751,-0.3947193377785571,-1.2507618860763963,-0.506022368438762,0.24425538044228565,2.003073896360684,0.0,-0.0,0.0,0.0,0.0,0.0
3926,-0.20693937340204363,-0.5491411816840533,-4.442566928875765,-0.18292250082003994,0.22795574183606346,2.003892022898527,0.0,-0.0,0.0,0.0,0.0,0.0
3927,-0.3978943717573515,0.1130813556727369,-1.1108647564090364,-0.510479509581834,0.8239393168699717,1.9962130542939835,0.0,-0.0,0.0,0.0,0.0,0.0
3928,0.4871088409584915,0.17571299552158384,0.34405655619631337,-0.6872881981974931,-0.42549350816733444,1.9993738499214586,1.3225149566749393e-14,2.437973376406166e-15,-5.248148204105414e-295,0.00030425619469343177,-5.83690556195337e-05,0.000283124946907912
3929,-0.7927201278506967,-0.3933403084687183,0.4039227248055912,-0.5460911508235183,0.22860063489682877,1.998416506704402,-1.6041052778282975e-14,1.5329679667798635e-14,1.3842985581532349e-261,-0.00036858496570703044,-0.00035212082694392266,0.00033708255315622937
3930,-0.8620834334521712,0.11126313120901447,-2.7370551869428694,-0.3281978265396492,-0.08757563838219166,1.9996138012479057,0.0,-0.0,0.0,0.0,0.0,0.0
3931,-0.21015617171014023,-0.5290909917637069,-3.7622738057281353,0.4110093749554769,-0.826021974772569,1.9983608069917809,0.0,-0.0,0.0,0.0,0.0,0.0
3932,0.5879350851627504,0.618594156044384,-4.246943623411172,0.1936898777573715,-0.42944095933742865,1.99957886686302,0.0,-0.0,0.0,0.0,0.0,0.0
3933,0.2592648398459701,-0.22801242896413068,-1.9625566718002045,-0.6251268434999614,-0.03582570446513407,1.9995882348099987,0.0,-0.0,0.0,0.0,0.0,0.0
3934,-0.671674828501942,0.10726989663293603,-0.5441733166601188,-0.7046141664647563,0.1384496172129414,2.0019807587092027,0.0,-0.0,0.0,0.0,0.0,0.0
3935,0.7865978637791906,-0.42246196598240165,-3.7866906266518505,-0.09288435114750725,-0.5320008549561227,1.9966154628010435,0.0,-0.0,0.0,0.0,0.0,0.0
3936,-0.3694391044688897,-0.6170868884400834,-4.1854558448884145,0.7299102194882451,0.1996179838310244,1.9995994403644002,0.0,-0.0,0.0,0.0,0.0,0.0
3937,0.0018891119830249142,0.39862164286268464,-4.350348430942579,0.016786715801570335,0.3712822549149922,1.9979138478106324,0.0,-0.0,0.0,0.0,0.0,0.0
3938,0.8084032816043989,0.42699113894787377,-0.5481097988073814,0.38792487721651525,0.5792623441796843,1.9984993687235384,0.0,-0.0,0.0,0.0,0.0,0.0
3939,-0.7393441078923186,0.34411586809375083,-1.1020733641598064,-0.5844035274095569,-0.11283075499635159,1.9993548702053554,0.0,-0.0,0.0,0.0,0.0,0.0
3940,0.7875856008293407,-0.5810330811176977,-1.2816312244938741,-0.9520464259806576,-0.0058516719671981255,2.002629217845283,0.0,-0.0,0.0,0.0,0.0,0.0
3941,0.1379693854837408,-0.7335306891635808,-2.3521044008445386,-0.003230519854481498,0.5599733723024504,1.9968205292149788,0.0,-0.0,0.0,0.0,0.0,0.0
3942,0.39496157406859833,-0.6881998917388509,-0.9571597861231126,-0.06660134473293336,-0.3311832654108414,1.998326709261435,0.0,-0.0,0.0,0.0,0.0,0.0
3943,-0.8915822949374699,-0.14926777736429242,-0.6036698278883018,-0.30882614123102564,0.3033171642794852,2.0007406542243933,0.0,-0.0,0.0,0.0,0.0,0.0
3944,0.576559374729691,-0.4174343781757047,-0.777560184219518,-0.2302211627932615,0.8759536646975495,2.0012761536682904,0.0,-0.0,0.0,0.0,0.0,0.0
3945,0.20571405873058743,0.013875107247289494,-4.372789088975664,0.20121200983271956,0.2055315195146925,1.9959020391476372,0.0,-0.0,0.0,0.0,0.0,0.0
3946,-0.9864484781960118,-0.12948473628357726,0.04273210290333984,-0.15110093311060374,0.6343831499810236,1.9992003146737245,-2.874929049140029e-14,7.410817149197867e-15,-0.0,-0.0006590765601544822,-0.0001718658578701218,-0.00016024487740449344
3947,-0.6239782654661313,-0.5382020923949974,-1.7675818372712309,-0.44742313220734264,-0.3086464588112161,2.000520470069464,0.0,-0.0,0.0,0.0,0.0,0.0
3948,0.224719002082868,0.0003645269637575236,-2.746219165035198,0.1735390528995636,-0.803703174783322,2.0005554623180446,0.0,-0.0,0.0,0.0,0.0,0.0
3949,-0.7378628269581352,-0.11635603736752899,-3.471841604445277,-0.7705682211718914,0.10910199829838105,1.9995309398892671,0.0,-0.0,0.0,0.0,0.0,0.0
3950,0.5342189516564354,-0.11687200172648954,0.0225750325634114,0.8532153945641802,0.04364743205140823,2.000482219661362,9.684432261786475e-15,-7.464733658015512e-16,-0.0,0.0002251398209180494,1.2801354443150331e-05,-0.0005221200824983698
3951,0.06359176442368657,-0.8549332540186287,-2.9161760231104243,-0.5045844995243522,-0.15369175293093912,2.001170788596753,0.0,-0.0,0.0,0.0,0.0,0.0
3952,-0.7682921326775781,-0.4575682649396484,-2.2696413289443296,-0.8039797570675327,-0.05519784546714294,1.9977895168683333,0.0,-0.0,0.0,0.0,0.0,0.0
3953,0.6885410570033097,-0.7056471565993089,-0.5272246089467835,0.15311895416559115,-0.9188709001182118,2.0040717011907434,0.0,-0.0,0.0,0.0,0.0,0.0
3954,0.6847311980726177,0.07331516101667945,-0.21806961431575186,0.2805221678375573,0.48614447497244123,1.9963738980352295,0.0,-0.0,0.0,0.0,0.0,0.0
3955,-0.0403613836777425,0.2535359717938192,-1.9015992067030825,0.3310512156394169,0.8762721225924742,2.00095687318045,0.0,-0.0,0.0,0.0,0.0,0.0
3956,-0.6133091723884746,-0.0016016893290622027,-0.28202869552000287,-0.45356535246873686,0.14051975487104382,2.003496678257544,0.0,-0.0,0.0,0.0,0.0,0.0
3957,0.3356382262294765,-0.14452737719868183,-4.241597960245833,0.31440857011556617,0.12952567839358836,1.9966564366404997,0.0,-0.0,0.0,0.0,0.0,0.0
3958,-0.22173916826309753,-0.5826163406073319,0.032723588889498056,0.3446399232152343,-0.8317582564251528,1.999930472236241,-7.05367864895513e-15,1.3587461435398552e-14,-0.0,-0.00016195287798578023,-0.0003120678760636659,-0.0006071412760868858
3959,0.5830936216548743,0.18889229003553462,-0.7345874968556441,-0.10566993110001108,-0.0345458389689735,1.9997874895394427,0.0,-0.0,0.0,0.0,0.0,0.0
3960,-0.6056564342587043,-0.670169978357848,0.3182752866851065,-0.045327294414739226,-0.05875466970684581,1.9990904169770751,-1.7684664216223398e-14,1.4282163777659092e-14,-4.369313420172124e-309,-0.00040554437810208407,-0.0003288949389370661,0.00011080524496022762
3961,-0.0073103292813442135,0.48986533469401006,-4.184377527765791,-0.17120125293195426,-0.41191412941271766,1.9995493367848793,0.0,-0.0,0.0,0.0,0.0,0.0
3962,0.14051314819518007,0.2991236074498187,-0.9329316491298862,-0.8523566969100086,0.46929362776171635,2.0011446622471216,0.0,-0.0,0.0,0.0,0.0,0.0
3963,0.23699222908799705,0.5472391561188482,-2.163435383435782,0.6241876703018889,0.15650124346645566,2.0019867637879556,0.0,-0.0,0.0,0.0,0.0,0.0
3964,0.6669248839302873,-0.607995821947076,-1.3262321627159608,-0.09854155154412697,-0.8298151527347221,2.0045727826834696,0.0,-0.0,0.0,0.0,0.0,0.0
3965,-0.4320156022570591,-0.2840827392909625,-1.489292634758037,0.6301910496431521,0.3849486450854241,2.0039192575803395,0.0,-0.0,0.0,0.0,0.0,0.0
3966,-0.17584865471048972,0.3142363215352584,0.45847367069728745,-0.8506199434596787,0.411678155430448,1.999921173584065,-8.186916427452524e-15,-5.062880551294901e-15,-1.447695553648615e-229,-0.00018972119137706622,0.00011519666933368232,0.0005277982114315439
3967,-0.16497488261536983,-0.14613005731874637,-2.6671521431840204,0.20591827587671582,-0.47841585881947535,1.9980606788500204,0.0,-0.0,0.0,0.0,0.0,0.0
3968,0.6240608949024069,-0.4227395647170315,-4.319707253653527,-0.4574887243844085,0.46240861803013666,1.9968660578269504,0.0,-0.0,0.0,0.0,0.0,0.0
3969,-0.9274309732674484,0.10029147903035707,-1.0730196877701599,0.5492567288659793,-0.12554676273586915,1.9971820448376378,0.0,-0.0,0.0,0.0,0.0,0.0
3970,-0.5942072268644053,0.200963615490986,-3.173381429687555,-0.6348515526294519,0.4688850831519277,1.9987774345256835,0.0,-0.0,0.0,0.0,0.0,0.0
3971,0.38925592007850446,-0.6045446202686847,-1.3499054182639212,-0.6898734022765233,0.012563594937386166,1.9985344560926004,0.0,-0.0,0.0,0.0,0.0,0.0
3972,-0.3869784331268337,0.4943429574347751,-3.1007250480768875,-0.7392167986232477,0.35533992994066427,2.001264092884645,0.0,-0.0,0.0,0.0,0.0,0.0
3973,-0.025048614562488202,0.7166595707152914,-3.0515604869622837,-0.05902569801018237,-0.9638178891173647,1.9991593100899785,0.0,-0.0,0.0,0.0,0.0,0.0
3974,-0.20982444609201764,-0.06028715650115977,-0.21515179399554304,0.6007067262669707,0.42085915416697006,1.9988235868951032,0.0,-0.0,0.0,0.0,0.0,0.0
3975,0.6993068501804153,0.2985026612316111,-0.027138321339477613,0.42316906391487674,0.35202404625822015,2.0024680182802963,0.0,-0.0,0.0,0.0,0.0,0.0
3976,-0.503515442864076,0.6328765572242359,-4.235667952778689,-0.8245265083082494,-0.3835049483831692,2.0005146605836246,0.0,-0.0,0.0,0.0,0.0,0.0
3977,-0.25004956377431115,-0.4778079378253704,-2.4538898141450787,0.3596902810062109,-0.7110711025485279,1.9998543330847283,0.0,-0.0,0.0,0.0,0.0,0.0
3978,0.5498306150913577,-0.14204452139230114,-3.498023958773549,-0.9085841803502858,-0.2375795423395084,1.9968909787793403,0.0,-0.0,0.0,0.0,0.0,0.0
3979,0.7940892534274516,0.42953677337033086,-3.4904945836443795,-0.8806537894583764,0.266117327333352,1.9970832108088246,0.0,-0.0,0.0,0.0,0.0,0.0
3980,0.5969224886345537,0.2886528835467352,-0.36453013912837434,0.6595156157593054,0.45331380923553044,1.9986652245158278,0.0,-0.0,0.0,0.0,0.0,0.0
3981,0.1825880279438323,0.33345288517806193,-0.4664139163595654,0.9882029147058933,-0.06366912908792577,2.0022690835335184,0.0,-0.0,0.0,0.0,0.0,0.0
3982,0.6467321400099205,0.7079188769995712,-1.8297568768880974,-0.40376478454642467,0.7854280101937167,2.002999875835531,0.0,-0.0,0.0,0.0,0.0,0.0
3983,0.6205348558978647,-0.2045879182171697,-1.4463976709936979,0.08970038821213003,-0.4011921527993977,1.9992057340130907,0.0,-0.0,0.0,0.0,0.0,0.0
3984,-0.11491023850526762,-0.10257749596750108,-4.288040733522019,0.28088744715593544,-0.26344435417714307,1.9991596683206008,0.0,-0.0,0.0,0.0,0.0,0.0
3985,-0.21689755615829154,-0.9173258343726169,0.10382491784393041,-0.6882577877177344,0.016833963171791127,1.9995484956068414,-7.970712863027202e-15,2.2134876204583183e-14,-0.0,-0.00018277212565342865,-0.0005088326957332831,-0.00024542639530565846
3986,0.8043181666339427,-0.21119567247883878,-3.946542220763191,0.07460794808629578,0.8934991507684148,1.999382209667658,0.0,-0.0,0.0,0.0,0.0,0.0
3987,-0.05725179837956919,-0.9094946295812582,-0.6253441640082595,0.2674292929205836,0.9048586117845215,1.9989475592819472,0.0,-0.0,0.0,0.0,0.0,0.0
3988,-0.5526703489718974,0.4262168241667037,-2.422147214398098,0.43425332429286395,0.37676851595319194,2.0000137784550485,0.0,-0.0,0.0,0.0,0.0,0.0
3989,-0.36185321572340706,0.856040211995845,-1.1258123703661433,-0.16857848855958898,0.53810327984224,2.0014904659771875,0.0,-0.0,0.0,0.0,0.0,0.0
3990,0.3615841077787978,0.7548972566574474,-1.381344153388849,-0.9473895242261151,0.02793198974548821,1.995435227711244,0.0,-0.0,0.0,0.0,0.0,0.0
3991,0.5881153369361641,0.5563633262660413,-2.048765519580879,0.011438595668041162,0.9789427441062312,2.0014537566439636,0.0,-0.0,0.0,0.0,0.0,0.0
3992,-0.43073547236817944,-0.3046714300062089,-3.4084903843502254,-0.043028874915172204,-0.3628007140088918,2.000166269442414,0.0,-0.0,0.0,0.0,0.0,0.0
3993,0.23849680236684095,0.3704903253469861,-2.083494980136524,-0.7810115342455649,0.23581751244743956,2.0008710102376868,0.0,-0.0,0.0,0.0,0.0,0.0
3994,-0.5247512155368187,0.2658253465268733,-2.0455210383104605,-0.024964065867862907,-0.19270472709197012,2.0005447414771877,0.0,-0.0,0.0,0.0,0.0,0.0
3995,0.774686610719251,0.1207726622217237,-2.52515204546846,0.15585251795882724,-0.1435271684960277,2.0012110814472432,0.0,-0.0,0.0,0.0,0.0,0.0
3996,0.4989472255252013,-0.3094638664407481,-0.926357367568093,-0.32327588304112204,-0.5935712106581591,1.9997824076903428,0.0,-0.0,0.0,0.0,0.0,0.0
3997,0.7887022714277584,-0.19130172799420442,-1.1297464505332566,-0.04474301359341087,-0.2283211741296475,1.9985043122921113,0.0,-0.0,0.0,0.0,0.0,0.0
3998,-0.8821954020361891,-0.16315920704538972,-0.15399870273873464,0.5241297355341896,0.11039972620249243,1.999644155149306,0.0,-0.0,0.0,0.0,0.0,0.0
3999,-0.5380120184303103,0.05917332860095308,-3.973424403639229,0.6688860096205316,-0.24065132913189766,2.000154080220211,0.0,-0.0,0.0,0.0,0.0,0.0
4000,0.22155052041346088,0.13197289247216012,-3.8833303628597804,-0.8940715066410896,0.1405105259328321,1.9990257090046548,0.0,-0.0,0.0,0.0,0.0,0.0
4001,-0.5814884605036584,-0.08592810219585888,-1.2404757813251361,-0.37662209161745963,0.6238050431266375,2.000339819361488,0.0,-0.0,0.0,0.0,0.0,0.0
4002,-0.8615190711297039,0.16566117886521306,-2.125205574310684,0.1419275404449854,-0.6811922537186663,1.9986685306349616,0.0,-0.0,0.0,0.0,0.0,0.0
4003,-0.21473348809152126,0.8452449924519773,-3.758951752680915,0.7059751466384948,0.4224747682996424,2.0007320234492787,0.0,-0.0,0.0,0.0,0.0,0.0
4004,-0.4255174672482031,0.8219626703196362,-4.247924327135909,-0.8580407057358282,-0.05744886814281131,1.9982123328411228,0.0,-0.0,0.0,0.0,0.0,0.0
4005,0.5123845424577034,0.2919541329583813,-1.1743318203506456,0.3930111734542805,-0.44915270902792265,2.0015850859076196,0.0,-0.0,0.0,0.0,0.0,0.0
4006,0.1890832325271289,0.6180900121553717,-3.2479118443636112,-0.31889146926562184,-0.44171694913654386,2.000064909152424,0.0,-0.0,0.0,0.0,0.0,0.0
4007,0.8139781907113494,-0.5072607503685562,-2.2266248876977968,0.34699574286023854,0.6373676854144715,1.9990901640023675,0.0,-0.0,0.0,0.0,0.0,0.0
4008,0.3985956444547587,-0.6557977757808028,-3.6754222550439164,0.391837437824839,-0.25204353181449257,1.9976386529667003,0.0,-0.0,0.0,0.0,0.0,0.0
4009,0.6772259232412935,0.10260345597525831,-3.185258987835838,0.44896962000723556,0.11681716258577068,2.0002790397470704,0.0,-0.0,0.0,0.0,0.0,0.0
4010,-0.7878225258209511,0.003258383925112941,-1.9162745692603358,-0.23896260148320286,-0.3499653562690101,2.0009179073035837,0.0,-0.0,0.0,0.0,0.0,0.0
4011,-0.694437951079207,-0.6108451214598873,-0.23927288959879048,0.14290496745211542,-0.5567667163337886,2.0020940474083875,0.0,-0.0,0.0,0.0,0.0,0.0
4012,0.24215442003451806,0.1420579523116532,-0.5181398547034782,-0.4179762122618694,-0.4980325500982544,2.0024477054705536,0.0,-0.0,0.0,0.0,0.0,0.0
4013,0.2986787753613869,0.0982681212152648,-1.1883836904600367,0.49886538721444285,0.8052892448393372,1.9939051813799875,0.0,-0.0,0.0,0.0,0.0,0.0
4014,-0.4203009744980066,0.3015172382930299,-4.42313854417831,0.7160332420486711,-0.21749059987234934,2.0004948871079318,0.0,-0.0,0.0,0.0,0.0,0.0
4015,0.268193370111518,0.12316078117574958,-4.479712246768266,-0.8506848103117411,0.33818421520146597,1.9991795694369092,0.0,-0.0,0.0,0.0,0.0,0.0
4016,0.1579662139205883,-0.5846126511210966,-3.1985213695050856,0.34172351335979156,-0.788893372700386,2.000763606378507,0.0,-0.0,0.0,0.0,0.0,0.0
4017,-0.24491902778037408,0.599081146300834,-2.6246049136995944,0.6764847649514327,-0.3770729765379187,2.0029321710398373,0.0,-0.0,0.0,0.0,0.0,0.0
4018,-0.07073893092021372,-0.5791462254316555,-4.367162486515105,0.5915223736136382,-0.18583158226215696,1.9982555054970783,0.0,-0.0,0.0,0.0,0.0,0.0
4019,-0.3081842159806285,0.68384179402808,-0.2128657829406007,-0.3676080758172198,-0.2677562148005981,2.001189142849059,0.0,-0.0,0.0,0.0,0.0,0.0
4020,-0.5874977789940155,-0.5455381899350956,-3.7357623671567475,0.26406876644061783,-0.1355156762506558,2.0000729992227835,0.0,-0.0,0.0,0.0,0.0,0.0
4021,-0.45444123724939134,-0.2628810916676088,-2.5761908393136386,-0.3147307257694736,-0.35990206126407254,1.9989327056269017,0.0,-0.0,0.0,0.0,0.0,0.0
4022,-0.6736569088420815,0.61906827077294,-0.9876722490787073,-0.2581313237510764,0.40367051872692,1.9992912201801774,0.0,-0.0,0.0,0.0,0.0,0.0
4023,0.17668145855117137,0.689258173928022,-4.1005244733590684,0.2530358924486931,0.8331728922458684,1.9980534233217044,0.0,-0.0,0.0,0.0,0.0,0.0
4024,0.5381668957281641,-0.21403531621231464,-2.7454369070491578,-0.9325361104106287,-0.23505765112169888,1.9960909219418823,0.0,-0.0,0.0,0.0,0.0,0.0
4025,-0.21070195893556085,0.15533096074304623,-1.681716598139473,-0.04674710365083729,-0.24776079969573325,1.9992640057512665,0.0,-0.0,0.0,0.0,0.0,0.0
4026,0.7269640336425629,0.6240009497517177,-3.6179938213102547,-0.9174316628499104,-0.3231940482286298,1.9987941987624027,0.0,-0.0,0.0,0.0,0.0,0.0
4027,0.360875932039094,-0.7414127134005023,-2.135479863576235,0.22754088056356292,0.50436686170505,2.0006974755844817,0.0,-0.0,0.0,0.0,0.0,0.0
4028,-0.8154874237929438,0.5650220358774826,-1.097417921543156,-0.9644294394616191,0.07865210989467339,2.0036197343969175,0.0,-0.0,0.0,0.0,0.0,0.0
4029,-0.7222504538505271,0.38952367199967164,-3.845388531741784,0.9137309234245848,0.3503879113290208,1.9992980957247743,0.0,-0.0,0.0,0.0,0.0,0.0
4030,0.33688005975866164,0.5114846772506565,-1.9857345410889327,0.0018257919734768994,-0.9202579107561365,2.000375839412348,0.0,-0.0,0.0,0.0,0.0,0.0
4031,0.23448115449038037,-0.07129861903987852,0.21574301013118288,-0.3729104773823767,0.7847767343900224,2.000473037460502,3.841134605096878e-15,-1.8970328129886346e-16,-0.0,8.923735109298352e-05,3.560773760290795e-06,-8.348742208984686e-05
4032,0.3280687550734634,0.9214001506924405,-1.8072181006372101,0.31217002431117474,0.39582668171421803,2.003008303590309,0.0,-0.0,0.0,0.0,0.0,0.0
4033,-0.07612796769215864,-0.6759462978564061,-0.10629228654529965,-0.18297058430896432,0.3267707010055982,2.001223517027917,0.0,-0.0,0.0,0.0,0.0,0.0
4034,-0.15101518747212284,0.8530894615580507,-4.302689835486023,0.029437959015951844,-0.9507779195716051,2.002230708327731,0.0,-0.0,0.0,0.0,0.0,0.0
4035,0.6220492410960574,-0.1070466527625869,-2.1654330282234016,0.0947102649740847,0.2547721568033493,1.9976089282299514,0.0,-0.0,0.0,0.0,0.0,0.0
4036,-0.9991210506360614,0.010073561505153927,-3.4110932509368515,-0.34762599279102147,0.6781351543599922,1.9998973872909809,0.0,-0.0,0.0,0.0,0.0,0.0
4037,0.39918214781619415,0.016754150241224737,-4.432706904584891,-0.5296986392880474,-0.34219203018908195,2.0010621677343083,0.0,-0.0,0.0,0.0,0.0,0.0
4038,-0.5115359355204822,0.5203048744549355,-2.945593251123004,0.7020262008139811,0.12346037245803282,1.9961640484261345,0.0,-0.0,0.0,0.0,0.0,0.0
4039,0.3984580219479887,-0.0876253516901895,-0.8691378096956986,0.13678249506515142,-0.6962916916995554,1.9980688565386535,0.0,-0.0,0.0,0.0,0.0,0.0
4040,-0.2599488476414561,-0.11595552621305447,-0.29502540568715324,0.364433739997255,-0.7186325598768311,1.998693571860808,0.0,-0.0,0.0,0.0,0.0,0.0
4041,0.7176337896357237,-0.34653650300999395,-2.7979617476376464,0.36712452309423066,0.8538991988524585,2.0020593172826047,0.0,-0.0,0.0,0.0,0.0,0.0
4042,0.35303023324337957,-0.4235816099540155,-1.6807970757387085,-0.07269946659830043,0.8429446445064429,2.0005166925380697,0.0,-0.0,0.0,0.0,0.0,0.0
4043,0.8389558264422595,-0.3641999797303789,-2.6519021374119434,0.07405367033948033,-0.21805126713064246,2.0000963909581877,0.0,-0.0,0.0,0.0,0.0,0.0
4044,-0.8833168144931809,-0.24069262191696641,-0.24207801497835985,-0.38148362878266046,-0.5987293303369513,2.0018791816209167,0.0,-0.0,0.0,0.0,0.0,0.0
4045,-0.21045884409236706,-0.47958743163957535,0.09586171815847795,-0.12825053298873276,0.05361517825147911,1.9996193743818698,8.292195974670949e-13,1.0630740304239964e-13,0.0,0.019253189161522417,-0.0006281872940253517,0.01874620816202653
4046,-0.7155076988058419,-0.010072478539970325,-0.7172257357426786,-0.27962221785789454,-0.11177391633878046,1.9994303439405738,0.0,-0.0,0.0,0.0,0.0,0.0
4047,0.45431352974851935,-0.615335567936624,-0.7304973045180329,-0.30416466610969795,0.1514595585146372,1.999736556284207,0.0,-0.0,0.0,0.0,0.0,0.0
4048,0.018759825139830568,0.8464444450736197,-0.8155769327390577,-0.7899303018494358,-0.27466960969255055,1.9977670794256364,0.0,-0.0,0.0,0.0,0.0,0.0
4049,-0.21908337980512957,0.4711685188387709,-4.238178495813704,0.8083875266822481,0.36556186892360654,2.000720774642886,0.0,-0.0,0.0,0.0,0.0,0.0
4050,-0.6419979251036233,0.05274878312754473,-2.813287134755491,-0.17985253863115377,-0.47758891850812246,2.0012961462260366,0.0,-0.0,0.0,0.0,0.0,0.0
4051,0.6145677337279192,-0.011208487511356606,-4.20410388541575,-0.8799644641452529,-0.43231606558642793,1.9965835565874588,0.0,-0.0,0.0,0.0,0.0,0.0
4052,0.870987828608374,0.04618287262238806,0.30765122634454967,0.35794342227283554,-0.2747770008763642,1.995659726547492,2.597180636784292e-14,-2.5986228909990824e-15,3.242311996e-315,0.0005967206917797484,5.8802701957202296e-05,6.044273142079188e-05
4053,-0.3125730722192713,-0.4183440940494058,-1.4062380843279463,-0.4575706903302919,0.43398422650436325,1.9991609232001026,0.0,-0.0,0.0,0.0,0.0,0.0
4054,0.06071611431368866,0.15378131430938302,-1.7659047539488522,-0.9481382099560561,-0.14395062277066628,1.9995749100364189,0.0,-0.0,0.0,0.0,0.0,0.0
4055,-0.4592890932896867,0.6673230186787672,-3.8738529032354805,-0.9486768488338096,-0.2834914693385117,1.9999824243135307,0.0,-0.0,0.0,0.0,0.0,0.0
4056,0.8068514984570018,-0.5318384707158084,-3.9981885420099643,-0.29952551896464835,0.43203280070027833,1.9988998960764255,0.0,-0.0,0.0,0.0,0.0,0.0
4057,-0.7983335378491021,-0.5711017337088475,-0.05142729876186802,0.7017847111950825,-0.5938049726604507,1.999999545383564,0.0,-0.0,0.0,0.0,0.0,0.0
4058,0.030484732748135387,-0.6933027596179848,-1.3094185103289167,-0.27227411778048666,-0.25460989396123346,1.999281395732962,0.0,-0.0,0.0,0.0,0.0,0.0
4059,0.3585308663687819,-0.5757124308156533,-4.082509517398145,0.955484561036838,-0.24615453613009458,2.002192326166076,0.0,-0.0,0.0,0.0,0.0,0.0
4060,-0.6033099842037006,0.2499523981855538,-2.0807070150936213,0.7637952183379744,0.45205122384676616,2.005815161697878,0.0,-0.0,0.0,0.0,0.0,0.0
4061,0.49665539368942535,-0.14918029814172457,-0.5276896229741838,-0.9358449552320952,0.16924838800032113,2.0021073575787267,0.0,-0.0,0.0,0.0,0.0,0.0
4062,0.08583936726868471,-0.855546045421128,-1.2925228169713248,0.22709142687631945,-0.6103043640021537,2.000453864209716,0.0,-0.0,0.0,0.0,0.0,0.0
4063,-0.5108077994242495,-0.2897864129484622,-0.7247164567257628,0.1695828743942332,-0.6651103748436464,2.0019262976094367,0.0,-0.0,0.0,0.0,0.0,0.0
4064,0.6189046249429054,0.3338518407555249,-2.17969923548799,-0.5107053735087247,-0.2611736508779446,1.9984787471364793,0.0,-0.0,0.0,0.0,0.0,0.0
4065,0.48451831063027445,-0.02299190339704686,-3.501427358375898,0.42454000662466057,-0.8859279183538266,1.9965200417036102,0.0,-0.0,0.0,0.0,0.0,0.0
4066,-0.43742759083194016,-0.159054331613845,-4.464200263050932,0.5584625541875805,-0.23550111509523977,1.999146081439333,0.0,-0.0,0.0,0.0,0.0,0.0
4067,-0.4694912218661795,0.16235895823244226,-1.3842939132775354,-0.569777250641035,0.7343275164863554,2.0014391561717995,0.0,-0.0,0.0,0.0,0.0,0.0
4068,-0.17502321688289937,-0.4886096949700131,-4.525041862376265,0.944705104965531,-0.253564789336463,1.9985293951315717,0.0,-0.0,0.0,0.0,0.0,0.0
4069,-1.017816733845364,0.049872943510871785,0.09791568435178574,-0.4451106663995873,0.2216617624300039,2.0027885374006815,-2.6227067497798434e-14,-3.4001685653493377e-16,-0.0,-0.0006014465776937107,7.816719105832458e-06,-0.00014702333692953771
4070,-0.015330944112615038,-0.14943000701607106,-3.4499426845235255,-0.6587231065901279,0.6665325324149443,2.00229744536535,0.0,-0.0,0.0,0.0,0.0,0.0
4071,0.1802737289034209,-0.7249727332131971,-2.945245048344619,-0.35126353168404273,0.1280412282814495,1.999696002459396,0.0,-0.0,0.0,0.0,0.0,0.0
4072,0.23026367481612192,0.8427592378309928,0.4515934628965911,0.2657222297688225,0.5296614984731656,2.000678511451369,5.242280273298534e-15,-1.836184117880529e-14,7.700142347951472e-233,0.00012035056541942988,0.0004214107356350927,0.0003391060038871539
4073,0.28703705236983607,0.5163609425865285,-3.764742068904601,0.42103763917442993,0.6247528110931692,2.0024859524817007,0.0,-0.0,0.0,0.0,0.0,0.0
4074,0.4044194878636084,-0.7012325007760384,-3.8042407187134315,0.6580837910532965,0.5321421919381388,1.9987499734114038,0.0,-0.0,0.0,0.0,0.0,0.0
4075,-0.3097421507815001,0.05710510046562895,-1.4924026041149805,0.8864160796312818,0.07344309491244531,1.9990919162953722,0.0,-0.0,0.0,0.0,0.0,0.0
4076,0.4368605459357322,-0.6673999744877107,-1.4454753616924303,-0.34036347138439804,0.847014697620089,2.0030672896116166,0.0,-0.0,0.0,0.0,0.0,0.0
4077,0.7763589872148353,-0.2932893555858418,-2.662969621212604,-0.2696862749064161,0.6835979825254828,2.0006613933012907,0.0,-0.0,0.0,0.0,0.0,0.0
4078,-0.05512104105309574,-0.9536223079946223,-2.5474560405237328,0.14697691910729627,0.05614948989297555,1.999150805575538,0.0,-0.0,0.0,0.0,0.0,0.0
4079,-0.21563296436979054,0.4821350867067552,-0.7468259572742404,-0.6166827487673052,0.21455209930130184,2.0025572720607694,0.0,-0.0,0.0,0.0,0.0,0.0
4080,0.04214420542812331,-0.42424335233841176,-1.2486075327613817,-0.3646221325953705,0.07583986571945169,2.000012838815172,0.0,-0.0,0.0,0.0,0.0,0.0
4081,-0.9812708111401799,0.05985662345936423,-1.2558041764289716,0.5725048712856884,0.7476093012108874,2.0009865852060074,0.0,-0.0,0.0,0.0,0.0,0.0
4082,-0.38418684172566187,0.18787795291922488,-0.3595535139412685,0.9288265772011787,-0.18745070658163177,2.0014558345045037,0.0,-0.0,0.0,0.0,0.0,0.0
4083,-0.06824353842258861,0.1710003974083356,-2.08645475035145,0.6541458664684656,0.33100594840951597,1.9991014197870909,0.0,-0.0,0.0,0.0,0.0,0.0
4084,0.8615758996965612,-0.3617260491963805,-0.25849137908569614,0.44695653869252,0.5488633571586551,2.0010470187209783,0.0,-0.0,0.0,0.0,0.0,0.0
4085,-0.5205674572241831,0.26046175063236865,-2.6228967064214017,0.5316950096793591,0.28575609571500366,1.9990764955244926,0.0,-0.0,0.0,0.0,0.0,0.0
4086,-0.36024651502584354,-0.4094793905785669,-1.215722546265388,0.35736362104617575,-0.480796123887431,2.003219023098794,0.0,-0.0,0.0,0.0,0.0,0.0
4087,0.5494159529313941,0.6742556097826299,-0.9192368975584257,0.7710647256027376,0.34948730061514643,1.9993311640905187,0.0,-0.0,0.0,0.0,0.0,0.0
4088,0.06383538397857653,-1.0472157242814717,0.30439684042760856,0.16253521651973127,-0.796519057124876,2.0014745574622723,5.251439382567299e-15,3.248846726452209e-14,-8.668607e-317,0.00012144066470521981,-0.000745680535691023,-0.00014262101196191172
4089,0.8977264535538041,-0.043981836943645006,-2.884589778741188,-0.39383675767931997,-0.1529580490186099,1.999185028996479,0.0,-0.0,0.0,0.0,0.0,0.0
4090,-0.7075320727039932,0.37008236877971773,-0.7982892787649463,0.15014142490109678,0.463543236820984,2.0018049344656106,0.0,-0.0,0.0,0.0,0.0,0.0
4091,-0.7055796007233304,-0.4293698129583267,-0.6786402832524778,-0.9985195557380699,0.0018692337030982724,2.00005869814986,0.0,-0.0,0.0,0.0,0.0,0.0
4092,0.7890168986747985,-0.0365144813823805,-0.7020014992904716,0.0457999988105576,-0.21022922489027612,2.004175544884971,0.0,-0.0,0.0,0.0,0.0,0.0
4093,-0.8050361973365889,0.47793566601574555,-1.1144978350425692,-0.040900505899345393,0.8641462241815283,1.9990168355566411,0.0,-0.0,0.0,0.0,0.0,0.0
4094,-0.3067514224286123,0.18022440593947586,-0.07275015865935375,-0.07820351503106471,-0.8257129465705023,1.9969837275949116,0.0,-0.0,0.0,0.0,0.0,0.0
4095,-0.28333290138451056,-0.4691317283373816,-3.616848207411033,-0.16670991839000243,0.16458071709054994,2.000926153934049,0.0,-0.0,0.0,0.0,0.0,0.0
4096,0.09531506907629046,-0.6358759845140955,-2.391093509842247,-0.21392243321376675,0.9030596385119388,2.000577247351759,0.0,-0.0,0.0,0.0,0.0,0.0
4097,0.5116604968121555,0.08997815751821785,-1.0874154100638689,-0.026690650405304592,-0.8701362517790866,2.0016168855261522,0.0,-0.0,0.0,0.0,0.0,0.0
4098,0.7738816589125574,0.5568027346593957,-2.8681839041152526,-0.7073395698310206,0.21423845140106595,2.0004902313301502,0.0,-0.0,0.0,0.0,0.0,0.0
4099,0.9031516025136467,-0.30343509082759673,-3.9005723282242672,-0.7701825164324906,0.4872438526736051,2.0007917752463262,0.0,-0.0,0.0,0.0,0.0,0.0
4100,-0.2612713149192317,-0.6696750490957213,-4.210147199081395,0.9761828835855016,-0.06168106405447013,1.9993074910328068,0.0,-0.0,0.0,0.0,0.0,0.0
4101,-0.30961294461878996,-0.16008280956826254,-2.1894656586928285,-0.4288298203517337,0.6965493576200873,2.000901314983823,0.0,-0.0,0.0,0.0,0.0,0.0
4102,0.29577482546984024,-0.21461396544496636,-3.0783133731347436,0.01999096289856912,0.8468609973539682,1.994887622823534,0.0,-0.0,0.0,0.0,0.0,0.0
4103,0.8197894891764759,-0.27042423115092334,-4.186081170283546,0.28335952246965584,-0.5064391299533706,2.000193924759003,0.0,-0.0,0.0,0.0,0.0,0.0
4104,-0.3576650626803981,0.7659638963441048,-3.1050765176152493,0.47162596553376424,-0.25301244387136523,1.9989971571428928,0.0,-0.0,0.0,0.0,0.0,0.0
4105,-0.22074574878138525,-0.8717654625135921,-0.9887620067640458,-0.19383223499125615,0.9668940207735344,1.9968030434096171,0.0,-0.0,0.0,0.0,0.0,0.0
4106,-0.22112263651384062,-0.5720832502297627,-1.1029432795337657,0.44324005412530315,0.2071071975186208,1.9965696537407394,0.0,-0.0,0.0,0.0,0.0,0.0
4107,-0.16814599575100048,-0.6445879310014336,-1.0748228462116187,0.6686521026706645,0.35063349327440013,1.999394531957004,0.0,-0.0,0.0,0.0,0.0,0.0
4108,-0.47422485402151104,0.2183587270205308,-1.6813883776747613,-0.15608021947041972,0.3158675231485474,2.001355468608415,0.0,-0.0,0.0,0.0,0.0,0.0
4109,0.7676957089845295,0.5684738372791873,-2.5086838976826997,0.5256347444871384,0.17444725460295193,2.0015525574334334,0.0,-0.0,0.0,0.0,0.0,0.0
4110,0.49032784426973813,0.7471573622288414,-2.6376396471180366,0.428063348100099,-0.6386201015610243,1.9978950630792796,0.0,-0.0,0.0,0.0,0.0,0.0
4111,-0.7328123695128527,-0.18767820616574502,-2.8796004777949236,-0.22681208147939996,0.21692652140430088,1.9974797279185426,0.0,-0.0,0.0,0.0,0.0,0.0
4112,0.2655059333121442,-0.8561397945057142,-2.844396985291071,0.27217775058647914,-0.5058086656110837,2.0027665360417912,0.0,-0.0,0.0,0.0,0.0,0.0
4113,0.33827736901662314,-0.8448957078006011,-1.9987197274813078,0.48809392986670164,-0.679979012841664,1.9993136834497658,0.0,-0.0,0.0,0.0,0.0,0.0
4114,0.42751568007155444,-0.05985717851732421,-4.278127982074809,-0.07060588386708298,-0.2863982971546596,1.998854318937301,0.0,-0.0,0.0,0.0,0.0,0.0
4115,0.8446255765101368,0.3045641415366275,-2.3445966087061922,0.20382804939930205,-0.3849623353887365,2.000837946287862,0.0,-0.0,0.0,0.0,0.0,0.0
4116,0.18600965494229132,0.4787105599540438,-2.4000430828006234,0.2660916896991396,-0.8177248033535613,1.9985422556382493,0.0,-0.0,0.0,0.0,0.0,0.0
4117,-0.4499379433912044,0.09224946086794021,-2.7308649371910256,-0.29677499467832974,-0.4432034590081885,2.0000137028592544,0.0,-0.0,0.0,0.0,0.0,0.0
4118,-0.6649583285669527,0.5250057420173069,-2.7251944539887685,-0.8613808093804699,0.05440750634579812,2.0005876059740877,0.0,-0.0,0.0,0.0,0.0,0.0
4119,0.9142323324532814,0.02224261405209248,0.003939351274508415,0.4844243234903687,0.8347492431988043,1.9993093392224373,1.890923126482885e-14,-1.0786286502841492e-13,-0.0,0.00040414781768385454,0.0027020965877223415,-5.839304939030247e-06
4120,0.5828692140297373,-0.3835889185392962,-4.19632530370787,-0.6893101963388564,0.5655874311671847,1.9984326715835221,0.0,-0.0,0.0,0.0,0.0,0.0
4121,-0.22616924164639202,-0.6168531756359198,-0.6673512797098087,0.541099608334524,0.0036107595058803487,2.0000512546493434,0.0,-0.0,0.0,0.0,0.0,0.0
4122,-0.46445981669957126,0.6749847265913693,0.24289967260440495,-0.2906441267758545,-0.5747947551032916,1.9981292599922063,8.10804405360703e-15,-1.4953999119728264e-14,-0.0,0.00018986787085771458,0.0003503379546284817,-9.07939498421734e-05
4123,0.15530453137270497,0.40624245537229403,-1.512726716628792,0.1811783263151204,0.36054176357276485,2.003934981711325,0.0,-0.0,0.0,0.0,0.0,0.0
4124,0.5536288730335812,-0.7785896623223668,-3.2286548344606336,0.21632924310403906,-0.6759113947319163,2.000436784832762,0.0,-0.0,0.0,0.0,0.0,0.0
4125,-0.34722960248033313,-0.40821560753580205,-0.06861386733537236,0.987668437738732,0.14346563845032842,1.9997210337492954,0.0,-0.0,0.0,0.0,0.0,0.0
4126,0.5457442458193937,-0.3877380406670891,-1.5546303588590218,-0.03626132963081708,0.18803360095152727,2.000992063407618,0.0,-0.0,0.0,0.0,0.0,0.0
4127,0.955694144580024,-0.22898207913797264,-0.590885240532113,-0.5657954589385411,0.18108027356292958,1.9996537219353427,0.0,-0.0,0.0,0.0,0.0,0.0
4128,0.32046147934600744,-0.5927005198378866,0.18581043796991858,-0.20071571982550176,-0.6573705393561636,1.9978352559305468,8.049934401808262e-15,9.561505727029783e-15,-0.0,0.000186773179611034,-0.00021922390491417853,-0.00015867611446876605
4129,0.18162182125100285,0.5370939907593066,-2.4718736714203065,-0.31102913720200925,-0.8949880932319854,2.001477920789891,0.0,-0.0,0.0,0.0,0.0,0.0
4130,0.549324593720849,-0.588342898316076,-3.1182404525000247,0.6815190705939271,-0.3695757461129247,1.998244189104678,0.0,-0.0,0.0,0.0,0.0,0.0
4131,0.6446369061921481,0.2390107573101804,-0.2457953893148395,-0.1741626872958902,0.19905641653819586,2.0027106290305836,0.0,-0.0,0.0,0.0,0.0,0.0
4132,-0.11769538463099236,0.6459087930968359,-3.0157485098615346,-0.37170419965554896,0.20595626652950244,2.0021732062024187,0.0,-0.0,0.0,0.0,0.0,0.0
4133,-0.7497574225656246,0.2713657278163111,-2.7062844152995043,0.10080321063897953,-0.04781557657277943,2.001022158940079,0.0,-0.0,0.0,0.0,0.0,0.0
4134,-0.6336716881093052,0.30954124572963004,-4.2405066621527325,0.18443114101819394,-0.44418065041684046,1.999860073092155,0.0,-0.0,0.0,0.0,0.0,0.0
4135,0.7227440768351252,0.2808848033011465,-0.8380706739200098,-0.6713275607578483,-0.4859452184923842,2.0002700480022284,0.0,-0.0,0.0,0.0,0.0,0.0
4136,0.086729000291633,-0.10337045650408239,-3.0738688631437414,-0.17605725903823558,0.07768681896358805,1.9982055387853326,0.0,-0.0,0.0,0.0,0.0,0.0
4137,-0.3946159195484543,-0.6971801160456377,-2.6220464441358384,-0.8779407930780948,0.4681659759058589,2.0005028460430956,0.0,-0.0,0.0,0.0,0.0,0.0
4138,0.01448303816353664,0.018340006767299785,-3.0409261925625333,0.5640638317350147,0.6985760699551616,2.0005227030078157,0.0,-0.0,0.0,0.0,0.0,0.0
4139,-0.47524909256842357,0.32818826887130575,-3.6258045131542653,0.5942591595222466,0.16477967438336305,1.999484295351231,0.0,-0.0,0.0,0.0,0.0,0.0
4140,-0.49483327042863684,0.8234370854273932,-2.9105241971607443,-0.9199089523417433,0.04303300878502938,2.0002984954232517,0.0,-0.0,0.0,0.0,0.0,0.0
4141,0.8314579968743601,-0.4680855078950748,-3.8061851826391595,-0.7122534734471391,-0.39406987314983943,2.0013290159711405,0.0,-0.0,0.0,0.0,0.0,0.0
4142,-0.45158307371544804,-0.7415290115233527,-3.3627900033083344,-0.3408582648009918,0.8807744457315037,1.9966453287696106,0.0,-0.0,0.0,0.0,0.0,0.0
4143,-0.5930939204441408,-0.003981769146186136,-2.2157552547478687,0.6362658166195636,0.011370564137761123,1.9985746955541421,0.0,-0.0,0.0,0.0,0.0,0.0
4144,-0.9138964412934037,-0.2783359087221425,0.2995164642786426,-0.2533673767485617,0.2990947662273963,1.99958573685314,-3.6323336999537995e-14,1.5185292667750976e-14,1.07603e-319,-0.0008340198594626872,-0.00034853190258800386,4.655094537833644e-05
4145,0.7934709846153893,-0.08410420576543608,-3.116813203919053,-0.32964727108158837,-0.4534415864476939,2.002307472638433,0.0,-0.0,0.0,0.0,0.0,0.0
4146,0.5169049493465128,-0.4352325644913902,-1.5270439505919078,-0.34306821638392127,0.3291279341539148,2.0013350686761258,0.0,-0.0,0.0,0.0,0.0,0.0
4147,-0.4257014614638392,-0.5896854304815113,-4.490267061990211,0.8262131073751345,0.3747446755462366,2.001029124172493,0.0,-0.0,0.0,0.0,0.0,0.0
4148,0.6845140560973351,-0.5051662667991541,-0.6968180268424313,-0.18328511920069865,-0.6435282957824536,1.9985186611988115,0.0,-0.0,0.0,0.0,0.0,0.0
4149,-0.0063322888072943,-0.963175206356151,0.08493543676857135,0.24359498998407444,0.19824779480296534,1.9978588637681032,3.704791999349252e-15,2.2401337700058054e-14,-0.0,8.587084966041988e-05,-0.000514136443639907,-0.00021402726215814154
4150,0.08198992441126385,0.8247050976761091,-1.293889536809652,0.3456398236270486,-0.43066198836077024,1.9998663292038044,0.0,-0.0,0.0,0.0,0.0,0.0
4151,-0.031076061272079847,0.6729728641057185,-1.8541125339670088,-0.16133222673952177,0.9148637905793208,1.999347877172038,0.0,-0.0,0.0,0.0,0.0,0.0
4152,0.136476717235238,-0.6999584814102431,-1.1915971237542997,0.11858218038283767,0.9219894993869183,1.9991741848646143,0.0,-0.0,0.0,0.0,0.0,0.0
4153,0.8568338501240588,-0.4911685936005217,-4.503299672901579,-0.3364627797851212,0.7920787777839786,1.9982064191248214,0.0,-0.0,0.0,0.0,0.0,0.0
4154,-0.453341509423752,0.7105872911702408,-2.1208457932233338,-0.5062215013386323,0.21743945182759017,2.0021240023070264,0.0,-0.0,0.0,0.0,0.0,0.0
4155,-0.05699809082305965,0.6959270773908534,-1.6697457201301202,-0.876351268289389,0.0841221149835692,2.000048689755362,0.0,-0.0,0.0,0.0,0.0,0.0
4156,0.6915361712576338,-0.08804153276181334,-2.502172616836283,0.34789598179044995,-0.5108537179424146,2.00141871877678,0.0,-0.0,0.0,0.0,0.0,0.0
4157,0.032161408517395136,0.8364941726361784,-4.344578938491235,0.01677797192607227,0.6748802796892555,1.995204819065046,0.0,-0.0,0.0,0.0,0.0,0.0
4158,0.7425666772033468,-0.35427029844872715,0.045154652638111546,-0.10228007773337422,-0.6998711034803193,1.9975930787293614,1.5690806202541168e-14,7.388028164997357e-15,-0.0,0.00030584696095590445,-0.00020803299495798102,-0.00041741990734677165
4159,-0.519153875401675,0.5038400112600203,-2.1626701666379335,-0.836854906986743,0.0373330654135652,1.999226121721851,0.0,-0.0,0.0,0.0,0.0,0.0
4160,0.9784330848766297,0.18892467504981691,-0.12967139792026156,-0.7024083976482144,-0.23630736570852992,2.001811764447447,0.0,-0.0,0.0,0.0,0.0,0.0
4161,-0.7592673760658692,0.2484085293048911,-0.6557967158709328,-0.5012884754840375,0.8036294222540062,2.0027465123170676,0.0,-0.0,0.0,0.0,0.0,0.0
4162,-0.31866920903921125,-0.8377071091680165,-0.7572781560096558,0.5670529726388002,-0.19508163461291572,1.9994183503417942,0.0,-0.0,0.0,0.0,0.0,0.0
4163,0.7261226808968378,0.5287272253198448,-1.4766527585171914,0.9418604179805037,0.08097629493492177,2.0004190680796077,0.0,-0.0,0.0,0.0,0.0,0.0
4164,0.7893579322706374,-0.04292668587124801,-3.9807020532486654,-0.173285467608365,0.10001065877502788,1.9977287466770484,0.0,-0.0,0.0,0.0,0.0,0.0
4165,-0.3568847620228945,-0.3019466450205832,-0.8568368558181061,0.9103754456648027,-0.24920877051152404,2.000695480361825,0.0,-0.0,0.0,0.0,0.0,0.0
4166,-0.3010791163352781,-0.46981471792964546,-0.400668613170987,0.16012774130105026,0.45471448494370786,2.002650575130254,0.0,-0.0,0.0,0.0,0.0,0.0
4167,0.02617376835154303,-0.4952135573576186,0.15145413401680055,-0.7038699800135,-0.013741343855004579,2.001156839281989,4.474667732681572e-15,1.2451614721617299e-14,-0.0,0.00010371835735038286,-0.00028433839371881203,-0.0004038000011015266
4168,0.9089986452902988,-0.16808284071755855,-1.9933786405844482,0.03366109060676144,-0.5154041069692789,2.0012698561153512,0.0,-0.0,0.0,0.0,0.0,0.0
4169,0.06659537048726372,0.6576616053253712,-3.8791313570634824,-0.6806872356013595,0.49210254562456984,2.0012521107578993,0.0,-0.0,0.0,0.0,0.0,0.0
4170,-0.6531821026483061,-0.052679964173609,-2.639439158694065,0.8814711542409229,-0.06920727451365072,1.9990465544566474,0.0,-0.0,0.0,0.0,0.0,0.0
4171,-0.39550157886996584,-0.749220492930573,-1.146267978582414,-0.06567196839992483,0.9242353567539551,2.0002060898404443,0.0,-0.0,0.0,0.0,0.0,0.0
4172,-0.5852974396788256,0.19329026760961318,-2.536155282062931,-0.12171375350998966,0.9819642431484674,2.002889071130763,0.0,-0.0,0.0,0.0,0.0,0.0
4173,0.49470045911437177,-0.771073768171463,-3.0259081247583004,-0.7585697204312883,-0.4032023331205474,2.002101318282956,0.0,-0.0,0.0,0.0,0.0,0.0
4174,0.13435237427189142,0.9243137663344012,-1.3563126125062586,-0.11816251920164826,0.7124503074741403,1.9981133936317421,0.0,-0.0,0.0,0.0,0.0,0.0
4175,-0.8753709076475574,0.3790462010395744,-2.739179475964434,0.27760421182935935,0.9554988093985602,1.9979741063882601,0.0,-0.0,0.0,0.0,0.0,0.0
4176,0.879982006621738,0.24423108796569182,-3.496403201949749,0.7567552098396091,-0.15883307724400128,1.9998207482717243,0.0,-0.0,0.0,0.0,0.0,0.0
4177,0.6478950882458695,0.6477553299896697,-2.087117332821026,-0.7862401931360389,0.37120124841076185,2.002844536550425,0.0,-0.0,0.0,0.0,0.0,0.0
4178,0.6361306385821935,0.441200019439052,-0.01505448441885813,-0.7402018235165985,-0.026813888395780947,2.0017597249662638,0.0,-0.0,0.0,0.0,0.0,0.0
4179,-0.5542541672351249,0.5970836866885867,-1.2353314898362038,-0.49756338747229617,-0.8319087614679478,1.999451957403725,0.0,-0.0,0.0,0.0,0.0,0.0
4180,-0.9135299807929634,-0.04510737619925041,-3.0638184172092484,0.29756201002389804,0.3416108125842202,2.003794410637941,0.0,-0.0,0.0,0.0,0.0,0.0
4181,0.4840052089638703,0.5639870265492527,-3.1648767966687554,-0.42855590903174146,-0.23814737775091466,1.998516757798687,0.0,-0.0,0.0,0.0,0.0,0.0
4182,-0.07883098310047132,-0.2644509462739858,-3.6472718124989374,0.602698877747493,-0.6384961229013602,2.00126589618955,0.0,-0.0,0.0,0.0,0.0,0.0
4183,0.9714109825934654,-0.21853320647211022,-4.273005647859577,0.08793069323505652,-0.07679341699404901,2.0024255200515273,0.0,-0.0,0.0,0.0,0.0,0.0
4184,-0.40546814758348443,0.2614207958970984,-2.5816041986285625,0.9255498926773674,-0.0879565713182931,1.9992119766401362,0.0,-0.0,0.0,0.0,0.0,0.0
4185,-0.9106442307561079,0.4003673150289972,-3.343437006167382,-0.14832978599515387,-0.39722009880648296,1.9991014977575172,0.0,-0.0,0.0,0.0,0.0,0.0
4186,0.19081761455026236,0.4581813972215516,-0.998947625335676,0.579416320123727,0.673913429147363,1.99864286749845,0.0,-0.0,0.0,0.0,0.0,0.0
4187,0.28058120067828723,-0.9012063732350185,-2.190308242807405,0.5252039537588902,-0.06210040735068639,2.001046437273517,0.0,-0.0,0.0,0.0,0.0,0.0
4188,0.32479421174006146,0.488853237176488,-3.1238008333318676,0.15924479376258083,-0.38772601602049045,2.000491539798356,0.0,-0.0,0.0,0.0,0.0,0.0
4189,0.6885731885664824,0.4977853033109962,-4.376498752513559,0.8289081675792349,-0.389152617105716,1.9987964740737787,0.0,-0.0,0.0,0.0,0.0,0.0
4190,0.1744133391260019,-0.9027692373057493,-3.1468353730737877,-0.18780436990064192,-0.11624598614949547,2.0015970676011725,0.0,-0.0,0.0,0.0,0.0,0.0
4191,-0.25322104752518854,0.6186976475344456,-3.090508796855786,-0.08892501391076703,-0.07232355521065527,2.0003818099492676,0.0,-0.0,0.0,0.0,0.0,0.0
4192,-0.2564983154280611,0.6399663183907459,-1.6762683251364485,-0.4371588064212804,0.35605259309412507,2.001785559379013,0.0,-0.0,0.0,0.0,0.0,0.0
4193,0.1697192486113944,0.9707704011810359,-4.262265860309662,-0.6986557680306551,0.43662774649886693,2.0001641142153956,0.0,-0.0,0.0,0.0,0.0,0.0
4194,0.8728371180091753,0.30078128998186265,-4.106076545604578,-0.36812354893550714,-0.48735803511302084,1.9987502024166557,0.0,-0.0,0.0,0.0,0.0,0.0
4195,-0.20860878110160117,-0.19523925789469038,-1.5258634364152832,-0.35778569001212607,-0.5674382574483804,2.000404266930494,0.0,-0.0,0.0,0.0,0.0,0.0
4196,0.6450509601162404,-0.40600584571109366,-2.3530104188142986,0.6776963641288549,0.5049534637552138,2.0002249299057717,0.0,-0.0,0.0,0.0,0.0,0.0
4197,-0.7594914336526601,-0.2856940214669654,-3.0903962880362434,0.9029386651047453,-0.024942349066131134,1.9981250897951335,0.0,-0.0,0.0,0.0,0.0,0.0
4198,-0.027236888401125692,0.0932678261265313,0.4744433908130303,0.6429866031505754,-0.27467219342667065,1.9996038300194494,-3.8532875969927165e-16,1.827268187929018e-15,-3.2962523826195493e-221,-8.350225605562064e-06,-4.230121899731352e-05,0.000494269429016477
4199,-0.10573966362493621,0.878948400905887,-4.3974694613650644,-0.9808255601040997,-0.18593170581058038,1.9970645600215997,0.0,-0.0,0.0,0.0,0.0,0.0
4200,-0.41714492330162384,-0.4567769107359877,-0.5523952060325864,0.06858690321720191,-0.1523317859085707,1.9991144040867854,0.0,-0.0,0.0,0.0,0.0,0.0
4201,0.6707500246598276,0.32526472074081964,-2.5292052911223792,0.4706910775765413,-0.032195522681022826,1.9980052606460987,0.0,-0.0,0.0,0.0,0.0,0.0
4202,-0.4153966244511829,0.053008647768200225,0.08636418403164245,0.3146910796202914,-0.1728666452939813,1.9976879222105675,-9.769505081891101e-15,-3.3701305820959657e-15,-0.0,-0.000224325246653507,7.72641115310263e-05,-0.000469428043905816
4203,0.43785842970827354,-0.3379504899430243,-2.1153703517134512,-0.46353643337513517,-0.42639922242557143,2.0004518812440955,0.0,-0.0,0.0,0.0,0.0,0.0
4204,0.41352503021154224,0.465775106099974,-3.2083162008310677,0.5824640861053081,-0.21140943984662813,2.0012477041553565,0.0,-0.0,0.0,0.0,0.0,0.0
4205,-0.06023551817837439,0.2345963869449189,-0.11654829242001756,-0.15065379229485956,-0.11360220042856603,2.000647540472794,0.0,-0.0,0.0,0.0,0.0,0.0
4206,0.62288605125161,0.6524545277940477,-4.463831652917145,-0.6512249449645723,-0.1647933689118525,1.9998052470501297,0.0,-0.0,0.0,0.0,0.0,0.0
4207,0.6521908402319716,0.6014008140162062,-0.521183666548696,0.8568687255432866,0.1231477196877549,2.003592063607772,0.0,-0.0,0.0,0.0,0.0,0.0
4208,-0.4227672741095436,-0.23662870809294023,-4.02240973348265,-0.2445156966695968,0.3626534795946286,1.9984395189130733,0.0,-0.0,0.0,0.0,0.0,0.0
4209,-0.6354574009998718,0.25103782585842643,-3.2892975244414298,0.2438128783920806,0.26069059709000125,2.0013794459590413,0.0,-0.0,0.0,0.0,0.0,0.0
4210,-0.3192079387319418,0.7432708777468711,-2.148732290314342,0.4877830441529139,0.4114815277264089,1.9989105205044466,0.0,-0.0,0.0,0.0,0.0,0.0
4211,0.06619211379143693,0.3077633431406052,-2.9634674159247094,-0.8068534748421229,0.33721240943529424,2.001379850787,0.0,-0.0,0.0,0.0,0.0,0.0
4212,-0.6573533058614385,0.4190581480455869,-3.2052177724431186,0.5253071950016204,0.634520848041518,1.9941823255441946,0.0,-0.0,0.0,0.0,0.0,0.0
4213,0.3537645992451497,-0.2685703984374677,-2.3480864279545255,-0.8803954358847624,-0.40941411381505183,2.0014500138916373,0.0,-0.0,0.0,0.0,0.0,0.0
4214,-0.463729055591194,-0.13809143219646725,-4.415222202918693,0.5559926831527987,0.7852397489318996,2.001003936509072,0.0,-0.0,0.0,0.0,0.0,0.0
4215,0.6254409749041037,-0.22132095413535197,0.15071440670293523,0.701651576721676,-0.460651564735245,1.9994652806185131,9.041810191568417e-15,4.296004067895517e-15,-0.0,0.00021120340941634344,-0.00010570727521310031,-0.00025027501174164737
4216,0.13361073420365233,0.516960324441429,-1.0446277679223477,-0.5171873775875416,-0.45660110807095694,1.9969453469933383,0.0,-0.0,0.0,0.0,0.0,0.0
4217,0.6178285999598057,-0.3442626794534065,-1.703429847819713,0.4986090505822818,0.7648419782637965,2.001206035379691,0.0,-0.0,0.0,0.0,0.0,0.0
4218,0.9069236366347375,-0.09349114233224035,0.2828077699258829,-0.2621325707476331,-0.18034908478888823,1.9972368430000451,2.071642639086928e-14,3.4066832836388262e-15,-0.0,0.0004749852295643215,-7.93331785257354e-05,-3.8330418235377965e-05
4219,0.27799358814986375,-0.6919108002681105,-4.204545451712792,0.1484659331915641,-0.7103755263863681,1.9993093268470405,0.0,-0.0,0.0,0.0,0.0,0.0
4220,0.6066307728452769,0.452165145990028,0.33465001435698233,-0.7018244489820599,-0.504353756434967,2.001549333395729,1.9518066439497312e-14,-1.0502212215981425e-14,-6.326176939950266e-300,0.00044845271799556297,0.0002408638503133266,0.00011521680583498465
4221,-0.8648679484766685,-0.28914535030605476,-0.35382182712448396,-0.1911776373067197,-0.7319435547055965,2.0019615880064157,0.0,-0.0,0.0,0.0,0.0,0.0
4222,-0.05696973639737335,-0.7134932228356046,-0.1095634069251389,0.48110538726079566,0.7415469767639493,1.995209703304393,0.0,-0.0,0.0,0.0,0.0,0.0
4223,0.5627901088396042,0.7380828069730895,-3.9997721906123074,0.944431507869984,0.07874110275621762,2.0030776053204318,0.0,-0.0,0.0,0.0,0.0,0.0
4224,0.3753014230021955,0.4630965672844698,0.06214820107576886,0.6685421351832186,0.35290701738724467,1.9980831274095265,2.4470242234744496e-15,-9.219146088913983e-15,-0.0,5.714004754573011e-05,0.00021108323707675044,-0.00040331854707062535
4225,-0.35165588568364103,-0.6843890010341981,-3.524012418732685,-0.5131093951927908,-0.8229070511849271,1.9987961792704543,0.0,-0.0,0.0,0.0,0.0,0.0
4226,-0.08316712307260035,-0.7542186769897331,-2.4878876364741056,0.7301920646745929,-0.5885972970349851,2.000438141432892,0.0,-0.0,0.0,0.0,0.0,0.0
4227,0.17335623030629604,-0.08103962741008712,-3.0841893805477167,0.4807903863745305,0.8366885097496414,1.998386576158303,0.0,-0.0,0.0,0.0,0.0,0.0
4228,0.6124398159205237,0.12421667688678129,-3.8130834465192707,-0.9740205167705228,0.22172044333923951,2.0012011926279545,0.0,-0.0,0.0,0.0,0.0,0.0
4229,-0.008401999634181053,0.7830638561356768,-2.1798375141518798,0.10071523118112695,0.18356137925345054,1.998970211715906,0.0,-0.0,0.0,0.0,0.0,0.0
4230,-0.13243845652394878,0.9155520420499178,-0.22195800235074115,0.6958644965451909,0.500275803863015,1.999258328724328,0.0,-0.0,0.0,0.0,0.0,0.0
4231,-0.5975029715752432,-0.7622028913400467,-3.128582189393706,-0.725228974828332,-0.3922517591429834,1.9986309334281813,0.0,-0.0,0.0,0.0,0.0,0.0
4232,-0.518462108758041,-0.6499577589871469,-1.8713323118897647,-0.5424513121466233,0.09736016303903687,2.0020940444329436,0.0,-0.0,0.0,0.0,0.0,0.0
4233,0.9630745232810245,-0.06661374371972258,0.3372162831448154,-0.0332320057456019,0.9476586499957913,2.0017510409489807,2.66743852386955e-14,-6.055411436081933e-15,4.006207469382331e-298,0.0006112418156256788,0.0001420837342487959,0.0001660185347979111
4234,0.5714967684851756,0.10834163699848087,-1.2691672170856068,0.6493687971606997,-0.33288039412762643,1.9999639117877415,0.0,-0.0,0.0,0.0,0.0,0.0
4235,-0.27142141809690834,0.9506176544348781,-0.2847318028725448,0.20351235529132658,-0.2447275330956289,2.002126841394783,0.0,-0.0,0.0,0.0,0.0,0.0
4236,-0.2038701895139211,0.3023765505388387,-0.22142479231829154,0.46295568514613444,0.5604206137918126,2.0003667851719094,0.0,-0.0,0.0,0.0,0.0,0.0
4237,0.2375898682045637,0.16573552693154076,-3.957829775153985,-0.7643464237814548,0.18799602430779241,1.9974802795033177,0.0,-0.0,0.0,0.0,0.0,0.0
4238,-0.12692870879637383,-0.40184153758180957,-2.785983518882886,-0.5396921346920488,-0.13066871247153009,1.9959197447412778,0.0,-0.0,0.0,0.0,0.0,0.0
4239,0.6691688861085532,-0.3109062600961372,-4.373045202291315,0.7115952990018409,-0.28649105553542137,2.0016808793649465,0.0,-0.0,0.0,0.0,0.0,0.0
4240,-0.6188202409629309,0.16619557780485664,-3.447136460721447,-0.7272188279376121,-0.23953728309060973,1.9980386393812262,0.0,-0.0,0.0,0.0,0.0,0.0
4241,0.015343922559037684,0.9610708253413418,-0.3750441469986043,0.4942947201238537,0.4788191667878395,2.001329274299497,0.0,-0.0,0.0,0.0,0.0,0.0
4242,-0.7254533086407872,-0.2100287157678665,-3.5933683292984213,-0.28539878161089943,0.4755699093977563,1.997198147191873,0.0,-0.0,0.0,0.0,0.0,0.0
4243,0.17431600793724966,-0.19781785522413162,0.06449387405608606,0.4042527701735825,0.6744553664882291,1.9997865999475621,2.454262974184991e-16,4.685701533069482e-15,-0.0,7.07536599510798e-06,-0.00010740269261636605,-0.0003966560966867784
4244,0.7063722968460594,-0.4269203212836987,-0.11393051183241061,0.913202867113675,-0.40273564537510764,1.9987406160765504,0.0,-0.0,0.0,0.0,0.0,0.0
4245,0.17352454754006988,0.2140206535501971,-2.3567183305921438,-0.44682883071179724,0.48109455287790553,2.001635240218693,0.0,-0.0,0.0,0.0,0.0,0.0
4246,0.35484288571982975,0.07661946468597514,-1.3399766517796328,-0.43493335074349665,0.03452043136351731,1.9992535864414354,0.0,-0.0,0.0,0.0,0.0,0.0
4247,-0.10414839213915793,-0.40312687531660185,-0.8237878827497687,0.68484978428436,0.14616432323483114,1.9960729241705453,0.0,-0.0,0.0,0.0,0.0,0.0
4248,-0.8619920235722217,-0.27543408586135415,-0.4787935794156226,0.32260743775595446,-0.22723856742632143,1.9986731404460063,0.0,-0.0,0.0,0.0,0.0,0.0
4249,0.6665357974297613,-0.5953255618615386,-0.4924169212074957,0.7726312029802973,-0.48891617558482425,2.000462884448007,0.0,-0.0,0.0,0.0,0.0,0.0
4250,0.2334134446775041,0.8302295171094445,-3.4193953743543166,0.40182604233137936,-0.6100249983398103,1.9985272134164025,0.0,-0.0,0.0,0.0,0.0,0.0
4251,-0.1330019410165414,-0.5377033159871083,0.49253275911033384,-0.37182349329757397,-0.1254607773742995,2.0002056774135024,-2.646329860810316e-15,1.1184397239787427e-14,-8.987394157885568e-210,-6.048965772357704e-05,-0.00025685407827699913,0.0006203680544625481
4252,-0.14737768534761234,0.7256283885786419,-0.19632001370241972,0.975100520927839,-0.021860482979488484,2.0010517619694377,0.0,-0.0,0.0,0.0,0.0,0.0
4253,-0.5803062351982377,0.6667488317588389,-3.351505196207202,0.23248928381270717,0.5388446591802537,1.997720369068676,0.0,-0.0,0.0,0.0,0.0,0.0
4254,0.17097967028306635,-0.7429460797469764,-3.92130717945547,-0.444585049452007,-0.39770040798566464,1.9986202053902913,0.0,-0.0,0.0,0.0,0.0,0.0
4255,0.5827120048988236,-0.050739348387809635,-0.5532201034960428,0.5034680159169406,-0.4459415025758894,2.000330198853253,0.0,-0.0,0.0,0.0,0.0,0.0
4256,0.7167853541082085,-0.15002388859064372,-1.723438747579104,-0.2663694647382053,-0.49915177461633276,2.0001787398272324,0.0,-0.0,0.0,0.0,0.0,0.0
4257,-0.2587974543238204,0.6697009517827027,-4.400013141118479,-0.21580711427210655,-0.5936698502003582,2.0000116494876132,0.0,-0.0,0.0,0.0,0.0,0.0
4258,0.3549400472126259,0.7272895029197013,0.3422505500259814,-0.2797627414954732,0.9203456126821576,2.000846456529905,9.436881352141046e-15,-5.73645688079235e-15,-2.260108781178528e-295,0.00021143246166446512,0.00014743831220766598,0.00023730323029049106
4259,-0.03707340777939777,0.14288799802649965,-3.671773397784184,-0.12778453592390185,0.6877540407187597,1.9993217636193124,0.0,-0.0,0.0,0.0,0.0,0.0
4260,-0.0040749723018398505,0.11939769044752398,-3.7030891820785037,-0.4515798546375451,-0.43549728968899665,1.9986110045069507,0.0,-0.0,0.0,0.0,0.0,0.0
4261,-0.5125125815357237,-0.6039831244977656,-3.6608067263300836,0.5754600326105018,-0.5912880688328702,2.0000129551507126,0.0,-0.0,0.0,0.0,0.0,0.0
4262,0.06564169036398851,-0.5152761759867223,-0.7225423085325924,0.6512930024796055,-0.57834411121357,2.005092626950698,0.0,-0.0,0.0,0.0,0.0,0.0
4263,-0.11719935841020464,0.890558755133939,-1.0833425381646362,0.6211942771352343,0.29355451923481013,2.001367846100797,0.0,-0.0,0.0,0.0,0.0,0.0
4264,0.07855421362024188,0.5359931087870888,-2.2913249060497334,0.035293484010208216,0.2410000914671657,2.000505599340461,0.0,-0.0,0.0,0.0,0.0,0.0
4265,0.809265258424216,0.39955882027321915,-3.8958356587305008,0.6901573121511714,-0.3259870208619457,2.0012717559473323,0.0,-0.0,0.0,0.0,0.0,0.0
4266,0.3583260517911148,0.07998088564380182,-3.181258527180261,-0.6288276622563836,0.1054249006569715,2.0025700516230187,0.0,-0.0,0.0,0.0,0.0,0.0
4267,0.20510317445112,-0.27868350241272155,-3.147985046048677,-0.015369692448712108,0.6284984282704815,1.9986934300416226,0.0,-0.0,0.0,0.0,0.0,0.0
4268,0.5381132401677619,0.18370377704707933,-1.198581339371362,0.1265751120271883,0.8980118411777114,2.001906629361692,0.0,-0.0,0.0,0.0,0.0,0.0
4269,0.7460195889328194,-0.22551147271243652,0.25684704108888423,0.7628719282607682,-0.2265418002028525,1.999313944693166,2.3421790119673073e-14,1.2888156884183419e-15,0.0,0.0005365544194843594,-2.9138639026893014e-05,0.0001621552013553241
4270,-0.8609961294041282,-0.3554478246163603,-1.1874413759107552,-0.9852860871964604,-0.17039141272181219,2.002018593050165,0.0,-0.0,0.0,0.0,0.0,0.0
4271,0.29257902132617175,0.0801406636015745,-1.6329993420451843,-0.6497909268531832,0.29328173427590887,1.9976716562776586,0.0,-0.0,0.0,0.0,0.0,0.0
4272,-0.813391298574939,-0.3226254179916827,-3.2766304774665187,0.16998925362761894,-0.35256587295971653,1.9985593106215727,0.0,-0.0,0.0,0.0,0.0,0.0
4273,0.5033397884371291,0.028060824678322834,-0.43385919798765604,0.7550650468469012,0.5414283006676981,2.001569823206993,0.0,-0.0,0.0,0.0,0.0,0.0
4274,0.21414585346607573,-0.544429340896593,-1.2337643717217184,0.8905632256546921,0.01888446209844916,1.996187100291476,0.0,-0.0,0.0,0.0,0.0,0.0
4275,0.521410085683324,-0.4310806593231816,-2.6196199063169097,0.4064892895799722,0.07711960395255171,1.9997156869773483,0.0,-0.0,0.0,0.0,0.0,0.0
4276,-0.2023573099543536,0.20525258706869368,-2.9130927533916418,-0.5850415024422042,0.6541554629466634,1.9986002520405728,0.0,-0.0,0.0,0.0,0.0,0.0
4277,0.2629485848379558,0.3581977425061715,-3.1932178173819628,0.7112858794367342,0.5144772214264068,1.9997713748684445,0.0,-0.0,0.0,0.0,0.0,0.0
4278,-0.9062342625263741,0.102145311450577,-0.20542482732268694,0.45514620876286815,0.6940391086442169,1.9988734361272342,0.0,-0.0,0.0,0.0,0.0,0.0
4279,-0.40253273845359155,-0.4493974077558222,-1.7275594426051013,0.1383339316105506,0.024273126820497575,1.9987142171700354,0.0,-0.0,0.0,0.0,0.0,0.0
4280,0.10903250853444285,0.005434713063739763,-3.6411774028018127,-0.45340041209800136,-0.10321790416997359,1.9968929898100767,0.0,-0.0,0.0,0.0,0.0,0.0
4281,-0.36801144828348,-0.7606277068488247,-3.6727532237232428,0.12458304389074343,0.19179971128785242,2.0028101487925665,0.0,-0.0,0.0,0.0,0.0,0.0
4282,-0.008959614068649688,0.7844711759857276,-0.6933640783751206,-0.27910841592017027,-0.7662636112646826,2.0001228228702432,0.0,-0.0,0.0,0.0,0.0,0.0
4283,0.740343405221697,-0.5517606016747523,-2.2387904089285375,0.8494182179162333,0.0830025774697605,1.99858302831102,0.0,-0.0,0.0,0.0,0.0,0.0
4284,0.3710322072637421,0.12078188389035259,-1.6782626475376037,-0.24202378991509085,0.37020598081842804,2.004228048382422,0.0,-0.0,0.0,0.0,0.0,0.0
4285,0.6843335545709441,-0.648559014758859,-4.489747453880048,0.14834014195444145,-0.5242545292650921,1.999564812584696,0.0,-0.0,0.0,0.0,0.0,0.0
4286,-0.07901165528316631,-0.9368994760026264,-3.353778107498017,-0.04687245539831204,-0.06938904474199666,2.0003904716789482,0.0,-0.0,0.0,0.0,0.0,0.0
4287,-0.21864517781274148,0.1463220699267864,-0.9962994580285441,0.6117855324217857,0.5668768463992621,2.001469496430465,0.0,-0.0,0.0,0.0,0.0,0.0
4288,0.7093858241901702,-0.13384528550014033,-0.4373084116319491,0.13306755909009352,0.6150257919725209,2.00125199477897,0.0,-0.0,0.0,0.0,0.0,0.0
4289,0.5253600900005864,-0.5468169348171394,-2.4518368416371548,-0.06351628134776335,0.9454592233461503,2.0055265233358095,0.0,-0.0,0.0,0.0,0.0,0.0
4290,-0.9351338591011119,0.3249883918510624,-4.35620125031397,0.17841635838646297,0.18306259503054273,2.0011457115136233,0.0,-0.0,0.0,0.0,0.0,0.0
4291,0.8568147298611613,-0.4301849972754591,0.32051277772125203,-0.2010207897764276,-0.32346719652248984,2.002389279289925,2.701854647060514e-14,4.084147896891421e-15,-1.0901289445389245e-307,0.0006198342017585553,-9.413418642094056e-05,-0.00011018142672085762
4292,0.41633706083046956,-0.35740300120441604,0.33232368357985215,0.4744261949194506,0.6921022763794917,2.0007388361606573,1.0854624034240044e-12,-1.172023062895457e-12,-2.2844695553655823e-301,0.024710981618479972,0.026697212260224493,0.01606211289581789
4293,-0.15179451429382868,-0.7964520773593775,-0.46928595890838093,-0.46288184628772805,0.3528025757578839,1.9990829177150065,0.0,-0.0,0.0,0.0,0.0,0.0
4294,0.6197121844834511,-0.337810823192201,-1.7823755602120146,0.10358993981735513,0.9518778074754563,2.0005524830200483,0.0,-0.0,0.0,0.0,0.0,0.0
4295,-0.509915034103586,-0.3225365612659462,0.035451150795981885,-0.29013523439712546,0.5146650412294459,1.996694636592119,-1.8174453948598145e-14,1.7050930323363624e-14,-0.0,-0.0004159793644885704,-0.0003927229184561824,-0.0005441997017250828
4296,0.12576819199103262,-0.9383796170949037,-3.9131462157595798,-0.05097357146296338,0.15915298735283948,1.9989930899226356,0.0,-0.0,0.0,0.0,0.0,0.0
4297,-0.21265533629323818,-0.3068627710169214,-2.4242394125238924,0.25354820697285574,0.7673193714203137,1.9992956519167753,0.0,-0.0,0.0,0.0,0.0,0.0
4298,-0.2880434291839991,0.19745280508307472,-1.0806044927931293,-0.26967001582064637,0.9181413471702006,1.9984458309075255,0.0,-0.0,0.0,0.0,0.0,0.0
4299,-0.7218126277313158,-0.5165992372628806,-3.956552020043291,-0.03699147434103007,0.7450992017173058,2.0007054976011553,0.0,-0.0,0.0,0.0,0.0,0.0
4300,-0.5829410165402263,-0.001263438211167041,-0.4266148659871741,-0.08728599742909667,-0.3102094050720155,1.9981678414541133,0.0,-0.0,0.0,0.0,0.0,0.0
4301,-0.26695960089808596,-0.394781411545512,-3.0021258792943772,0.6905908579299813,0.5949470308877453,2.0001529330549888,0.0,-0.0,0.0,0.0,0.0,0.0
4302,0.7882208070676529,-0.05312498675756946,-3.1760095935220036,-0.04379818661682809,0.5673265878062714,1.9967411761454137,0.0,-0.0,0.0,0.0,0.0,0.0
4303,-0.06543569701959762,0.09420470066985626,-2.005115819082552,-0.9415253743472709,-0.06331362482876264,2.0016477653634883,0.0,-0.0,0.0,0.0,0.0,0.0
4304,-0.1867421526479376,-0.7515846401097226,-0.46504680129151804,-0.5599611252079651,-0.6942471921369706,2.0022728909087113,0.0,-0.0,0.0,0.0,0.0,0.0
4305,0.5338641236983089,0.4077755002106957,-3.065014137035251,0.744750931871508,-0.636914880063807,2.0003364027150257,0.0,-0.0,0.0,0.0,0.0,0.0
4306,0.3566422978934133,-0.08486533922143892,-1.861285250677145,-0.1822437568950374,-0.172367749109483,2.001520757838778,0.0,-0.0,0.0,0.0,0.0,0.0
4307,0.2449087432550743,-0.1492419265970426,-2.8731910084031944,0.22954769843459435,-0.697630819287712,1.9982310375409944,0.0,-0.0,0.0,0.0,0.0,0.0
4308,0.09912279934877621,0.15412406168645637,0.18916660219557788,-0.42370307733806456,0.5892929183346151,1.9979577805489606,-1.1824303606567394e-15,-7.666403132190793e-16,-0.0,-2.6677712360661137e-05,1.7326948347597232e-05,-0.0001490601452991826
4309,0.05837979658628888,-0.14369643731024168,-3.9861322338509995,0.23876112417014472,-0.9620851369300447,1.9978673171637533,0.0,-0.0,0.0,0.0,0.0,0.0
4310,-0.23561242529360027,-0.20757241256548975,-4.409344338693882,-0.423979812094277,0.8521007739566023,1.996548340407232,0.0,-0.0,0.0,0.0,0.0,0.0
4311,0.7727043772843853,0.42958405585610865,-3.5105082107889882,-0.07928742408183553,-0.5363895402151999,1.999746139933576,0.0,-0.0,0.0,0.0,0.0,0.0
4312,-0.1172933787881894,-0.7636849299206391,-1.7950369874937457,-0.6136953851031693,-0.05515458545605097,1.999304134121525,0.0,-0.0,0.0,0.0,0.0,0.0
4313,-0.15464771367973906,-0.2812885151607981,-0.6135721687608185,0.9164802035174818,0.3821292662265031,2.0013548797916227,0.0,-0.0,0.0,0.0,0.0,0.0
4314,-0.02532501726610145,-0.671539578448003,-0.3135634636268231,-0.48126325077624427,0.4406107538256762,1.9973180333163336,0.0,-0.0,0.0,0.0,0.0,0.0
4315,-0.39162094791932833,-0.3666298261778857,-1.7366754915465326,-0.8465095501338109,0.08976321349978551,1.9980408082694652,0.0,-0.0,0.0,0.0,0.0,0.0
4316,-0.22543213726867536,0.34189982145294856,-0.3330861617752717,-0.96386030354907,0.06997816928241073,2.000415839855843,0.0,-0.0,0.0,0.0,0.0,0.0
4317,-0.23499350267660457,0.29461115290019285,-3.459960183172085,-0.10424747195550378,-0.6319126698144979,1.9992365028637313,0.0,-0.0,0.0,0.0,0.0,0.0
4318,-0.5282510439256772,0.14696785723355568,-1.7468158441000428,0.34396587705071135,0.8418941772962721,1.997787365134312,0.0,-0.0,0.0,0.0,0.0,0.0
4319,0.04172433307927698,-0.5080574451365688,-0.011589547148203285,0.03450951949501128,0.713022966000668,1.999465525742992,0.0,-0.0,0.0,0.0,0.0,0.0
4320,0.18658867115790742,0.8564910344690566,-0.44381408280449375,-0.6402973979976642,0.26107922064374167,1.9990290847281036,0.0,-0.0,0.0,0.0,0.0,0.0
4321,0.24933597543368408,-0.309748856864404,-0.7724886679525217,0.046417659876450086,-0.8070018760026314,1.9994888921977272,0.0,-0.0,0.0,0.0,0.0,0.0
4322,0.6063100417635683,0.5867902293656524,-0.3281680047791102,-0.8280113587650053,0.014258872675429161,2.0008441728285007,0.0,-0.0,0.0,0.0,0.0,0.0
4323,0.1886365775722478,0.38866799542201946,-0.3314083214608607,-0.1959138118190388,-0.19418781705016588,2.0034412039442886,0.0,-0.0,0.0,0.0,0.0,0.0
4324,-0.5606613523852328,-0.7308278140164427,0.3142788035148751,-0.4281107405194502,0.7722092338761717,1.9961590872955395,-1.1960311269911355e-14,1.8645677744556394e-14,-2.9294907042944e-311,-0.0002754420851580888,-0.000428126472402523,3.770347220933138e-05
4325,-0.6476875039169339,0.3500480200349074,-4.224019210969763,-0.10895891774318281,-0.532809650231971,1.9977882470693846,0.0,-0.0,0.0,0.0,0.0,0.0
4326,-0.4990313363935705,-0.17984881962559385,-2.632934626077665,0.5763950347115069,0.5967988307263157,1.9995236405436276,0.0,-0.0,0.0,0.0,0.0,0.0
4327,0.7079685407872889,0.08101076494201023,-1.1261048340882076,-0.8240742056562301,0.18795968942130958,2.000126599945267,0.0,-0.0,0.0,0.0,0.0,0.0
4328,-0.36030476743576095,0.7185435611563511,-4.372477671010326,0.32687781912758535,-0.005387353169173653,2.0004800499447803,0.0,-0.0,0.0,0.0,0.0,0.0
4329,0.2655110759951301,0.5398836939870653,-2.0625282219052132,-0.3162391189607073,0.31634579988191414,1.9998054351222052,0.0,-0.0,0.0,0.0,0.0,0.0
4330,-0.23535979235690555,0.7480365340118273,-0.445766086329615,-0.3695049023625014,-0.4298934617943542,1.9959182121015857,0.0,-0.0,0.0,0.0,0.0,0.0
4331,-0.3380907320942016,-0.3457313606253811,-1.3886455384162337,0.3898471132083761,0.5919876662923144,2.0034064407300463,0.0,-0.0,0.0,0.0,0.0,0.0
4332,0.4140995408365162,-0.41580289534274756,-3.23081904261043,-0.2324299232919205,0.7124854135624415,2.0029571930501255,0.0,-0.0,0.0,0.0,0.0,0.0
4333,-0.3456781743547061,-0.12355111056367402,-4.495260642403563,-0.06518999817198215,-0.9206042180031508,2.0001355333227933,0.0,-0.0,0.0,0.0,0.0,0.0
4334,0.7740388523836037,0.629238173456645,-3.843367291870303,-0.66856584000856,-0.05786179796042994,1.9982679154629925,0.0,-0.0,0.0,0.0,0.0,0.0
4335,-0.7308736972240076,0.23376147859205795,-0.8890165369817984,0.9980445282505019,0.03265738780482719,2.00122299177964,0.0,-0.0,0.0,0.0,0.0,0.0
4336,-0.2908808718484674,0.11125836949274567,-0.37119263013636505,-0.5661569734368205,-0.32677651087004933,1.9991958087326038,0.0,-0.0,0.0,0.0,0.0,0.0
4337,0.8223491904456433,-0.34655819654309516,0.38612635327395656,0.24041416611535715,-0.28692960739588685,1.9969291597952075,1.581090880581294e-14,4.960745312563611e-15,-1.7946319067906453e-270,0.0003623823284498942,-0.00011515287198511967,0.0003423118127966918
4338,0.5157881578171138,0.6690232445540829,0.4856333539032591,0.629633189763911,-0.10281711745735929,1.9993932588912355,1.3284490147050593e-14,-1.484380210591203e-14,1.9454472402442012e-213,0.0003046353549156318,0.0003407698309365207,0.00043173119946099945
4339,-0.18501151968422658,-0.4683222481945907,-2.785547534471089,-0.6241030030407887,-0.7658830959402748,2.000342052103405,0.0,-0.0,0.0,0.0,0.0,0.0
4340,-0.11332863658145238,-0.8577826556367864,-0.36268652901566034,-0.8344246171641806,-0.4510873765668117,1.9982749355359768,0.0,-0.0,0.0,0.0,0.0,0.0
4341,0.3432227894200508,0.7733430843894077,-2.2232543857546103,0.6469079590054893,0.11627247406474563,1.9993953946235798,0.0,-0.0,0.0,0.0,0.0,0.0
4342,-0.17920756793859646,0.19092550531256033,0.4616963796646323,0.1277809744970616,0.54029828043025,1.9976622358338447,-2.351582689920341e-15,1.5605762209298752e-15,3.8465363038636584e-228,-5.36334538948124e-05,-3.563379861767075e-05,0.0005403271406297236
4343,-0.8429461713284504,-0.08598435063740789,-0.9738136429808256,-0.2663900705077076,-0.9283085036279249,1.9972279141387579,0.0,-0.0,0.0,0.0,0.0,0.0
4344,0.8865301954203016,0.4620611024530589,-1.9572230163250086,0.4348500534144547,-0.6906805530487963,1.997654258167663,0.0,-0.0,0.0,0.0,0.0,0.0
4345,0.5984406583921433,-0.7688768060806783,-1.25199912094378,-0.25965868378296264,0.20079206210084158,2.001718181319437,0.0,-0.0,0.0,0.0,0.0,0.0
4346,-0.7257055054681896,-0.3944443032561143,-0.8977042305200769,-0.8273971368026098,-0.5392900947165907,2.0040918569999095,0.0,-0.0,0.0,0.0,0.0,0.0
4347,0.7143018411127564,0.6539221671232786,-4.281983373723793,-0.8390271098471042,-0.5347806891718185,2.0018369511114407,0.0,-0.0,0.0,0.0,0.0,0.0
4348,0.6823574086562838,0.4243921833481983,-3.3868654898859076,0.14096070710536995,-0.08684894276419708,2.001312335203495,0.0,-0.0,0.0,0.0,0.0,0.0
4349,-0.2903201548305128,0.336556038536056,-1.864183775967959,0.8066327957624053,0.4238718469951102,1.9984542612120781,0.0,-0.0,0.0,0.0,0.0,0.0
4350,0.9893643285612371,-0.14359911780689105,-2.496529668173869,0.09254250320821628,-0.5226175818842005,1.9990910165329776,0.0,-0.0,0.0,0.0,0.0,0.0
4351,0.5983554863319465,0.05795141877125623,-0.5851355277472232,-0.6564180091359996,-0.2582924210595898,1.9978512005843525,0.0,-0.0,0.0,0.0,0.0,0.0
4352,0.04043821001043691,0.17649363413753785,-3.8667369820118984,-0.44051978848380086,0.5343524448358269,2.0006913966952005,0.0,-0.0,0.0,0.0,0.0,0.0
4353,-0.07885528961523965,-0.649589264525721,-4.380985594716081,-0.3774179274509232,-0.1988636762506078,2.00315023301673,0.0,-0.0,0.0,0.0,0.0,0.0
4354,0.40225418506376875,0.8476953498040422,-4.168892079271739,-0.5370313446267563,-0.7764034573287696,1.9976493220035478,0.0,-0.0,0.0,0.0,0.0,0.0
4355,0.4532262675535005,-0.6346182109694669,0.5019847062742795,0.09796989175806886,0.09681580338106995,1.9999762507269772,8.378504722154998e-15,9.861989941782196e-15,-2.6855764685900196e-205,0.00019260684150649036,-0.00022547893560246097,0.000506085048797756
4356,0.14469838807058816,-0.6128622425184521,-2.7477038399574485,-0.5386752382389824,0.2649258977416602,2.001922641946242,0.0,-0.0,0.0,0.0,0.0,0.0
4357,0.7506556944420306,-0.2213227354364103,-3.2514767623083083,-0.49655455997738046,-0.09100003090658086,1.9971159223181756,0.0,-0.0,0.0,0.0,0.0,0.0
4358,0.135093187132658,0.83450305650754,-3.6377208049213463,0.18656953195894044,0.10669202935966166,2.0047134910446807,0.0,-0.0,0.0,0.0,0.0,0.0
4359,-0.7250764278394088,-0.44445194074398797,-2.2651646989608096,0.8371998107401121,0.0074182794859644925,1.9999475883580684,0.0,-0.0,0.0,0.0,0.0,0.0
4360,-0.33309596963066507,0.27327913982644486,-1.1326053073951279,0.43994544815593406,-0.3295774370242508,2.001822903269216,0.0,-0.0,0.0,0.0,0.0,0.0
4361,0.7568557945182908,0.3123545517760374,-0.4701393333020177,0.05544623483885765,0.17935088372570296,2.0003101559930405,0.0,-0.0,0.0,0.0,0.0,0.0
4362,0.36072430798016175,-0.7253051922858349,-1.5172845882142367,0.4782000923716679,-0.7375303737194012,2.0018616868757864,0.0,-0.0,0.0,0.0,0.0,0.0
4363,0.05118785972627961,-0.49314348638469596,-2.745950378263992,0.2596166187887024,-0.5702195955175333,2.0007340848453428,0.0,-0.0,0.0,0.0,0.0,0.0
4364,-0.06862131242782842,0.827846339476897,-2.722295369612509,0.025817117319515782,0.8941716301821693,1.9985110064671132,0.0,-0.0,0.0,0.0,0.0,0.0
4365,-0.7456767565461627,-0.2653899497503351,-3.3295964769834394,-0.5759926050036952,0.7701076541311969,1.9978416428340995,0.0,-0.0,0.0,0.0,0.0,0.0
4366,-0.3985147738267895,-0.4434607444455231,-3.593941340996112,-0.8948655212103583,-0.2277900449384537,2.001844488839054,0.0,-0.0,0.0,0.0,0.0,0.0
4367,0.5863943901626312,-0.4531287469922613,-3.0435432225977395,0.08411993021404607,0.9687802909292931,1.9992255285153584,0.0,-0.0,0.0,0.0,0.0,0.0
4368,0.547837959672876,0.031421563480578486,-0.1989001740962601,-0.29953130757554586,-0.8142428475432353,2.000182626795659,0.0,-0.0,0.0,0.0,0.0,0.0
4369,-0.1696972064762218,-0.027197263242532473,0.24034308789633102,-0.5166010247363058,0.011033492332538204,1.9990221407677726,4.407001079862364e-16,-2.8865187632128633e-15,-0.0,9.483264990362663e-06,6.581890644684168e-05,-5.3334449230156195e-05
4370,-0.7481660519332012,-0.21817834603466024,0.47671982543372804,-0.8438284387128564,-0.16844271659565307,1.9978299767991556,-2.1047240535366396e-14,1.1220431376511234e-14,-9.128354653657592e-219,-0.0004863379504105248,-0.0002604735561472489,0.0006293901586037886
4371,0.5826929610423209,0.749564803738536,-4.379777661107665,-0.735517006896424,0.22726410733352176,2.0014827157484922,0.0,-0.0,0.0,0.0,0.0,0.0
4372,-0.30243372361091597,0.409687745134136,-0.11822047678257089,0.0366395382486797,-0.7789729570670098,2.002185095016768,0.0,-0.0,0.0,0.0,0.0,0.0
4373,0.11114951926426107,0.33240745862507043,-3.5250662441639986,0.5189894915581141,-0.57635775190048,1.999635353859904,0.0,-0.0,0.0,0.0,0.0,0.0
4374,0.0938004818957481,-0.007410221355156423,-0.6506513253539894,0.703313130812857,0.2936349649702507,2.0039298994004966,0.0,-0.0,0.0,0.0,0.0,0.0
4375,0.8390007219855301,-0.33801324267293803,-2.7848490925026326,0.6517903656007704,0.0627219524187945,2.0039367840415343,0.0,-0.0,0.0,0.0,0.0,0.0
4376,0.3517427247522885,-0.14864381357866172,-0.22153070261759328,0.3572142318028452,0.10186495232158929,1.9992496473362644,0.0,-0.0,0.0,0.0,0.0,0.0
4377,-0.5731081649113446,-0.28823639829461595,-4.439807560834033,-0.3258775286489346,0.7860360549287713,1.9993437229162923,0.0,-0.0,0.0,0.0,0.0,0.0
4378,-0.649492883561627,-0.03506060927524725,-1.0011303200095532,-0.21070830177461183,-0.04780399806928807,2.0034014850867834,0.0,-0.0,0.0,0.0,0.0,0.0
4379,0.8295646933882873,0.1706037254670601,-1.696922085235013,0.06023080630364336,0.8837952273010747,1.9994782915973972,0.0,-0.0,0.0,0.0,0.0,0.0
4380,0.9429488253885384,0.000868005306982002,-1.2069828989787534,0.12571093876271677,-0.36789776877539376,1.99473179317494,0.0,-0.0,0.0,0.0,0.0,0.0
4381,-0.8226280440956151,0.439338200850949,-3.4891416408252782,0.3207582289027461,0.6018229812843504,1.999026340861392,0.0,-0.0,0.0,0.0,0.0,0.0
4382,-0.032084041931576913,0.6988575724553017,0.01923223972926426,0.8766310087686398,0.19104619278021315,1.9984754936049025,-2.125711609973781e-15,-1.0083471663321252e-14,-0.0,-4.835880367828608e-05,0.00023126698399952167,-0.0005340228046205828
4383,-0.9474059809378315,0.14862776475792414,-3.4289968654473357,0.6057250961417501,-0.7434047533155432,2.0022383228714378,0.0,-0.0,0.0,0.0,0.0,0.0
4384,0.4323875420542435,-0.22675081027185415,-0.3524172223236467,-0.378898111601568,-0.05320158545355049,2.0024557899150013,0.0,-0.0,0.0,0.0,0.0,0.0
4385,0.06049182540931172,0.3156254408199292,-2.883567522167906,-0.6345711769251469,-0.11810605120592498,2.002341221977912,0.0,-0.0,0.0,0.0,0.0,0.0
4386,0.03042658918701658,0.9240760015629469,-0.5924365462383788,0.7770282512224888,-0.045128834443657014,1.9954108177033183,0.0,-0.0,0.0,0.0,0.0,0.0
4387,-0.061484284265029096,-0.7043385985721687,-1.5468758921144212,0.3928474469154248,-0.20242786618166017,2.0012733340244098,0.0,-0.0,0.0,0.0,0.0,0.0
4388,0.5690732651422904,-0.513330543451115,-0.4607640912642977,-0.2991862390464513,0.08482903897831119,2.0007603183171776,0.0,-0.0,0.0,0.0,0.0,0.0
4389,0.4183097428595726,0.6920167714716485,-0.3213926102684096,-0.8785422702307967,-0.1759835925448868,1.9966071430398677,0.0,-0.0,0.0,0.0,0.0,0.0
4390,-0.21373867382381473,-0.009296263850173563,-4.010171116851016,-0.8877907838015782,0.014397650184531771,1.9981273914939552,0.0,-0.0,0.0,0.0,0.0,0.0
4391,0.5464500454702386,0.6113221291624924,-2.6471892027367794,-0.42585196095732836,0.2485139087788513,2.0004397294051586,0.0,-0.0,0.0,0.0,0.0,0.0
4392,0.6754463091288185,0.26097644172546935,-4.259620554423349,-0.25320273038123836,0.28195838939698453,2.0026991918776456,0.0,-0.0,0.0,0.0,0.0,0.0
4393,0.3008276409126329,-0.18184803657871343,-0.5299610846979053,0.6585226975614723,0.18585173810481695,1.9982225649843623,0.0,-0.0,0.0,0.0,0.0,0.0
4394,0.005993016436874007,-0.08513521283407266,-0.17370781541143532,0.06946854433386138,-0.86425464145249,1.9979142362130173,0.0,-0.0,0.0,0.0,0.0,0.0
4395,0.8382065174768571,-0.42279116280088347,-3.412526393433299,-0.3355989582287851,0.7821842797136874,2.0022081490045074,0.0,-0.0,0.0,0.0,0.0,0.0
4396,0.6190311105854898,-0.19015305238563632,0.23384905766750333,-0.18494970022579077,-0.6752777943917941,1.9991754637331984,9.392324584375421e-15,7.105004331136141e-15,-0.0,0.00021817062663553126,-0.0001663610230436465,-1.8202182762885134e-05
4397,0.20316213996276958,-0.11310133482892475,-2.7363451708293867,0.6134811777216985,-0.5543763443066319,1.9994758367025045,0.0,-0.0,0.0,0.0,0.0,0.0
4398,0.7421985578839196,-0.11372083569819139,-3.9431826179407334,-0.7113646273909457,0.4861385169697896,2.0024023955687142,0.0,-0.0,0.0,0.0,0.0,0.0
4399,0.6210876609215292,0.5180249367301564,-1.784136142087241,-0.7929070241189857,-0.14236766019026142,2.0021516826505383,0.0,-0.0,0.0,0.0,0.0,0.0
4400,-0.0019762485153203783,-0.4641891990237786,-3.2888879259909327,-0.19360066090772624,-0.5519791388086825,2.000584205848212,0.0,-0.0,0.0,0.0,0.0,0.0
4401,-0.7098305771924832,0.5015675489432369,-0.03192603736523669,0.6035340123366819,-0.03266838603306263,1.99836313552003,0.0,-0.0,0.0,0.0,0.0,0.0
4402,-0.234537140683809,0.755517463203428,-1.0979745265244847,-0.4287780922796881,-0.481112791876535,1.9993612859983039,0.0,-0.0,0.0,0.0,0.0,0.0
4403,-0.457975863667951,0.1813901300719268,-2.053856334594942,0.12013630022407545,-0.44026478728540197,2.0025095308244327,0.0,-0.0,0.0,0.0,0.0,0.0
4404,-0.21749256714222573,0.7045197890746497,-3.2935397531292185,-0.9093701006130108,-0.3842363392743707,1.9956432613611343,0.0,-0.0,0.0,0.0,0.0,0.0
4405,-0.7744502479607833,-0.6021359758737984,-4.1094514315651205,-0.8479762636258513,-0.06530143513437105,2.0017476534754675,0.0,-0.0,0.0,0.0,0.0,0.0
4406,-0.21820694904864307,-0.6167488960296865,-4.2340606742024764,0.05267713630344461,0.5780861759487453,2.0009204403280494,0.0,-0.0,0.0,0.0,0.0,0.0
4407,0.4479314172463824,-0.5641525107035722,-4.472184126865497,-0.41697805359520795,0.3992664580092148,1.9987771654018514,0.0,-0.0,0.0,0.0,0.0,0.0
4408,-0.704364270142203,0.4760767479022793,-0.1146278917057522,-0.6059582439067086,-0.23227047599762404,2.0020359094604765,0.0,-0.0,0.0,0.0,0.0,0.0
4409,-0.060372228042474774,0.1193666526447611,-1.2548168219261204,0.3915165818363871,0.4719133281011255,1.9975372452309406,0.0,-0.0,0.0,0.0,0.0,0.0
4410,-0.7899689696014932,0.4427587235545192,-1.1063953761198233,0.04900209100241824,0.9724989037845361,2.0049963450489328,0.0,-0.0,0.0,0.0,0.0,0.0
4411,0.13896454775712272,-0.9526049969455406,0.37398293972891633,0.1613826672413819,-0.8948933349812468,1.9988771620978147,9.223907383244867e-15,2.418324847740252e-14,-1.4879319613723383e-277,0.00021191026988124322,-0.0005559212816824349,0.0003153233880169549
4412,0.014828486855414807,-0.9113845476143316,0.22893845261921067,-0.01098517337860241,-0.11941826448662021,2.000242980253043,5.9216137640122e-15,2.904128685610785e-14,-0.0,0.00013730979712146094,-0.0006659946013605656,-9.235040464405307e-05
4413,-0.717189619697929,0.4728023845731,-0.9930968150663044,0.6991959529651998,0.5896405675676616,1.9972750607231426,0.0,-0.0,0.0,0.0,0.0,0.0
4414,-0.7372741599360155,-0.23952981281547017,-3.7584026982235965,-0.49083715568224395,-0.5572896677246153,1.999216315684174,0.0,-0.0,0.0,0.0,0.0,0.0
4415,0.1082881642772829,-0.4022192559168325,-1.2392672062644545,0.06981617258316603,0.161406497254761,1.9994061572125716,0.0,-0.0,0.0,0.0,0.0,0.0
4416,-0.49031309021013186,-0.4993558969760868,-0.9088181264195412,-0.013364622253248038,0.5013548501384241,2.0038317729528865,0.0,-0.0,0.0,0.0,0.0,0.0
4417,0.36612256061326315,0.3039139429189233,-0.6544699340135391,-0.19529189774952727,-0.5898798157306161,1.9980705822559663,0.0,-0.0,0.0,0.0,0.0,0.0
4418,-0.8319056373004599,-0.5494672162804676,-0.511995315167859,0.2045678146476912,0.748159142783986,1.9993779759913075,0.0,-0.0,0.0,0.0,0.0,0.0
4419,-0.44465132979012556,-0.49331066423152375,-1.5051295219453673,0.03981370369020403,-0.620844504552447,2.001940270419887,0.0,-0.0,0.0,0.0,0.0,0.0
4420,0.4730246547265337,-0.6414312527192491,-3.219229778520231,0.4203213386978236,0.19401378382543033,2.000524487877023,0.0,-0.0,0.0,0.0,0.0,0.0
4421,0.34703065024137064,-0.9243604010563109,-2.0565217329749865,0.1630033884866106,-0.9104515979549855,2.0023843133211034,0.0,-0.0,0.0,0.0,0.0,0.0
4422,-0.6037877280511668,-0.6472422437100357,-3.5787567867956342,0.16649102216671044,0.061651508345925345,2.0009294148150936,0.0,-0.0,0.0,0.0,0.0,0.0
4423,0.5891770954877144,0.6895241853903871,-0.3794071073605107,-0.12757507063603832,-0.036676375168602705,1.999673937032787,0.0,-0.0,0.0,0.0,0.0,0.0
4424,0.8087904950418088,-0.32321484745694623,-3.1881703845582163,0.9626733071470365,-0.1492711148782139,2.0024731657309798,0.0,-0.0,0.0,0.0,0.0,0.0
4425,0.47228789280718564,-0.6245965752390927,-3.9431822192838126,0.16626171236172488,0.9171301263161414,1.999792724298318,0.0,-0.0,0.0,0.0,0.0,0.0
4426,0.6584708040653453,-0.7097390278347812,-3.8538164887511135,0.33836989369731374,-0.38961986937481274,2.000237935305625,0.0,-0.0,0.0,0.0,0.0,0.0
4427,0.7014808911346031,0.5031593424260312,-1.2827589100231953,-0.16253909139530973,-0.19934412846171806,1.9983311443291678,0.0,-0.0,0.0,0.0,0.0,0.0
4428,-0.31620252898803597,0.025036038171263993,0.22939234032746358,-0.36121376598253735,-0.6037506050131581,1.9984338424640298,3.8522380550011705e-14,-1.3848956692780748e-14,0.0,0.0008763356985428624,0.00032198480070514215,0.00048407191875588645
4429,0.4060963501293255,0.8740290941316159,-2.707163942734403,0.9077538901875069,-0.26085908176723027,1.9982888482219896,0.0,-0.0,0.0,0.0,0.0,0.0
4430,0.6483026236805504,0.3010922447111701,-2.392303286075934,0.3922469458561308,-0.27473598038143904,1.997897507141159,0.0,-0.0,0.0,0.0,0.0,0.0
4431,-0.0573264612577399,-0.27247287775677087,-1.2206818735659868,-0.09364301721595786,-0.35748953871203076,1.996955806213148,0.0,-0.0,0.0,0.0,0.0,0.0
4432,0.13354923628484858,-0.48000870892399816,-2.4720116667903786,-0.5232464937324197,-0.13547909582424286,1.9990559073909824,0.0,-0.0,0.0,0.0,0.0,0.0
4433,0.0630196248389435,-0.564960005060613,-0.651878914902134,0.7182088451619437,0.28898417717844505,2.000621549442773,0.0,-0.0,0.0,0.0,0.0,0.0
4434,0.23222346178860015,-0.7058860106192595,-3.5021917400531604,0.10621134996898093,0.17279345450204686,1.9991091616653178,0.0,-0.0,0.0,0.0,0.0,0.0
4435,-0.5573161622766839,-0.7576389202992713,0.4010939472504616,-0.5185402635094667,0.5528789583776198,1.9983366589624119,7.922650392151772e-16,3.253353322868604e-14,8.110826225911018e-262,1.739223063327127e-05,-0.0007444482208818786,-0.00013639877518114598
4436,-0.8041365340166002,-0.4053941620106927,-0.22928924722519284,-0.25639902164806694,-0.018615810016129095,1.9991811511561877,0.0,-0.0,0.0,0.0,0.0,0.0
4437,-0.20668695850587437,0.35984823898413565,-2.652320353748711,0.05745425769781075,-0.33874099573172234,2.002975322276596,0.0,-0.0,0.0,0.0,0.0,0.0
4438,0.26775317108605584,-0.6575851580052161,-1.3464711124846898,-0.0625898338348599,0.3722750693286159,2.0002167413261693,0.0,-0.0,0.0,0.0,0.0,0.0
4439,0.4203709548259519,-0.6593167423037918,-1.9909620706187368,-0.9119547089666884,-0.3363707192485343,2.003888313787781,0.0,-0.0,0.0,0.0,0.0,0.0
4440,0.6364447012171859,0.11153577297772942,-1.1752238574688876,0.13618248903544689,0.9689936947563241,2.0000543566416185,0.0,-0.0,0.0,0.0,0.0,0.0
4441,-0.2546341303917968,-0.9331725842490578,-0.43781104643445756,0.19785390634470587,0.6161638215325961,2.002299912537709,0.0,-0.0,0.0,0.0,0.0,0.0
4442,0.7496094947406632,-0.09726407597696264,0.07386959910222372,-0.07590706837287907,0.5048401171727991,2.0015715994932504,1.0910732071372632e-14,-2.890634014219684e-15,-0.0,0.00024950274560891117,6.104610283563942e-05,-0.00037062396638914367
4443,-0.09352662360011947,0.7005798058384222,-1.2068146528934158,0.22958736661570978,-0.30908157954500687,2.000192925522869,0.0,-0.0,0.0,0.0,0.0,0.0
4444,-0.018710151213467478,-0.41244012808080477,-2.714011404238989,0.2863553401653492,0.23555338480154395,1.9982944048234486,0.0,-0.0,0.0,0.0,0.0,0.0
4445,-0.006916652998856469,-0.3382306197578155,-1.3507766055695534,0.21255852149776605,-0.45846168359172706,1.9978877139956073,0.0,-0.0,0.0,0.0,0.0,0.0
4446,0.2564554036715072,0.6490074490791323,-4.164381269534685,-0.8644974684216525,0.4551402622766832,1.9996408700007005,0.0,-0.0,0.0,0.0,0.0,0.0
4447,0.27433680329577964,0.36345557652909266,-2.3582513091554747,-0.3105281181342666,-0.7191883362264233,1.9998464732943309,0.0,-0.0,0.0,0.0,0.0,0.0
4448,-0.9176276007180241,0.2959016707539292,-2.5535508128072624,0.7782716593331024,-0.2970173035412686,2.001370064502704,0.0,-0.0,0.0,0.0,0.0,0.0
4449,0.3552976989101749,0.3397327214465316,-3.1245661733409715,-0.6697827196864601,0.20517382566972944,2.0027322837187627,0.0,-0.0,0.0,0.0,0.0,0.0
4450,0.6791887484662885,-0.5506162357421606,-2.7806892059773567,0.953411540671854,0.13242875751316768,1.9988943917213038,0.0,-0.0,0.0,0.0,0.0,0.0
4451,0.684041755064234,0.32282724665016266,-2.1237918409058723,-0.2623915062966394,-0.8687253198527978,2.0016700314194,0.0,-0.0,0.0,0.0,0.0,0.0
4452,0.013278257062666188,-0.6170168022552973,-1.1487901733190036,0.49231078469654554,-0.716284376664735,1.9996310924016807,0.0,-0.0,0.0,0.0,0.0,0.0
4453,0.9410338217585734,0.08892382273423509,-0.809584094009999,0.5269885643887097,0.29445446596033625,1.9997901296756497,0.0,-0.0,0.0,0.0,0.0,0.0
4454,0.42044590537571847,0.7702686516505756,-2.4777145919140895,-0.12527279932449703,0.34777699459146133,1.999528611749155,0.0,-0.0,0.0,0.0,0.0,0.0
4455,0.6812474942332213,0.44376508084216115,-1.9750686630952958,0.7035692295045141,0.029465384863463676,1.9997809703527645,0.0,-0.0,0.0,0.0,0.0,0.0
4456,-0.39159529101028384,-0.09281214149850397,-0.3877513964508227,-0.0050295051060935715,0.6805776622007155,1.9984327133063189,0.0,-0.0,0.0,0.0,0.0,0.0
4457,0.5202260194763786,0.3410316538433342,-2.8199601504468443,0.06463145010394929,-0.34203704288837405,2.0012776306837314,0.0,-0.0,0.0,0.0,0.0,0.0
4458,0.577800508741776,-0.30773605257278613,-2.892752424681097,-0.05667205287971023,0.12267783321955954,1.9994184359407037,0.0,-0.0,0.0,0.0,0.0,0.0
4459,-0.6090670379427372,-0.7589331348290645,-2.2662667380720203,0.35726698688599745,-0.5161327316224568,1.9998031021486289,0.0,-0.0,0.0,0.0,0.0,0.0
4460,0.382457719580371,-0.09890812827247712,-3.5967323659742525,0.08705284617318461,-0.41528234453981827,1.997192039710117,0.0,-0.0,0.0,0.0,0.0,0.0
4461,0.10545687316945764,-0.06285406409193015,-2.2390649633228614,0.28886696737710665,-0.8997882719009601,1.999500883771712,0.0,-0.0,0.0,0.0,0.0,0.0
4462,-0.8676674931144671,0.3936533087586209,0.24019331572381508,-0.17091907145144558,0.889954249496547,1.9998911604497056,-1.814895547106464e-14,-8.637647616489232e-15,-0.0,-0.0004162679449242082,0.00019709750759000372,-3.665428578309505e-05
4463,0.4419614775275254,-0.8947529304009646,-1.147135273449088,-0.8231800046798545,-0.2672329899175219,2.0006599645373715,0.0,-0.0,0.0,0.0,0.0,0.0
4464,0.5421448694319783,-0.7571288083411467,-0.6027282718351152,-0.7357001219668952,-0.4312915310054929,2.0000727526390087,0.0,-0.0,0.0,0.0,0.0,0.0
4465,0.6477303432759299,0.35027638505570746,-3.1808258258356013,0.9740111304408644,0.012068155293314,1.998661268231129,0.0,-0.0,0.0,0.0,0.0,0.0
4466,-0.1585954366719778,-0.3680800640204837,-1.4220373938718933,0.14620447657439212,0.8382737554655896,2.0025324036461747,0.0,-0.0,0.0,0.0,0.0,0.0
4467,0.2868082275000645,-0.11234982205829804,-1.8345174328558425,-0.5721029133027905,0.20550782513218596,2.000773311490708,0.0,-0.0,0.0,0.0,0.0,0.0
4468,0.3986401043412518,-0.5186651947967129,-1.1799696882970936,-0.5758525326286023,0.7288553100126592,1.9999091133026223,0.0,-0.0,0.0,0.0,0.0,0.0
4469,0.04600553413996544,-0.9573058206050095,-0.021312790501748977,0.36116673889128736,0.7367813818544239,2.0027966889047604,0.0,-0.0,0.0,0.0,0.0,0.0
4470,0.7140533957918315,0.02627839250382457,-0.6135900208357707,-0.9205469358583326,0.07223187505997498,1.9985393498591664,0.0,-0.0,0.0,0.0,0.0,0.0
4471,0.29436388796765917,0.04626717833219537,-3.118194187153,-0.48376528420424186,-0.5475148038684043,2.000171865941276,0.0,-0.0,0.0,0.0,0.0,0.0
4472,0.7188433368593441,0.6844403708783703,-3.0876519852748148,0.6880099475221861,-0.44462512705508567,2.0014286376724435,0.0,-0.0,0.0,0.0,0.0,0.0
4473,0.8068473718546789,-0.21216683540739995,-1.0485469047546496,0.060181260010754495,0.9299954772442396,2.001732269831147,0.0,-0.0,0.0,0.0,0.0,0.0
4474,-0.10329153674188064,0.060444844953675504,-1.3922685700969626,0.74401920772299,0.23875596817145256,2.000307542808145,0.0,-0.0,0.0,0.0,0.0,0.0
4475,0.3307574353088252,-0.39966357450021267,-2.088417472217933,-0.022849014245570617,-0.9644324859124361,2.000281535075474,0.0,-0.0,0.0,0.0,0.0,0.0
4476,0.3871252855625316,0.013664791659351515,-1.8203284973402472,-0.369273836860993,-0.3525044793912319,2.0033097662346884,0.0,-0.0,0.0,0.0,0.0,0.0
4477,0.05224498029486899,0.2875532266277531,-1.94025426915524,-0.4453463844300658,0.816157706620826,1.9975461240942542,0.0,-0.0,0.0,0.0,0.0,0.0
4478,-0.7161538435713057,-0.5245792074429451,0.062026997210264355,-0.8995611095157856,0.37014058061484073,1.9986069630726702,-5.869111461287783e-14,-7.106566288821551e-15,0.0,-0.0014182547193125146,0.00018896960170675786,4.3342810284871283e-05
4479,-0.6432472231515336,-0.4626291843543056,-1.3542801166484806,-0.21343462336914165,-0.3925077933372074,1.99887305424877,0.0,-0.0,0.0,0.0,0.0,0.0
4480,-0.03394582286514787,0.20537769860230037,-1.1699513575177005,-0.25785037911779585,-0.02718767585854874,2.0038368727726796,0.0,-0.0,0.0,0.0,0.0,0.0
4481,-0.059651214892348634,0.42453029893941363,0.22077975241091835,-0.010089953667944157,0.8930077232001216,2.0012385742039,3.2552767571303044e-15,-7.457503525733347e-15,-0.0,7.622807324486261e-05,0.00017015335645941532,-5.172327421624126e-05
4482,-0.6838811512200149,-0.3878836476597322,-4.060835468131672,0.11907303248988681,-0.02311308426954714,1.9991165847886219,0.0,-0.0,0.0,0.0,0.0,0.0
4483,0.35382013789188393,-0.4609609561241804,-2.1148861524007443,0.47395631585459974,-0.5943515839795184,1.9986899052305465,0.0,-0.0,0.0,0.0,0.0,0.0
4484,-0.11367144797125973,0.6785708213545167,-2.382707876656795,0.17495602347876466,0.5824703732892735,2.0010122543828075,0.0,-0.0,0.0,0.0,0.0,0.0
4485,-0.013453469190519327,0.03633469999910272,-1.7654863117036346,0.3954695573676941,0.25407036629152285,2.001825076930619,0.0,-0.0,0.0,0.0,0.0,0.0
4486,0.20175251944816863,-0.793621626821235,-1.0556165469918406,0.10637196365457795,0.04319115077054629,2.003720997273909,0.0,-0.0,0.0,0.0,0.0,0.0
4487,0.5160244613818533,0.09368490452065473,0.43463999452256685,-0.03575042827452243,-0.4981969890278724,1.9998177926894563,1.1586897004363847e-14,-1.2474589533873588e-15,-5.292906928507054e-243,0.00026670290169302234,2.7714618128170257e-05,0.0004347276867987461
4488,0.577901737486995,-0.02892258435280813,-0.9919910515925142,-0.629760175011761,-0.19689291008081197,2.0004842708929433,0.0,-0.0,0.0,0.0,0.0,0.0
4489,-0.22551828623634187,0.13041591554321502,-3.6615481482286354,-0.2181502507891351,0.7230079692035901,1.9991717231727606,0.0,-0.0,0.0,0.0,0.0,0.0
4490,-0.6035945154897325,-0.5513445707766174,-2.985748923343786,0.7735493874130842,-0.13866126478584648,1.9961574553208716,0.0,-0.0,0.0,0.0,0.0,0.0
4491,-0.5900377296485336,0.40901630054519944,-1.32452795143199,-0.8800060660446714,-0.37675062921871355,1.9969905714797451,0.0,-0.0,0.0,0.0,0.0,0.0
4492,0.25199941575264645,-0.17625346923979446,-1.7365295569369752,-0.5673623275411531,0.023153913213809645,1.9977191639338738,0.0,-0.0,0.0,0.0,0.0,0.0
4493,0.9171693967331708,-0.07200693869956802,-0.30421365902320224,-0.3873337693390149,0.8596320080969788,2.0009249968882727,0.0,-0.0,0.0,0.0,0.0,0.0
4494,0.6360322187340012,-0.06062819247808069,0.30595201116329696,0.6633635239033749,-0.5075181370468933,1.9990627809419244,1.9572413404079626e-14,8.067449666177433e-15,-4.5562e-317,0.00045203078897324125,-0.00018906320402338616,0.00013077557905152187
4495,-0.6849186527937975,0.06902915246489798,-4.2650895907077775,-0.12092304537801377,0.9917665967211249,1.996553405775111,0.0,-0.0,0.0,0.0,0.0,0.0
4496,0.1692736028935386,-0.8398917631414731,-3.4667485942279312,-0.7204410776863321,0.2603591327585964,1.997616477675276,0.0,-0.0,0.0,0.0,0.0,0.0
4497,0.3036617273676206,-0.4165031499931131,-3.748875010440029,0.3714025376868802,0.8216269719426271,2.002188176340701,0.0,-0.0,0.0,0.0,0.0,0.0
4498,0.2520301731936038,0.7299914783039251,-3.265986096724989,0.40015877339426265,0.7620356670170008,1.9997108929428926,0.0,-0.0,0.0,0.0,0.0,0.0
4499,-0.7307022851771198,0.28908017578320694,-4.336777843825203,0.20339337415289102,-0.1621254201090606,2.001881993584244,0.0,-0.0,0.0,0.0,0.0,0.0
4500,-0.09550783397202599,-0.09338283248069405,-1.1653300679351002,-0.07713833414370169,0.3674817213575869,1.996537633337672,0.0,-0.0,0.0,0.0,0.0,0.0
4501,0.5046321396984319,0.3253795206366418,0.006283658374812784,0.7932573351951475,0.17208895270064672,1.9983641722867342,1.5918075905378585e-14,-1.3181453904866264e-15,-0.0,0.0003636803628405197,2.7616097001238328e-05,-0.0006233721246078581
4502,0.34907150259245434,-0.011163329529095926,-0.2289340892576683,0.10650234426739343,-0.006814630603714297,2.0002082436502615,0.0,-0.0,0.0,0.0,0.0,0.0
4503,-0.8258016378403655,0.39588516148687525,-1.9674530265122516,0.055646271875978426,-0.38639313691773525,2.0016234204594907,0.0,-0.0,0.0,0.0,0.0,0.0
4504,-0.5806531415603013,-0.29203954944474786,-2.4408923257893855,0.192794015589677,0.6006302191884916,2.0044268368935967,0.0,-0.0,0.0,0.0,0.0,0.0
4505,-0.7059746201954182,0.5455650295103235,-3.369812517917225,0.7616712087076933,0.5333104147465791,1.9971482721704679,0.0,-0.0,0.0,0.0,0.0,0.0
4506,-0.7083527598253229,0.6891847639614379,-1.6421989878929062,0.884647190675268,-0.42433008319986437,2.0029961073265516,0.0,-0.0,0.0,0.0,0.0,0.0
4507,-0.23914108780212287,-0.6153091226224682,-1.9271493333957872,0.4212158094390331,0.5604148989016787,1.9990923865622128,0.0,-0.0,0.0,0.0,0.0,0.0
4508,0.4895767997521236,-0.5824464887147499,-0.3688837304238644,-0.1932785176659863,0.958149642421835,2.002099114805933,0.0,-0.0,0.0,0.0,0.0,0.0
4509,0.8378161155851084,0.033555458026917506,-4.170839035327192,0.15795442345734534,0.008899718848627376,1.9992391663686684,0.0,-0.0,0.0,0.0,0.0,0.0
4510,0.22797766910845163,0.1973457255241995,0.08549766635083973,0.6800183529226693,0.5181306848195305,2.0044647511677702,7.240525083585344e-15,-3.592384992583191e-16,-0.0,0.00016685595739174562,9.592523048924411e-06,-0.00045473239873996266
4511,-0.26899220108169664,0.8617631483823442,-2.0414439101754676,-0.111981502230359,0.8399746605532303,1.9969418903244414,0.0,-0.0,0.0,0.0,0.0,0.0
4512,-0.48869423672342027,0.8298769259704388,-0.8667334583091003,-0.45039288734601435,-0.4380890879634158,2.0005820245444172,0.0,-0.0,0.0,0.0,0.0,0.0
4513,-0.17398711971234615,0.9633253769258667,-4.298332459730891,0.2648680350988161,-0.11472957023742707,1.9979972094717036,0.0,-0.0,0.0,0.0,0.0,0.0
4514,0.24811136521841484,-0.8400525918187614,-2.5582288908173556,0.9539184970406566,0.20531256702585066,2.0021469651266863,0.0,-0.0,0.0,0.0,0.0,0.0
4515,-0.3531131722736888,0.017148791223515113,-4.3559463861965355,-0.5540138677351754,-0.12148309193939852,2.001653928535145,0.0,-0.0,0.0,0.0,0.0,0.0
4516,-0.31575807664867733,0.7910775712737287,-4.403746527896548,0.18983243971462438,0.314402911461824,2.0032507437625875,0.0,-0.0,0.0,0.0,0.0,0.0
4517,-0.33388600263910195,-0.06075947627784972,0.11758303941460296,0.10296856836453139,-0.42174335489185305,2.003205068902028,-5.326605258289331e-15,2.7798220651288438e-15,-0.0,-0.00012165415319846251,-6.368602260657247e-05,-0.00040460310114975254
4518,0.6899592104110144,-0.049595401546132435,-0.15592053044876888,-0.6874921049058815,0.4879874000455845,2.00027645195538,0.0,-0.0,0.0,0.0,0.0,0.0
4519,-0.4102871029958219,0.3412472051767402,-2.6737631010380403,0.3776114908384546,0.45457486800733604,2.0012519406989164,0.0,-0.0,0.0,0.0,0.0,0.0
4520,0.037166915542989745,0.7356827640999569,-4.255437320750461,0.4050352614393589,0.8571287700378042,1.9992547540371879,0.0,-0.0,0.0,0.0,0.0,0.0
4521,0.29026717185757805,-0.5352779575031575,-0.6614665874861336,-0.04120517599289906,0.1593130248518177,1.999549905466497,0.0,-0.0,0.0,0.0,0.0,0.0
4522,0.4941087094697276,-0.5511533743044671,-2.1450188193901067,0.03490786160397742,0.3686501769662911,1.999317210648124,0.0,-0.0,0.0,0.0,0.0,0.0
4523,-0.4438524674294279,-0.31272388415305974,-0.8363846626802149,0.5195867718642341,-0.6175662166614522,1.9974306184045112,0.0,-0.0,0.0,0.0,0.0,0.0
4524,0.29929447315828667,-0.9035711554965777,-1.0168000923522589,-0.7239781830282948,-0.13503663126033125,1.998150669020656,0.0,-0.0,0.0,0.0,0.0,0.0
4525,-0.5032357387545958,-0.6980661952568755,-2.031755080579885,-0.029648708186299597,0.640956585249411,1.998230189646819,0.0,-0.0,0.0,0.0,0.0,0.0
4526,0.5458890419250113,0.7020032879698335,-2.235251963527754,0.5925175780473617,-0.2077023684606282,2.0026869279653483,0.0,-0.0,0.0,0.0,0.0,0.0
4527,-0.03090187209488372,0.005157086354269976,-4.44990953978801,-0.396671123136082,-0.2829717710746286,1.9989016562214663,0.0,-0.0,0.0,0.0,0.0,0.0
4528,0.41368045049420327,0.07874685021494897,-0.901872422371458,0.6425348434173673,0.2966497852311951,1.997140422370871,0.0,-0.0,0.0,0.0,0.0,0.0
4529,-0.10154036190326217,-0.12834358238489954,-1.1417817727883666,0.3025706872961359,-0.2780104629426224,2.0002838944908565,0.0,-0.0,0.0,0.0,0.0,0.0
4530,0.5400429909554649,0.3625700501691891,-2.0153770025091875,0.5229609606642576,0.7634807976060188,2.003546224212365,0.0,-0.0,0.0,0.0,0.0,0.0
4531,0.5573375877671692,0.6883330461742994,-4.321573795552956,0.1999689808870691,-0.8916884762388954,1.9975331767745907,0.0,-0.0,0.0,0.0,0.0,0.0
4532,0.3178755832156668,-0.18102130226674373,-3.8978837925515277,0.2839324427694024,0.2965911217666326,1.9992001508535808,0.0,-0.0,0.0,0.0,0.0,0.0
4533,-0.14815091688575097,-0.3112754326222062,-3.0234983111764677,0.8752468580363948,0.0856086093955496,2.0010842551834274,0.0,-0.0,0.0,0.0,0.0,0.0
4534,0.05990406070351059,-0.898351272768912,-0.40281387868211804,-0.8812943258310425,0.10762751617820852,1.9970647664411514,0.0,-0.0,0.0,0.0,0.0,0.0
4535,0.04638979853925571,0.011405990758067037,-0.15286213104417068,-0.05731357698005294,-0.8670168577832827,2.0019761524481767,0.0,-0.0,0.0,0.0,0.0,0.0
4536,0.556493130209363,0.5696077687834942,-0.38603198748781725,-0.8026902253041724,0.33648607188600754,1.9975345776145936,0.0,-0.0,0.0,0.0,0.0,0.0
4537,0.06577361794462155,0.7018342915547949,-3.7698225421737677,0.5704344944477079,0.08972181331372149,1.9966340914033989,0.0,-0.0,0.0,0.0,0.0,0.0
4538,-0.0010323272380748643,0.590221269335126,-1.7411650118963118,-0.4312583223000228,-0.591997271211482,1.9969104492974563,0.0,-0.0,0.0,0.0,0.0,0.0
4539,-0.10085457693759271,0.6813560924236708,-3.2397410331120793,-0.733919196508801,0.5517407731078097,1.9981309999435861,0.0,-0.0,0.0,0.0,0.0,0.0
4540,0.514398017299422,-0.4075365577194859,-2.791539928221476,-0.5119891475052695,-0.018557421616295235,1.9972950126790137,0.0,-0.0,0.0,0.0,0.0,0.0
4541,0.8574155240757003,0.45377171676847977,0.12262927569718823,0.25811399102786237,-0.3591201606237479,1.9994773828117625,1.1213090091967396e-14,-1.1619961345286537e-14,-0.0,0.000256877962278015,0.00026781875867295905,-6.925607146528249e-05
4542,-0.45840501777725184,-0.5866770031649674,0.2968759817469873,0.22626080912591345,0.6241325036937952,1.9999312945758525,-4.702498218275419e-15,2.0524151984728802e-14,-0.0,-0.00010874883585031359,-0.0004715578487212838,0.00020560754545760276
4543,-0.08984208050291523,-0.3753969914137787,-1.030068621810406,-0.9536654243801073,-0.17944186140901322,2.004494851283342,0.0,-0.0,0.0,0.0,0.0,0.0
4544,0.778243222753853,0.4339643580685076,-2.83796075800942,-0.26431457164438193,-0.8898715906509025,1.9971528244050505,0.0,-0.0,0.0,0.0,0.0,0.0
4545,0.11479932269912223,0.9258835876204004,-3.1108121131043602,-0.002472362736338996,0.8398274365618412,1.9979647302911405,0.0,-0.0,0.0,0.0,0.0,0.0
4546,-0.5549225780889863,-0.1088266042493595,-1.2928691638482819,0.3630596774562522,0.15411566276308147,2.002034219878755,0.0,-0.0,0.0,0.0,0.0,0.0
4547,0.2530764006143389,-0.12123693834100042,-0.3877513874449914,-0.45386371452844465,0.7008553082689399,2.0043279902886506,0.0,-0.0,0.0,0.0,0.0,0.0
4548,-0.13962006858429568,-0.11537768939043228,-0.8808404643288764,-0.8549385840246999,-0.02010461007643048,1.9984656712584554,0.0,-0.0,0.0,0.0,0.0,0.0
4549,0.38671446547267707,0.39497091046705785,-0.9474979661836759,0.32332353782843165,-0.638809297623085,2.000598792198649,0.0,-0.0,0.0,0.0,0.0,0.0
4550,0.6538741944465308,-0.6147039501391973,0.05360337465471945,-0.6857633827636768,-0.15551809304435077,2.000514259572336,6.9813886671227e-15,2.3798765473323553e-14,-0.0,0.00016200332667399344,-0.0005365182862552241,-0.0003810113124660094
4551,0.6889387266702642,-0.2508948711769097,0.4404517468722279,-0.4162327620445117,0.2843321072419666,1.9990027072891365,1.3355928287562985e-14,8.535799364488025e-15,-2.6643712959913626e-239,0.00030678149136645165,-0.0001960978702794237,0.00045298276220383503
4552,0.4783494950624138,-0.9442875467193166,0.39888896811095426,-0.092343319540206,-0.8954155537157552,1.9995818851313218,4.76101392321164e-15,2.8226353351450588e-14,2.924955274419906e-265,0.00010942070902176607,-0.0006497923522154603,-3.378356213594434e-05
4553,0.0834656000977231,-0.6420705759421673,-0.7105625434494857,-0.4786259195228934,-0.2401468697372025,2.0001959298462895,0.0,-0.0,0.0,0.0,0.0,0.0
4554,-0.11155860247898527,0.05179868183138607,0.23845510026349917,0.2544104432319047,-0.42647202159555775,1.99972527973292,-5.8932727422177396e-15,-2.9464714416570336e-15,-0.0,-0.00013608586004298183,6.741709680559171e-05,-9.459596021785359e-05
4555,0.2789846928505307,-0.15900096585884296,-0.2885305738690291,-0.28549883668262305,0.6169141539797098,1.9986363319727725,0.0,-0.0,0.0,0.0,0.0,0.0
4556,-0.23236182260194704,0.6096263513366613,-1.4205780845275457,-0.7600165597683236,-0.514970936740682,2.0011415185045447,0.0,-0.0,0.0,0.0,0.0,0.0
4557,0.5845237973702968,-0.15431946788674772,-0.5781592481504522,0.594378379338692,0.5191292253684199,2.000543247911241,0.0,-0.0,0.0,0.0,0.0,0.0
4558,-0.1992367251128734,0.04212280297555912,0.0831578091075523,-0.5426719922275138,-0.22804052285945223,2.003025436506831,-3.099093814683812e-16,-9.518311759439722e-16,-0.0,-6.549652060390085e-06,2.211694019455424e-05,-0.00035199595152162204
4559,0.8383488068970323,-0.04791944530950676,-4.273447004172292,0.3521357678839265,0.08158252162557755,2.000073010217676,0.0,-0.0,0.0,0.0,0.0,0.0
4560,0.3361371023498423,0.13842598017965693,-3.118623196552768,0.227655981637042,-0.3686435919766605,1.9971753226995288,0.0,-0.0,0.0,0.0,0.0,0.0
4561,-0.18588272463697358,-0.6647718215117138,-1.337988036278327,0.1652969402119682,-0.3965500784670793,2.002354439133821,0.0,-0.0,0.0,0.0,0.0,0.0
4562,0.45374463898875683,0.1878314951320888,-3.7914642334092696,0.10830262206720277,-0.9056385095115861,1.9971419760474853,0.0,-0.0,0.0,0.0,0.0,0.0
4563,0.005222379983447182,0.19482861253775033,-3.0182128318412573,-0.2558500954721114,-0.7105980102439662,2.0013232932211302,0.0,-0.0,0.0,0.0,0.0,0.0
4564,-0.4997851846930179,-0.610486389498869,-2.773488888217915,0.10404196037026013,0.1810485760233704,1.9959237017339977,0.0,-0.0,0.0,0.0,0.0,0.0
4565,-0.92254501582079,0.06107320828290203,-4.146497173920132,0.7107397584510988,0.5067113362311794,2.0014833661055524,0.0,-0.0,0.0,0.0,0.0,0.0
4566,-0.07848276488187546,-0.8315457683886636,-0.25703435153795345,0.37865524106182596,-0.628663896600873,1.9995191565565438,0.0,-0.0,0.0,0.0,0.0,0.0
4567,0.06487038433746488,0.20343015959577476,-3.8290393122179225,-0.7485523813222447,0.33306126975910566,1.9998695528849977,0.0,-0.0,0.0,0.0,0.0,0.0
4568,-0.1360483781922038,-0.8996991021618765,-3.4253694159201253,0.5246306096289756,0.7732594426480494,2.000618778355154,0.0,-0.0,0.0,0.0,0.0,0.0
4569,0.3861570606928868,0.9099101546266211,-2.0612501800836553,0.15158379985874681,-0.6791711153113432,1.9981301187849623,0.0,-0.0,0.0,0.0,0.0,0.0
4570,-0.5198078438499621,0.3941971258423255,-0.7154573279467775,-0.0007809716678842632,0.6331787790182469,1.9986297962641109,0.0,-0.0,0.0,0.0,0.0,0.0
4571,-0.25594874347473495,-0.41417282452509036,-2.9307181900872643,-0.7535640116872346,-0.2959179172718637,1.9996312902503737,0.0,-0.0,0.0,0.0,0.0,0.0
4572,0.3552233867376338,0.3650474095348809,-3.9848371286806286,-0.6508661595781559,-0.44361279115395136,2.000198862443236,0.0,-0.0,0.0,0.0,0.0,0.0
4573,0.18555156225190825,-0.8360601637256889,-1.034156302726105,0.813835510554866,0.05507108556110476,1.999384979368261,0.0,-0.0,0.0,0.0,0.0,0.0
4574,0.5153129428103225,0.5172010909483726,-3.2172645745344313,0.4893537332476441,0.01771575938048381,2.0026675567553993,0.0,-0.0,0.0,0.0,0.0,0.0
4575,0.4386508170289874,0.813493445078898,-3.3248801921461566,0.43305480082883946,0.1460114692571281,2.002662900476488,0.0,-0.0,0.0,0.0,0.0,0.0
4576,0.4096128071311864,-0.2908070074935187,-4.300939694865558,-0.43300640373101223,0.535943777208439,1.9990178271882129,0.0,-0.0,0.0,0.0,0.0,0.0
4577,0.46968862087450186,-0.5239736432950671,-2.8783926553174384,-0.3389153722353972,-0.5693469002731327,1.998817204674635,0.0,-0.0,0.0,0.0,0.0,0.0
4578,0.6241791789862362,0.43831460139126754,-2.047266488542916,-0.04527690769198913,-0.11983682259946703,1.9988480473131798,0.0,-0.0,0.0,0.0,0.0,0.0
4579,0.16106492867687364,0.3201324282803309,-4.241650222742355,0.08652455207132119,0.021137817901822672,1.9991364451212026,0.0,-0.0,0.0,0.0,0.0,0.0
4580,-0.2870271778079924,0.3717342178095285,-3.4057234598953983,0.24392681104048097,0.12678793523278442,1.9996261038907315,0.0,-0.0,0.0,0.0,0.0,0.0
4581,-0.9404272173109102,0.2265866860677371,-2.833342734134345,0.0805827272899773,0.8964023681347129,1.9973404399966717,0.0,-0.0,0.0,0.0,0.0,0.0
4582,-0.33695985908113885,-0.6430200631454105,-1.466982436824338,0.5365742146593088,-0.6121867834315124,1.9987484718057205,0.0,-0.0,0.0,0.0,0.0,0.0
4583,0.5500883298316285,-0.18491988336051837,-0.7598669881992145,0.8118486809840153,0.3995457534616728,1.9993017856226067,0.0,-0.0,0.0,0.0,0.0,0.0
4584,0.4037498616584617,-0.010662061705007032,-1.8574548247514397,0.3290671241866588,-0.6636749397508819,2.000525064296188,0.0,-0.0,0.0,0.0,0.0,0.0
4585,-0.3183327265118437,-0.47962255407484844,-2.301085579036107,-0.24288595592677129,0.6292686680051652,1.9975516602253065,0.0,-0.0,0.0,0.0,0.0,0.0
4586,-0.9707750071727227,-0.01654659071822657,-3.581848564290206,0.5184650698030214,-0.6976912295711706,1.9981358168997159,0.0,-0.0,0.0,0.0,0.0,0.0
4587,-0.5327557679278563,-0.08232753232809475,0.4366777147577477,-0.5229648345203838,-0.8303739920910952,1.9997276746609984,-6.8326476647678816e-15,2.81326967962781e-15,-6.40409358178082e-242,-0.000156337248567528,-6.450256341237174e-05,0.0004637776315345265
4588,0.2793532915764158,0.24815791607721027,-0.2279640727781893,-0.0919172984044714,-0.23098423652489383,1.9983767557975403,0.0,-0.0,0.0,0.0,0.0,0.0
4589,0.029984007766276986,0.24446183683367206,-4.0821462134253155,0.4630094448816286,0.5469305639501653,2.0004685924958463,0.0,-0.0,0.0,0.0,0.0,0.0
4590,0.7827701816624077,-0.36528037450028883,-3.0913624166284306,0.40957202585912006,-0.48308998511496604,2.0007380450981618,0.0,-0.0,0.0,0.0,0.0,0.0
4591,0.4371237968095437,0.1738318357862056,-1.6348785135685253,0.3169528106768441,0.8431520822152724,2.003000736083201,0.0,-0.0,0.0,0.0,0.0,0.0
4592,0.038416235657882436,-0.5667724273783351,-1.079084452888561,-0.7820255022646905,0.017909304680250645,1.9997693808210564,0.0,-0.0,0.0,0.0,0.0,0.0
4593,-0.4307837730110522,-0.8407021029845837,-0.26865928455700344,-0.5565280904609682,-0.3153603665871596,1.9976442844120315,0.0,-0.0,0.0,0.0,0.0,0.0
4594,-0.8271332387665614,-0.512119316468808,-3.189095338376029,-0.9085114590601209,0.04077141804110464,2.000948000457702,0.0,-0.0,0.0,0.0,0.0,0.0
4595,-0.9289144135269629,0.18447278124647268,-1.3369764276692184,-0.5240475833542172,-0.6862065479929097,1.9972721531438788,0.0,-0.0,0.0,0.0,0.0,0.0
4596,0.08876424322233478,-0.405130173225716,-0.4682450405286276,-0.6690272779869145,-0.4295016334993425,1.9989961565601386,0.0,-0.0,0.0,0.0,0.0,0.0
4597,-0.14482512464593678,0.14517272905407197,-0.9152614912513898,-0.547913672505463,0.47257740792152386,2.0010460441295272,0.0,-0.0,0.0,0.0,0.0,0.0
4598,0.2422197902579876,0.14684150036251037,-2.6681455328847377,0.4697974465302659,0.7750513876091237,1.9972698050511046,0.0,-0.0,0.0,0.0,0.0,0.0
4599,0.04060795132367654,0.3664678169618656,-0.9667618222788431,0.8150472268896527,-0.34185773436921885,2.0007059942024292,0.0,-0.0,0.0,0.0,0.0,0.0
4600,-0.8034262879597279,-0.2501201658496994,-3.385068991405854,-0.6233046236276177,0.24983973729675982,2.00084445898473,0.0,-0.0,0.0,0.0,0.0,0.0
4601,0.41716136182905633,-0.70278907354639,-1.4235208119800837,-0.5200888735800587,0.32525540598213126,2.000242842762973,0.0,-0.0,0.0,0.0,0.0,0.0
4602,0.5262363436254764,-0.10801470244157177,-1.4876088472916258,-0.8790546611858839,0.4723778599922248,1.998909242436593,0.0,-0.0,0.0,0.0,0.0,0.0
4603,-0.45816169102349485,-0.8547518693391742,-0.915725642000396,0.4598766585940265,0.23763656861473254,1.9995386960258688,0.0,-0.0,0.0,0.0,0.0,0.0
4604,0.5257939623141182,0.6615581471641165,0.05601753854258134,-0.144118426545181,-0.6048870057866516,1.9980952217338135,5.805750507391882e-15,-5.724041046034265e-15,-0.0,0.00013109273470655517,0.00012365925478823622,-0.0004936898345194077
4605,0.19203834275797219,-0.8445130559209573,0.359206308535477,0.19867010154640558,-0.8886259395523397,2.002523262852595,1.4079790294296977e-14,1.290777219032018e-14,1.178931761298494e-285,0.0003201048114499794,-0.00029374316271815927,0.00021444623484126547
4606,-0.11370678750501895,-0.41751799545431334,-3.507090098189715,0.5716117121780403,-0.3724530561528499,1.998309358682709,0.0,-0.0,0.0,0.0,0.0,0.0
4607,0.5663851718443774,-0.08724578001835438,-3.5805020532461755,-0.3908454129085984,-0.15995944086051558,2.0015353036346317,0.0,-0.0,0.0,0.0,0.0,0.0
4608,-0.6853162671045031,-0.6701310271829646,-2.7072029886544215,-0.2599490251800219,-0.2269274116972144,2.0003664512080763,0.0,-0.0,0.0,0.0,0.0,0.0
4609,-0.7702085953969134,-0.3294537870209945,-4.112860767528882,-0.8292354031191079,-0.524499927885749,2.0018486685084054,0.0,-0.0,0.0,0.0,0.0,0.0
4610,-0.2798063684644898,0.7757566946545266,-2.013736800282209,-0.6201615732711293,-0.6821679695660161,2.0004053932831596,0.0,-0.0,0.0,0.0,0.0,0.0
4611,-0.4002856934348247,0.14569341905635125,-2.9684183687487464,0.8871285755455207,-0.023934012228362188,2.001912364997657,0.0,-0.0,0.0,0.0,0.0,0.0
4612,0.8205459868524762,0.38297465615026427,-4.158135744724624,-0.7627658549056033,0.13500620519382245,1.9993845664114243,0.0,-0.0,0.0,0.0,0.0,0.0
4613,0.8301649417618858,0.20565765396530114,-0.12302440800613253,-0.7094459560758556,-0.20386233230437414,2.000699416412428,0.0,-0.0,0.0,0.0,0.0,0.0
4614,-0.09090761561581995,0.7542691641323913,-1.6478368815904694,0.40583349744304864,-0.7619760635427759,2.001042679914163,0.0,-0.0,0.0,0.0,0.0,0.0
4615,0.8414824659630449,0.08052091477707947,-0.9371995361015691,-0.3954066165747032,0.7306425559530575,1.998257948034804,0.0,-0.0,0.0,0.0,0.0,0.0
4616,0.9538100109145446,0.12348832208208906,-3.2903735493049266,-0.17630169158657222,-0.7369051733638878,1.9981973727205355,0.0,-0.0,0.0,0.0,0.0,0.0
4617,0.12650306397958486,-0.7964335384124803,-1.9302927443964584,0.486543387721687,-0.36186205283380146,2.0010164336625627,0.0,-0.0,0.0,0.0,0.0,0.0
4618,-0.0690552992295234,0.9800949913253291,-0.6173931218836373,0.19965182763579892,0.7022351698558386,2.0004509447062366,0.0,-0.0,0.0,0.0,0.0,0.0
4619,0.30034531540846215,0.677392612914546,-3.7212485087950538,0.7838245119455111,0.41098279245980707,2.0001826184446374,0.0,-0.0,0.0,0.0,0.0,0.0
4620,0.7944562993517814,-0.40558366355485326,-2.976800708469721,-0.4652157281020543,0.122086649801458,1.999965396119266,0.0,-0.0,0.0,0.0,0.0,0.0
4621,-0.7487145159864228,-0.0689084872293004,-1.3828930824020265,0.6294794988870966,-0.2877520583839333,2.000131482400139,0.0,-0.0,0.0,0.0,0.0,0.0
4622,-0.3799480188696992,-0.5287988715653658,-0.8912428995490135,0.4555646700668913,0.7878479542647893,1.9977816124875758,0.0,-0.0,0.0,0.0,0.0,0.0
4623,-0.633937054659736,0.15274105475760874,-1.5645490186108357,-0.7966005505391711,0.5719378944152202,1.9999033185217205,0.0,-0.0,0.0,0.0,0.0,0.0
4624,-0.1470601569572543,-0.7642299727478802,-1.8146713190168418,-0.46743568517263656,0.09379972322311923,2.0028062922853156,0.0,-0.0,0.0,0.0,0.0,0.0
4625,0.23260438345713302,-0.7112938634458377,-4.290083300185895,0.27558724144750335,0.8589725310205086,1.9955148130113407,0.0,-0.0,0.0,0.0,0.0,0.0
4626,0.009823362260173156,0.731744663733927,0.11939093791369325,0.6278777723996994,-0.776305604579389,2.002513538708118,-4.8848887145010666e-15,-2.7259228061732473e-14,0.0,-0.00011395533187350157,0.000621194071444064,2.181435491834959e-05
4627,-0.22608877834143998,-0.754532578985431,-0.865380191601861,-0.1468651143936744,-0.2793956742023035,1.9981343358878816,0.0,-0.0,0.0,0.0,0.0,0.0
4628,0.5313144732968246,0.7216635602639733,-3.5556210298192883,0.48158587898818683,0.14085075981184864,2.001410811551573,0.0,-0.0,0.0,0.0,0.0,0.0
4629,0.2956439016516966,-0.7014871280926144,-2.652463242351151,-0.23266583869267032,-0.3704465643457496,2.0004689609632362,0.0,-0.0,0.0,0.0,0.0,0.0
4630,-0.4362466204898662,-0.20017238606242943,-3.9604860721691306,-0.39380848374734856,0.9179020302911899,2.0002304736939793,0.0,-0.0,0.0,0.0,0.0,0.0
4631,0.5233556745288187,0.24724009222108329,-3.6514502925767833,0.012591767483604152,-0.563860670600741,2.0026416506583993,0.0,-0.0,0.0,0.0,0.0,0.0
4632,0.7994516378181981,-0.2174945486906609,-3.391190328023013,0.6306895455808941,0.7051111742692346,2.000682739687479,0.0,-0.0,0.0,0.0,0.0,0.0
4633,0.36159667340582347,0.01382061635975288,-1.039445400028562,-0.47905091023642005,0.3839998254623824,2.000977479816312,0.0,-0.0,0.0,0.0,0.0,0.0
4634,0.22029056608322192,0.2908817780076595,-0.17908109050520316,-0.17496954670464362,-0.11518890233063518,2.0045885910286065,0.0,-0.0,0.0,0.0,0.0,0.0
4635,-0.49290397260795615,0.3552002976182133,0.19591512385795856,-0.39178714609523785,0.32866945659434105,2.001637536413967,-1.1487478548039232e-14,-9.006691384575908e-15,-0.0,-0.0002613343031814105,0.00020708552693280577,-0.0005221942476372903
4636,-0.7944479057164092,-0.3499008993913824,-0.24107053568694153,0.7164897514457359,-0.1504078666342133,1.9966103684060825,0.0,-0.0,0.0,0.0,0.0,0.0
4637,0.39701511550282836,0.4078016736427823,-2.464815053674324,-0.30695446538826093,0.10271648499593736,2.0057072900308306,0.0,-0.0,0.0,0.0,0.0,0.0
4638,-0.54678179921719,0.26874174148354535,-1.261450527382898,-0.6000114868124151,0.10978663681259329,2.0015324738718707,0.0,-0.0,0.0,0.0,0.0,0.0
4639,-0.011753779880969336,0.5343627253108149,-0.17891531363216415,0.4554090472268641,0.6421212534047267,1.997395186684589,0.0,-0.0,0.0,0.0,0.0,0.0
4640,-0.2601446158452224,-0.37948716228907925,-0.7289199914916973,0.5547330477339855,0.7019158228834422,2.00208423978717,0.0,-0.0,0.0,0.0,0.0,0.0
4641,-0.11075519557993481,0.8714918442335187,-4.353018066957119,0.23969975767335963,-0.41276504151303167,1.9982640265134946,0.0,-0.0,0.0,0.0,0.0,0.0
4642,0.34103192271559263,0.055305733045770515,-4.444316899697929,0.91947106825577,-0.1275443766569467,1.997016184764998,0.0,-0.0,0.0,0.0,0.0,0.0
4643,0.05016448907425745,0.7953599394661177,-1.4138535503063698,-0.29735034229811846,0.9086544026338005,1.9991684544705937,0.0,-0.0,0.0,0.0,0.0,0.0
4644,0.2649036818638248,0.1785857163789466,-0.33053183472116454,0.6065336770061985,0.18849811200343647,1.9980773459310457,0.0,-0.0,0.0,0.0,0.0,0.0
4645,0.11295532243598112,0.7348382447762599,-3.3242051630289375,0.012677635995668074,0.4476247898088667,2.0018854281117493,0.0,-0.0,0.0,0.0,0.0,0.0
4646,-0.7417567093142856,-0.5914346786210825,-1.986274365735094,-0.4839534827433657,-0.728937711893449,2.000334615729899,0.0,-0.0,0.0,0.0,0.0,0.0
4647,0.3655260203281896,0.5265574059446568,-0.9338137707993268,0.23188206990935,0.3041521462448107,2.002081465864572,0.0,-0.0,0.0,0.0,0.0,0.0
4648,0.24203071587616343,0.6742885654206341,-0.025073190374729323,0.38846142000997624,0.7557370897859444,2.0022613303519625,0.0,-0.0,0.0,0.0,0.0,0.0
4649,0.47117043758529864,-0.5839875544564782,-3.3613062718972353,-0.20115310244749715,0.4223861093301707,2.0022054618744436,0.0,-0.0,0.0,0.0,0.0,0.0
4650,-0.5311165087018896,-0.25007816547732714,-4.193823448064519,0.7331762058842948,0.11776151871964301,2.001483520465461,0.0,-0.0,0.0,0.0,0.0,0.0
4651,0.413289217860032,-0.6044569895766642,-1.2448994272679157,-0.7584197436401774,-0.23509648692894997,1.997253217550774,0.0,-0.0,0.0,0.0,0.0,0.0
4652,0.12661336676605614,-0.913696246096638,-1.8826711074105245,0.08876769355851925,0.5205913067668184,1.995419149033502,0.0,-0.0,0.0,0.0,0.0,0.0
4653,0.5945720452187502,0.7368732180921346,-3.430618532175273,0.5660801469933228,0.1340215259429695,2.0018517386501657,0.0,-0.0,0.0,0.0,0.0,0.0
4654,0.0647767738603089,0.4690928133975929,-1.5634678528447403,-0.5057848116663721,-0.435809080311772,1.9984542008859423,0.0,-0.0,0.0,0.0,0.0,0.0
4655,-0.39196926272654586,0.8984816188201847,-0.8023853176553967,0.0038301884072704613,0.7009609575502281,2.0026203565435035,0.0,-0.0,0.0,0.0,0.0,0.0
4656,0.5974307148358826,0.4227482403635658,0.3920421824142428,-0.22037782191523858,0.863568568312913,2.0038165521025024,1.618973981823607e-14,-6.892081191618078e-15,-2.8523751487706756e-267,0.0003705385001696482,0.00015737833998298947,0.00037427549450821154
4657,-0.5472261556936666,-0.35544805653171624,-3.9164619049607343,0.3210777259811903,-0.6793997502560624,1.9978998132650814,0.0,-0.0,0.0,0.0,0.0,0.0
4658,0.051105167416094534,-0.6033428166006293,-1.2417613241276952,-0.9515357953288353,0.10503261740070892,2.004156872476013,0.0,-0.0,0.0,0.0,0.0,0.0
4659,0.19371986172892114,0.589990238810911,-4.389374062419188,0.41813060849412914,-0.7906448809502733,1.9957759935011214,0.0,-0.0,0.0,0.0,0.0,0.0
4660,0.1215215406963674,-0.9134538993322018,-1.8486467685441652,0.6539598652548908,-0.11970373859352468,2.004058596078032,0.0,-0.0,0.0,0.0,0.0,0.0
4661,0.3846697678175886,-0.47657489621002147,-4.002335063512033,0.634698826130727,-0.5280983752429196,2.0013031381522155,0.0,-0.0,0.0,0.0,0.0,0.0
4662,0.5523769607228081,0.07619222281464277,-3.4799817613813966,-0.30712243271501327,-0.09530630324991317,2.00249219697884,0.0,-0.0,0.0,0.0,0.0,0.0
4663,0.21870611789118516,-0.24623308520763515,0.29667639641761334,0.470308486539448,0.798640146233904,1.9986872529546256,-2.1539312208926898e-14,4.643499082083458e-15,-3.5e-323,-0.0004973756834820865,-0.00010883752696315199,0.00018612991688476589
4664,-0.03726043337056219,0.08514572256345289,-1.6915449468242139,0.7113832821626984,-0.6263036356087798,1.9995547402161995,0.0,-0.0,0.0,0.0,0.0,0.0
4665,-0.024619068653961032,-0.9746501857884637,-0.4616344633160904,0.9158087195619262,0.10478518666474641,2.0019163225100822,0.0,-0.0,0.0,0.0,0.0,0.0
4666,0.6739537427521126,-0.1955847032985125,-2.9906444243046173,-0.6717973151480199,0.6489379740601343,1.9988129955316793,0.0,-0.0,0.0,0.0,0.0,0.0
4667,-0.6180896818674371,-0.16580827183237637,-0.9043140691647132,-0.7295390223348899,0.24427970280046307,1.9973790811226244,0.0,-0.0,0.0,0.0,0.0,0.0
4668,-0.4836622988859966,-0.31022930477530974,-0.6154607019217248,-0.3885992840002961,0.16534374446974787,2.0020684655289163,0.0,-0.0,0.0,0.0,0.0,0.0
4669,0.5546000563153388,0.21853858809593193,0.49457959883791885,0.6707776933077245,0.07962260461672994,2.0021654826932154,1.0219196659339492e-14,-5.540374094541733e-15,-1.4388954572649984e-208,0.00023456318595610685,0.0001266651747438748,0.0004852447965184778
4670,0.19578609122792098,0.04848085669809289,-4.5076796560482935,0.23539758376868997,-0.8965448196988239,1.998470744755021,0.0,-0.0,0.0,0.0,0.0,0.0
4671,-0.008886402467003996,-0.49166920617613874,-3.5822900200863774,-0.5235821428151077,-0.2027172891015775,1.9980108413931768,0.0,-0.0,0.0,0.0,0.0,0.0
4672,0.29953790461267565,0.5975562795474032,-1.3907334341197042,-0.16099187332120335,-0.13703064733857234,2.0003317244059007,0.0,-0.0,0.0,0.0,0.0,0.0
4673,-0.8552226064460287,0.3911911078009896,-3.3297675599667294,0.3210237482781408,-0.845976040003591,1.9979675184718229,0.0,-0.0,0.0,0.0,0.0,0.0
4674,-0.1496747080811592,0.5508200771790706,-2.8894876199243633,-0.1983294266925491,0.04803120994479923,2.0003628662173423,0.0,-0.0,0.0,0.0,0.0,0.0
4675,-0.18068959709514396,-0.021863704198073663,-1.6590606959072192,-0.7339648977053372,-0.6096155085686319,2.004566376336883,0.0,-0.0,0.0,0.0,0.0,0.0
4676,0.7565604406153263,0.5921318844884285,-1.4381705034611625,0.373300914954798,0.3232238103096717,2.0010471942554116,0.0,-0.0,0.0,0.0,0.0,0.0
4677,-0.8416401082527154,-0.3761788124453259,-1.406068144894417,0.18303757586426217,-0.7671485623629473,2.0031355299805984,0.0,-0.0,0.0,0.0,0.0,0.0
4678,0.3728442760629858,-0.7694876739536812,-2.5286187022346267,-0.6180615591895862,0.21409995465880483,2.0005469302314496,0.0,-0.0,0.0,0.0,0.0,0.0
4679,0.5638547050619486,0.22891746608981972,-1.5798271578395862,-0.8554213135352094,0.29963039994693863,1.9979618646472463,0.0,-0.0,0.0,0.0,0.0,0.0
4680,0.4309336392936918,-0.5466951153497772,0.44653344286281216,-0.5899284793082329,0.042069379888136194,1.9996238473140509,9.478254142740766e-15,1.2654603397962668e-14,-6.890247962517339e-236,0.0002193631508188859,-0.0002907716595444643,0.0004764738775878574
4681,0.702119853846371,0.01996731943422591,-3.496010309699618,0.8992870871920109,-0.3168293394414481,1.9975893762651022,0.0,-0.0,0.0,0.0,0.0,0.0
4682,0.03233593842289413,-0.9131093652569473,0.34839910732239376,0.8356762749397811,-0.1244371502343149,2.0010385527024503,-3.003055514689376e-14,2.5820268928718437e-14,-9.754449536219175e-292,-0.000662837954876162,-0.0005812301138951217,0.00020186326128683675
4683,-0.5762465154947125,-0.504011566271127,-2.395890283761761,0.2572596810541494,-0.8995844191798366,2.0004597658469434,0.0,-0.0,0.0,0.0,0.0,0.0
4684,-0.8229933518782517,-0.04877491940978107,-3.3491463670249986,-0.24298243262047056,0.75564159551488,1.9987956359771781,0.0,-0.0,0.0,0.0,0.0,0.0
4685,-0.43753966114886816,-0.25016834046808456,-3.957534205236522,0.16886702489179573,-0.1381484080045433,1.9998299349138933,0.0,-0.0,0.0,0.0,0.0,0.0
4686,-0.3407126115675251,0.7230795567456755,-0.3540991034508567,0.13847108515325482,-0.768216943575654,2.0011622249048897,0.0,-0.0,0.0,0.0,0.0,0.0
4687,-0.682158279717163,0.21397490085400495,0.20309743117958778,-0.20569331908185456,-0.70195554561224,1.9999667858561605,-2.758069614625778e-14,1.7299416126713593e-15,-0.0,-0.0006414087206726511,-4.365002121478731e-05,-0.00010897136544888502
4688,0.19173895747914416,-0.08058416550802017,-0.7776793829317478,0.6784538357729211,-0.5003144740696326,2.0005046694765483,0.0,-0.0,0.0,0.0,0.0,0.0
4689,-0.04451149431304354,-0.006930469688761346,-0.7529763250523815,-0.40673161283446396,0.31270407378882853,1.9981882977240526,0.0,-0.0,0.0,0.0,0.0,0.0
4690,0.0758297805070131,0.22074379602482333,-3.034125432478292,-0.4534139818778872,0.7527767520164699,2.0016790933460644,0.0,-0.0,0.0,0.0,0.0,0.0
4691,0.11466845867781332,-0.7107812417792536,-1.7623528969187627,-0.6975862060005589,-0.3701240916159418,1.9970279594607838,0.0,-0.0,0.0,0.0,0.0,0.0
4692,0.2786361768836604,-0.08214760292320272,-1.2309352745584032,0.7418958564340257,0.40176308490661705,2.0020896310791354,0.0,-0.0,0.0,0.0,0.0,0.0
4693,-0.3751825545234165,-0.3865170625518128,-2.1420156779062403,-0.7893064500473176,-0.48566433380997803,1.998874162084199,0.0,-0.0,0.0,0.0,0.0,0.0
4694,0.3774359195770802,-0.35315510126779476,-1.6535345162885122,-0.5898079769025619,-0.5298447463883088,1.999838185556278,0.0,-0.0,0.0,0.0,0.0,0.0
4695,-0.5552369006616805,-0.2288125217096065,-3.282318197322141,0.32043164805162366,0.9201905786079083,2.0002305222243284,0.0,-0.0,0.0,0.0,0.0,0.0
4696,-0.011116033893556232,0.02627358647450483,-0.8643113983176246,-0.5561646575578687,-0.525449829755953,2.001608345426118,0.0,-0.0,0.0,0.0,0.0,0.0
4697,-0.20955717214780026,-0.41243732698807156,-0.14028669600959484,0.7787425469574584,-0.3788458482995509,2.001262093377899,0.0,-0.0,0.0,0.0,0.0,0.0
4698,-0.372884701940445,-0.008876678433410412,-2.745532276933566,-0.3305602041050339,0.6854593111991004,2.0021219226711677,0.0,-0.0,0.0,0.0,0.0,0.0
4699,-0.6853455324185859,0.12750821259658013,-0.3520334395797516,0.4080279353916139,0.7016615124094792,1.9981093230729026,0.0,-0.0,0.0,0.0,0.0,0.0
4700,0.6256427422663192,-0.5589385091661573,-0.4621145643561711,-0.8334307502915798,-0.4315517079001823,1.9993872003482185,0.0,-0.0,0.0,0.0,0.0,0.0
4701,0.24083778535051278,-0.6924580263898644,-0.7081156316274446,0.13350362148195274,-0.64403132391422,2.0015925697365446,0.0,-0.0,0.0,0.0,0.0,0.0
4702,0.36162276641295993,-0.5500065858536759,-2.7181922333413224,0.22874143163138252,0.6572234675604433,1.998641512923668,0.0,-0.0,0.0,0.0,0.0,0.0
4703,0.016379300235008217,0.958721034649647,-3.1484755916102745,-0.00276761164884291,-0.8561984016255312,2.000288555803058,0.0,-0.0,0.0,0.0,0.0,0.0
4704,-0.030442862216987995,0.9205129240553682,-0.5662667936702,0.967599127901669,0.009315291250469206,1.999115397463637,0.0,-0.0,0.0,0.0,0.0,0.0
4705,0.05829133987269833,0.6537674748700778,-3.81583017889057,0.7829624379232673,0.4038859403100443,2.0024447423728433,0.0,-0.0,0.0,0.0,0.0,0.0
4706,-0.2608217706326258,0.9308928739877486,-3.4485894717993353,-0.19734168829420906,0.7397059569180483,1.99922480727726,0.0,-0.0,0.0,0.0,0.0,0.0
4707,0.8098420707353636,-0.13289740346956275,-3.1158762391186112,-0.691902929778039,0.31313293606606246,2.0034068392222184,0.0,-0.0,0.0,0.0,0.0,0.0
4708,-0.17397338736498535,0.08496465957062535,-4.298524077645259,0.46064777962934006,0.8037577677439705,1.9991448726183592,0.0,-0.0,0.0,0.0,0.0,0.0
4709,0.5814184506396338,-0.23072390095661416,0.49299172225235727,-0.2743809800890768,0.6915773430104176,2.0007683188093157,8.399147877439477e-15,6.266479752467855e-15,6.0529339273625615e-210,0.00019340346135387397,-0.00014430691293804338,0.0005226305208450621
4710,0.5456203407638119,0.17071796892962338,-0.30351063410698986,-0.21190034643560046,0.5471099099831889,2.0007966082492383,0.0,-0.0,0.0,0.0,0.0,0.0
4711,0.644580461317332,-0.4258736531382545,-0.38439106540468687,-0.4189417087747223,0.9007334526846562,1.9974901476925706,0.0,-0.0,0.0,0.0,0.0,0.0
4712,-0.17862978377755012,0.27438804653313326,-2.374367858282015,-0.571923587712507,0.484780387049227,2.0047156526587186,0.0,-0.0,0.0,0.0,0.0,0.0
4713,0.5970542886310752,0.762509294743538,-3.2324503673581546,0.041033914888977625,0.06163206490986846,2.000497917963319,0.0,-0.0,0.0,0.0,0.0,0.0
4714,-0.6329986448892726,0.6391976159970391,-1.3960307769511624,-0.4779032594426319,-0.24247241954288123,2.0007629971887435,0.0,-0.0,0.0,0.0,0.0,0.0
4715,-0.020809561916615472,0.21695580881578402,-1.1532205748309152,0.3806784985788915,0.41386582481646644,1.9968370747499875,0.0,-0.0,0.0,0.0,0.0,0.0
4716,-0.27781571825820756,0.10517192248211099,-3.421970493050227,-0.2700333420096551,-0.3618600963501347,1.9971871965662067,0.0,-0.0,0.0,0.0,0.0,0.0
4717,-0.07153044030828427,0.26739205501148494,-4.1297354697841495,0.11278256412264351,0.3268059702191166,2.0016584138640385,0.0,-0.0,0.0,0.0,0.0,0.0
4718,-0.012716901103930004,-0.6898931713362897,-0.3921794582201532,-0.9237686548652406,0.16914921221216245,1.999316840427604,0.0,-0.0,0.0,0.0,0.0,0.0
4719,0.9605853223413899,-0.05515291584901583,-4.076663904797945,0.1835236038771963,-0.949904868737066,2.00345213860023,0.0,-0.0,0.0,0.0,0.0,0.0
4720,0.009533336099624206,0.37718682289660727,-1.5333114179879093,0.8615104753625034,0.17436416458582016,2.0020928858306686,0.0,-0.0,0.0,0.0,0.0,0.0
4721,-0.15745355507580278,-0.5834595829514334,-1.313362721806382,-0.4390498953414356,0.10700207451873169,2.0004066400935123,0.0,-0.0,0.0,0.0,0.0,0.0
4722,0.0865548977276506,-0.9568435676387045,-0.3237053425673774,-0.24329646178000297,-0.5462986331043211,1.9935422304054866,0.0,-0.0,0.0,0.0,0.0,0.0
4723,0.2748853879756385,-0.7515229636259295,-3.943472830826669,-0.435952999709434,0.7578218940846965,1.9983432690910592,0.0,-0.0,0.0,0.0,0.0,0.0
4724,-0.7822049640509784,0.1484019499386718,-4.341497551024336,0.044585473841954174,0.8382309802812381,1.999709106963615,0.0,-0.0,0.0,0.0,0.0,0.0
4725,0.7097252263249593,0.03225945798065606,-1.1593661508020796,0.014326289784838495,-0.6847199867352539,1.9988656168923262,0.0,-0.0,0.0,0.0,0.0,0.0
4726,0.4449546823604981,0.15824377933571368,-0.14914130729368036,0.7811874456231668,0.2202271224074618,1.9979797296078496,0.0,-0.0,0.0,0.0,0.0,0.0
4727,0.26907642312809166,0.4154326789013054,-0.3362814169918423,-0.6673487468097214,0.5944413311468184,2.0000452143467387,0.0,-0.0,0.0,0.0,0.0,0.0
4728,0.0432906058858911,-0.8304814020139247,-1.1155207752139902,0.2149375369994156,0.7932741623721153,1.9976001691470704,0.0,-0.0,0.0,0.0,0.0,0.0
4729,0.14448807957719775,-0.6520137715636007,-2.6021161874517986,-0.7115395545091039,0.09078804667674346,1.996712900132504,0.0,-0.0,0.0,0.0,0.0,0.0
4730,0.8359827260919284,-0.12028523222163409,-0.3673568814893977,-0.44015777208432993,-0.4622597867050129,1.9974987093375636,0.0,-0.0,0.0,0.0,0.0,0.0
4731,0.1326323975147989,0.4748796740910994,-4.09277479634796,0.5895639371254173,0.18790625666090008,1.9983467338745708,0.0,-0.0,0.0,0.0,0.0,0.0
4732,-0.08576080689769208,0.36947754074396943,-0.4468913411659015,0.749213389167383,0.1735855782923939,1.9973872055722506,0.0,-0.0,0.0,0.0,0.0,0.0
4733,0.7888636173566168,-0.5837518524047804,-1.1391272648179636,-0.3112714898158999,-0.6012782744308582,2.0012369724121615,0.0,-0.0,0.0,0.0,0.0,0.0
4734,-0.5154603659237863,-0.409134918715922,-2.032876560959786,0.5316350523669532,-0.6510671135652368,1.9981110127757589,0.0,-0.0,0.0,0.0,0.0,0.0
4735,-0.8203130291967589,-0.2843758753832758,-2.1593512152568195,-0.1994005002785625,0.6115165650641565,2.0001784785903354,0.0,-0.0,0.0,0.0,0.0,0.0
4736,-0.3654024834718323,0.26471325323127115,-2.1134710607028975,-0.34893577081995836,0.08722244099675487,2.002797557628926,0.0,-0.0,0.0,0.0,0.0,0.0
4737,-0.21710890688284362,0.31118229282674703,-1.9697751669243762,0.013969096273885897,0.6108201422663129,1.9983566568969227,0.0,-0.0,0.0,0.0,0.0,0.0
4738,-0.7518993679406861,0.49721450641064013,-1.283885291910432,-0.9619180684694407,0.19017686347847976,2.000090588377324,0.0,-0.0,0.0,0.0,0.0,0.0
4739,-0.4485866626467207,0.5580272796781646,-2.6172276330142257,0.3408130117170569,0.27892634769229696,2.0019967099256415,0.0,-0.0,0.0,0.0,0.0,0.0
4740,0.09898736301376795,0.26467751299134495,-1.1128786494563225,-0.8822255303506514,0.3934311313798575,1.9996262838653218,0.0,-0.0,0.0,0.0,0.0,0.0
4741,0.20313111613393275,0.4002575826487759,-2.4678874838675537,0.6770296909778788,-0.17084780335737731,1.9993433295314913,0.0,-0.0,0.0,0.0,0.0,0.0
4742,-0.3589622060540727,-0.15339551013249156,-4.0009585433008255,-0.6721846828068658,0.684704441209,1.997603201079993,0.0,-0.0,0.0,0.0,0.0,0.0
4743,-0.14457254249296736,0.21128085120220153,-2.8482050879199305,-0.8412919860234578,0.3128293648389671,1.996334036069378,0.0,-0.0,0.0,0.0,0.0,0.0
4744,0.36765940238347805,0.6711538675392087,-0.9995798463021865,0.9027085692367536,0.3724194726821879,2.000690355574248,0.0,-0.0,0.0,0.0,0.0,0.0
4745,0.45557604415339115,-0.42208921569700125,-0.007178301480704903,-0.28500917126626896,-0.6609108896410818,2.001082004109037,0.0,-0.0,0.0,0.0,0.0,0.0
4746,0.835952043610615,0.28803315437310006,-0.49068609431049787,0.8116620074970324,-0.3417466505711942,1.9972084020613956,0.0,-0.0,0.0,0.0,0.0,0.0
4747,0.15707708027355116,0.5357606674544155,-2.6735559705356278,0.5420230932165969,-0.756748976490445,2.0014267666728487,0.0,-0.0,0.0,0.0,0.0,0.0
4748,-0.23454119727762857,0.31452355129446524,-2.905456517125039,0.14206549353829698,-0.06613328830859021,1.9995847220189729,0.0,-0.0,0.0,0.0,0.0,0.0
4749,0.4315985740321545,-0.8168535710896447,0.35244507611685605,-0.5875486964893871,-0.1525984627894433,1.9989757970220567,6.397346268326398e-15,3.134533383491584e-14,-1.9622712476439017e-289,0.00014920527585243046,-0.0007186290980961853,-7.175419120915165e-05
4750,0.5001327387058793,0.20316449557990662,-4.3647703372769735,-0.48626077900736114,0.5257457091386714,1.9980955562502714,0.0,-0.0,0.0,0.0,0.0,0.0
4751,-0.3228425899106015,0.5464422253594663,0.30899282194267697,-0.6982124736061498,-0.4767864687299184,2.000326067853498,-6.676809785675114e-15,-1.912981369552582e-14,4.388539646e-315,-0.00015352440850643705,0.0004369971756955322,0.00042986916984740896
4752,0.40640930039224166,0.5090749896013229,-3.212062833164859,-0.3481732009553358,0.6622973552478439,2.0014359150151826,0.0,-0.0,0.0,0.0,0.0,0.0
4753,0.5943213760522755,0.42145532784248285,-0.754301204422471,-0.24546540118856794,-0.3398241935674113,2.000397900877625,0.0,-0.0,0.0,0.0,0.0,0.0
4754,-0.08820890391436907,0.8524057328484643,-1.218194742460732,-0.28949407350609246,0.8962859409484425,2.000764962377701,0.0,-0.0,0.0,0.0,0.0,0.0
4755,0.16939589757667586,0.6603334517634221,-2.9343178313653815,0.575729400109068,0.07380138840332007,2.0002897041118057,0.0,-0.0,0.0,0.0,0.0,0.0
4756,-0.3824865677564452,0.03202882003013464,-3.7426191278929717,-0.19430956484167786,-0.45454483860808026,1.9985453048174375,0.0,-0.0,0.0,0.0,0.0,0.0
4757,0.365123270462038,0.029019577288372542,-1.9889681126202552,-0.8966219445383451,-0.09726751182042005,2.0009841458298845,0.0,-0.0,0.0,0.0,0.0,0.0
4758,-0.31061278968854417,-0.9167230933181497,-4.391666923598173,-0.3567881371160525,-0.07818531991734463,1.995534253369958,0.0,-0.0,0.0,0.0,0.0,0.0
4759,-0.13037762829727093,-0.21593725863623914,-1.7602822735846955,-0.17031585623423787,0.388270361704782,1.9976670015894287,0.0,-0.0,0.0,0.0,0.0,0.0
4760,0.6436957149386272,0.020894918522238636,-0.974702030466964,0.45976992004306294,0.09514534331826202,2.001445602697674,0.0,-0.0,0.0,0.0,0.0,0.0
4761,0.22805775935403808,-0.23775120155646834,-1.223857333953315,0.5896489644113982,0.16046376988351685,1.999160309195546,0.0,-0.0,0.0,0.0,0.0,0.0
4762,0.33297768360346774,0.2330611848536569,-4.061752189142632,0.2167098665161767,0.7567532494373945,2.0022338351008275,0.0,-0.0,0.0,0.0,0.0,0.0
4763,0.1916096018375783,0.6309696737521505,-1.7803564734649855,0.14961691747717407,-0.04566592016349846,2.0001182949384484,0.0,-0.0,0.0,0.0,0.0,0.0
4764,0.3915345452951727,0.5819326032877041,-0.6577822766729947,-0.01160874438048632,-0.011953286245956624,2.003551775541909,0.0,-0.0,0.0,0.0,0.0,0.0
4765,-0.5457535816322511,0.5423735455692785,-0.7322688877160223,-0.5365794707531184,-0.12563438648273909,1.9991856376177801,0.0,-0.0,0.0,0.0,0.0,0.0
4766,0.36864318824248044,-0.7472980334097368,-4.459588492179313,-0.69495139430765,0.0212870769196241,1.9979204047028798,0.0,-0.0,0.0,0.0,0.0,0.0
4767,-0.010855178401917211,-0.7001710038946438,-0.46423271694033685,-0.16201062085593035,-0.15289219434662377,2.0016554454058126,0.0,-0.0,0.0,0.0,0.0,0.0
4768,0.56086900351028,-0.44798301505593524,-1.4901992633519774,-0.4651238073163801,0.09119197053299341,2.0004544220267735,0.0,-0.0,0.0,0.0,0.0,0.0
4769,0.1079390949155572,0.8650660608434072,-1.3454536512021926,0.19547585830012038,-0.006201533560299369,1.9976994009217979,0.0,-0.0,0.0,0.0,0.0,0.0
4770,-0.044969902596743765,0.09064654448182424,-1.039419264576461,-0.9157315666678739,0.2855517661377728,1.999823837672939,0.0,-0.0,0.0,0.0,0.0,0.0
4771,0.09193189025754928,0.6901121701583824,-2.283611074240242,-0.5486685135014794,0.4439610571533065,1.9998880889039616,0.0,-0.0,0.0,0.0,0.0,0.0
4772,0.23851685559311944,0.3148553358624471,0.011359885129359057,-0.5388211075895714,0.2058407850008378,1.9992865090471912,1.1891115488503914e-14,8.641397657365902e-16,-0.0,0.0002730296024162961,-1.8433376261165794e-05,-0.0006991564440409573
4773,0.019625502098336058,0.8503441045037275,-3.3556675147785735,0.40140737969235635,0.7010534911527129,1.9984040296478105,0.0,-0.0,0.0,0.0,0.0,0.0
4774,-0.8552790325952913,0.1215024252636981,-1.587455440142121,0.7323510752207065,0.6280041131258891,2.003141051292629,0.0,-0.0,0.0,0.0,0.0,0.0
4775,-0.18611318821267203,-0.3298775670344708,-4.447321312670005,0.06377526830787106,-0.8534455434405556,2.002231292788894,0.0,-0.0,0.0,0.0,0.0,0.0
4776,0.38109323471344986,0.4372075277824426,-1.9601807564216065,-0.2820942133680277,0.847333826990091,1.9979976388823195,0.0,-0.0,0.0,0.0,0.0,0.0
4777,-0.7450708251477228,-0.31187202943080794,-2.7130265324616767,0.44761449612629134,-0.8215713921186135,1.9972394806789877,0.0,-0.0,0.0,0.0,0.0,0.0
4778,0.0655614273194981,-0.43385356224338695,-0.4502235412110218,0.12960376348450842,0.3648980805741768,2.002498381707891,0.0,-0.0,0.0,0.0,0.0,0.0
4779,0.20439710058542807,-0.20938499156360452,-3.3739935664426755,-0.2950993289470178,0.5010150848355492,2.0005512677957022,0.0,-0.0,0.0,0.0,0.0,0.0
4780,-0.07655151102695976,-0.7649882802918453,-1.6860555406477467,-0.8956776584057295,0.3846918643516622,2.001221052958044,0.0,-0.0,0.0,0.0,0.0,0.0
4781,0.46819229479221747,0.47886453030043596,0.04534203716833165,-0.5140535797875563,-0.18503076042091632,1.9961605650866148,1.2124466141721729e-14,-1.1383842808074828e-14,-0.0,0.0002773657059884416,0.00026157032990926026,-0.00038299020034008414
4782,-0.06951410876504814,0.21957089297574903,-2.826629558124673,0.04191562220266341,-0.0256296156705836,1.9982255306059158,0.0,-0.0,0.0,0.0,0.0,0.0
4783,-0.1199897504888754,-0.7245558609851557,-3.1784137802730323,0.7216998222284617,-0.15438600205552813,1.9977191389130684,0.0,-0.0,0.0,0.0,0.0,0.0
4784,0.6966968796048545,0.07677116054224527,0.246151422805014,-0.8730927634127991,0.023805907997905832,2.002934463394593,-1.3120989055852315e-14,-2.6394618772614255e-14,0.0,-0.0003148946543013415,0.0006093562979675715,5.7982403784626e-05
4785,-0.8710660198716023,0.19856789977976685,-0.014852828069318924,0.342153939237254,-0.7905478563890544,1.9994530730552802,0.0,-0.0,0.0,0.0,0.0,0.0
4786,-0.6205449997468528,-0.6391143881068664,-1.9752365838146717,0.4664040068826535,-0.07686732328869288,1.9988884779443006,0.0,-0.0,0.0,0.0,0.0,0.0
4787,-0.323982389955317,0.06169327969218101,-0.6151589829534052,0.4319259230327961,-0.5955041797608303,1.996391152660953,0.0,-0.0,0.0,0.0,0.0,0.0
4788,0.6510815349740265,0.5758911113011108,-2.438825233259628,-0.06433871659765848,0.581647495574891,2.0007305422610115,0.0,-0.0,0.0,0.0,0.0,0.0
4789,-0.268128139554405,0.8525403181366563,-0.1969569425454849,-0.47289890196600387,-0.8206591953958392,1.9975115639512693,0.0,-0.0,0.0,0.0,0.0,0.0
4790,-0.24480364453450412,0.16178463486780353,-3.6781299941431636,-0.023222349614543825,-0.042141143009089284,2.0022049352356226,0.0,-0.0,0.0,0.0,0.0,0.0
4791,0.4580854982952652,0.08132643383673872,-0.8250411563967596,-0.48329842310828486,-0.10630529227064493,2.0001518812226675,0.0,-0.0,0.0,0.0,0.0,0.0
4792,-0.3944103472465109,0.8237704912595465,-0.570730425130075,-0.09019279645876864,0.11983392874121133,2.0014783066902964,0.0,-0.0,0.0,0.0,0.0,0.0
4793,-0.013891098062698452,-0.5530305247193118,-0.10930431094196037,0.32019854116658003,0.43529796800720416,2.0014837504411185,0.0,-0.0,0.0,0.0,0.0,0.0
4794,0.7657656614349689,-0.3311785098944972,-3.3164072431746474,-0.4004413545381834,0.4216278668246457,1.9985046500511203,0.0,-0.0,0.0,0.0,0.0,0.0
4795,0.5190731657925659,-0.036204242843799736,-1.9954482586769637,0.035707559487627015,-0.7912492721818666,2.002064929867279,0.0,-0.0,0.0,0.0,0.0,0.0
4796,0.6204424824036366,0.003610084291594244,-1.1209063725181634,-0.42099175224054525,-0.5751322933532054,2.000853451807149,0.0,-0.0,0.0,0.0,0.0,0.0
4797,0.8357810512967282,0.17602191946025392,-3.7358796565214214,0.44537709067021947,-0.07954232117576103,1.9989358013642757,0.0,-0.0,0.0,0.0,0.0,0.0
4798,-0.42465928470012965,0.31005946557410413,-0.22287870445116303,-0.9502363275104673,0.1106093624814801,1.998001184493114,0.0,-0.0,0.0,0.0,0.0,0.0
4799,0.309905796024935,-0.21379479490150874,-3.0013964998972686,-0.015047797950541071,-0.49516285297528345,2.000487289504252,0.0,-0.0,0.0,0.0,0.0,0.0
4800,0.0667350297505149,-0.5813194334939832,-3.225981478623112,-0.4608806674347093,-0.8485527925064951,2.00052569500777,0.0,-0.0,0.0,0.0,0.0,0.0
4801,0.4132717759228046,-0.7039746446545023,-2.321360778906451,0.32841858447295985,-0.01737322101476192,2.001025979379879,0.0,-0.0,0.0,0.0,0.0,0.0
4802,-0.6541915179757999,-0.12135376438248151,-2.1501706939127474,0.22732194236282585,-0.04751709945059114,2.0048198503203833,0.0,-0.0,0.0,0.0,0.0,0.0
4803,-0.28054949218295755,0.9181284448735962,0.0882240781431402,0.21535556242808518,-0.08325719916456012,2.000686717838266,-1.0809394088952123e-14,-1.9563281065982686e-14,-0.0,-0.00024791981527592797,0.00044977193127918974,-0.000351017117100889
4804,-0.49318497597519984,0.16887458218395515,-2.2173784214065333,0.89917998166326,0.20090017948564307,1.9990797249015666,0.0,-0.0,0.0,0.0,0.0,0.0
4805,0.14954036522608138,0.05298048370130192,-4.324477599451858,-0.13033853780124555,0.46896231244590064,1.9997529468941428,0.0,-0.0,0.0,0.0,0.0,0.0
4806,-0.23125743153280973,-0.8169855117665665,-4.092133639752616,0.5635723149427693,0.1895615242793481,1.9959500632333038,0.0,-0.0,0.0,0.0,0.0,0.0
4807,-0.0022808339452689845,-0.007939172325661678,-1.5799372522035509,0.19747356625079743,-0.7506926414821361,2.004082759806087,0.0,-0.0,0.0,0.0,0.0,0.0
4808,-0.05283139194143967,-0.15638016514016678,-0.4801067269710463,-0.943818555514949,0.2968877640275091,1.9995811596082724,0.0,-0.0,0.0,0.0,0.0,0.0
4809,0.7013344069840339,0.5028126144534083,-1.1128502580242425,-0.26692547045382214,0.9068154723322849,2.000639847454146,0.0,-0.0,0.0,0.0,0.0,0.0
4810,0.24417254209038264,-0.47519479446497326,-3.5576073034716367,0.05393677243598348,-0.500251474226752,1.9985676297305892,0.0,-0.0,0.0,0.0,0.0,0.0
4811,0.25211381385448745,0.28070117928727667,-4.374040961478519,0.5015029931894711,-0.25198300871280527,2.0008145281744323,0.0,-0.0,0.0,0.0,0.0,0.0
4812,-0.2398461687454338,0.4142092686332464,-2.2512049927615694,0.642368622861654,0.7305357889044661,1.9992875120684195,0.0,-0.0,0.0,0.0,0.0,0.0
4813,0.7934689345248566,0.06694053643394254,-0.8634631722886332,-0.7597649064283649,-0.11802874785389014,2.001872330733177,0.0,-0.0,0.0,0.0,0.0,0.0
4814,-0.788382018820234,-0.2766251061086285,0.36295105677049005,-0.5314351514640755,-0.5824468847488758,1.9959453778091387,-6.414094526203703e-16,1.0208573332404798e-14,2.6027523145178258e-284,-2.3221230663471935e-05,-0.0002357861519055874,0.0004718311958754356
4815,0.291583342689433,0.6838356245201652,-2.8791059581511687,-0.6900261078844503,-0.10651567576313824,2.000038487966193,0.0,-0.0,0.0,0.0,0.0,0.0
4816,-0.6642768232087037,0.08993518455453056,-0.13507894142827861,0.3777889764214204,-0.0864680282568577,1.9967224031880422,0.0,-0.0,0.0,0.0,0.0,0.0
4817,0.314931446666888,0.6923324304298352,-1.4564674034302034,-0.2950004218796478,-0.3907847223705344,2.0008688226609292,0.0,-0.0,0.0,0.0,0.0,0.0
4818,0.8515735085271049,0.2582108192428337,-0.13593680146864429,0.22557690623806106,0.8716523698561671,1.9972646780974737,0.0,-0.0,0.0,0.0,0.0,0.0
4819,-0.0043438182161264875,-0.15885227680338943,-2.882201343403727,0.19841343302298256,0.9532767403895719,1.9986934861710008,0.0,-0.0,0.0,0.0,0.0,0.0
4820,0.0439531563787892,0.2817624333174045,-3.336684284718335,0.7726178792348549,0.2963266128642856,1.9986958589902963,0.0,-0.0,0.0,0.0,0.0,0.0
4821,0.5087459997262169,-0.738250388347497,-0.9309210391136971,0.2720874060847724,0.5477724829431005,1.9978308392919606,0.0,-0.0,0.0,0.0,0.0,0.0
4822,-0.6526212553461629,-0.6296861275813779,-3.3175761927265532,-0.8773938129239818,-0.02994244765682252,1.9987257260878093,0.0,-0.0,0.0,0.0,0.0,0.0
4823,0.04002106294072296,0.2682662560004806,-1.2899308786545298,0.4577301579993729,0.0983489198395626,1.9995403332482031,0.0,-0.0,0.0,0.0,0.0,0.0
4824,0.46003720952653804,-0.5217486595865128,0.3807743901341508,0.6823074796044651,0.26291388978191294,1.9985288436193223,1.008456891043058e-14,1.663987994476931e-14,-7.756754788747775e-274,0.00023241676817942718,-0.0003810025919305374,0.00019745327093162614
4825,0.6705374039559087,-0.3183044592045936,-1.897950929204348,0.020785580670332784,-0.982919277479198,1.9996145975760449,0.0,-0.0,0.0,0.0,0.0,0.0
4826,0.26661990816714604,0.38736451593446347,-3.0678466234369903,-0.3065646563344956,0.6050361221852192,1.9998220344049564,0.0,-0.0,0.0,0.0,0.0,0.0
4827,-0.4735899032871707,-0.21722879140901838,-4.136485911546181,0.029264858422180965,-0.38708118014128395,2.000043294044497,0.0,-0.0,0.0,0.0,0.0,0.0
4828,-0.17662037853586476,0.9050573177998855,-2.9897022056750173,-0.9344602675197718,0.1091251963117674,2.0012716704590834,0.0,-0.0,0.0,0.0,0.0,0.0
4829,-0.7144435770063668,-0.594644389945086,-3.9973663838897924,0.6342526080842023,0.38335938154347154,2.0008091887869894,0.0,-0.0,0.0,0.0,0.0,0.0
4830,-0.6649450003011992,0.42610983435886157,-0.9975921719794625,-0.22427994580647317,0.5719442690929618,1.9992938819393924,0.0,-0.0,0.0,0.0,0.0,0.0
4831,0.48198907142186886,0.014654075334072982,-3.485600437535844,-0.13763335569674195,0.20447850885036006,1.996355901257876,0.0,-0.0,0.0,0.0,0.0,0.0
4832,0.3179760113055658,0.1333046122572432,-0.45588909927353155,0.5390906113384362,0.4550049614019836,2.001764708537539,0.0,-0.0,0.0,0.0,0.0,0.0
4833,0.3827353381715719,0.8886129453591134,-0.9550197325597161,0.06785198789984088,0.29677793598122465,2.0024674796239266,0.0,-0.0,0.0,0.0,0.0,0.0
4834,-0.09074179556008137,0.7236181089577722,0.4556440502671042,0.4489452679617172,-0.8768015601956011,1.9982990819135051,1.914042885352178e-15,-2.3856192892839503e-14,9.198589204306446e-231,4.339592569620725e-05,0.0005480238315630797,0.00041156002766128835
4835,-0.8462014906296657,0.4589981417725619,-0.9663256565003416,-0.6848165103689917,0.38062561442649134,2.0009093690649298,0.0,-0.0,0.0,0.0,0.0,0.0
4836,-0.3182181424300132,0.04166781556901666,-2.4645596559299427,0.5757561099638333,-0.48446507748763584,1.9968751440418349,0.0,-0.0,0.0,0.0,0.0,0.0
4837,0.0789166193008717,0.3589472497661556,-0.1652131252175698,-0.7843217244088866,-0.5500321991179616,2.0007611738696056,0.0,-0.0,0.0,0.0,0.0,0.0
4838,0.912853519810387,0.22243159888524017,-0.3028105068478537,-0.36729382574467384,-0.07891969271445325,2.0054670438139945,0.0,-0.0,0.0,0.0,0.0,0.0
4839,0.6095348327298455,-0.5302801764176335,-1.8817375352960015,-0.5498738515679362,0.1517218308676018,1.9961668941769959,0.0,-0.0,0.0,0.0,0.0,0.0
4840,-0.32171367797251843,0.5031912715014916,-3.3721792880624686,-0.20504702205089767,0.005154714028157461,1.9993934415257668,0.0,-0.0,0.0,0.0,0.0,0.0
4841,0.26070855164201884,-0.1752917020990832,-2.306605112710663,0.015161883943687669,-0.6301535722503833,1.9995873284769234,0.0,-0.0,0.0,0.0,0.0,0.0
4842,0.5742582923991691,-0.4833537849231811,-3.4648575538864033,0.7416786748645844,0.5773856873617088,2.0016885525944748,0.0,-0.0,0.0,0.0,0.0,0.0
4843,-0.2642146854286131,0.5362155011277447,-0.7245647896866677,0.2576446459722079,-0.6105168498210917,2.000449763679101,0.0,-0.0,0.0,0.0,0.0,0.0
4844,-0.29691004706197244,0.031632316641690986,-0.8149937856173437,0.456327577231307,0.30893888203762454,2.0012987953445567,0.0,-0.0,0.0,0.0,0.0,0.0
4845,-0.26550350333839823,0.9156465640310011,-2.128769425067687,-0.5715197255208506,-0.26598207589558814,1.998789076434769,0.0,-0.0,0.0,0.0,0.0,0.0
4846,-0.8496778268063268,0.2858977983868921,-3.8907770806727764,-0.6822266466623395,0.0006041419844312015,2.0016791292815648,0.0,-0.0,0.0,0.0,0.0,0.0
4847,0.4259995061802425,-0.41739348766472756,-4.077730688049148,0.24631763754040836,-0.036958911493833485,1.9995323480058622,0.0,-0.0,0.0,0.0,0.0,0.0
4848,-0.4237229989978134,0.5889024983180075,-0.07618726104324425,0.5670624034857825,0.5470494057057055,2.000654547343593,0.0,-0.0,0.0,0.0,0.0,0.0
4849,0.18120381927325,-0.4131929362703363,-2.864457430457116,-0.4937951281014843,0.2588584651697909,2.000958402875911,0.0,-0.0,0.0,0.0,0.0,0.0
4850,0.012550188544215328,-0.3943804476211736,0.3858805532362888,0.042267467854054226,0.8263530379431088,2.001184847587875,5.438663542495467e-15,7.580247587213641e-15,3.2688959105294825e-272,0.00012531446607691004,-0.00017474971944406872,0.0005238971501053803
4851,0.5010574672922086,-0.25934612452012473,-1.851844544665123,-0.4732632038574065,-0.3149211029610187,2.0010964556812216,0.0,-0.0,0.0,0.0,0.0,0.0
4852,0.2910728438917852,0.7419526309893097,-2.1772810161553715,0.42781297829098236,-0.7133488210371741,2.00319554855148,0.0,-0.0,0.0,0.0,0.0,0.0
4853,-0.3557965330864881,-0.9286158447683207,-0.41529273444211806,0.4784889849592566,0.31317031605886453,1.9991934003386325,0.0,-0.0,0.0,0.0,0.0,0.0
4854,-0.5500030413677934,-0.26678691679021643,-0.8858563238838062,-0.12824128843859664,0.9652320882047489,2.0031621994033304,0.0,-0.0,0.0,0.0,0.0,0.0
4855,0.4426989053584484,0.22893319545480945,0.3466730927259082,-0.23081463227193647,0.45079761728705847,1.9979370170614807,5.286162510349565e-15,-8.964738600737409e-15,-2.151282901582217e-293,0.00012047628911980514,0.00020560994007914557,0.00032741604625947235
4856,-0.011284031556362581,0.14662654753377155,-0.05196712347948653,-0.2447894378353603,0.636252581913191,1.9982235207475338,0.0,-0.0,0.0,0.0,0.0,0.0
4857,-0.9885768087841551,-0.11354859867494477,-2.73600939715737,-0.8478643553124108,0.10721957748637694,2.0000388644493166,0.0,-0.0,0.0,0.0,0.0,0.0
4858,-0.8686945246025777,-0.24870242246726162,-0.24475678956405866,0.6942513834445199,-0.43458940233829974,2.004913571841779,0.0,-0.0,0.0,0.0,0.0,0.0
4859,-0.012193687244321164,-0.08252559054338326,-2.0913866450773897,0.7901122262400205,0.2996654579604373,1.9983395416034373,0.0,-0.0,0.0,0.0,0.0,0.0
4860,0.7787094909218921,-0.37625264806205566,-2.4210199246053836,0.2768051859368528,-0.714885207153865,1.9979977264910558,0.0,-0.0,0.0,0.0,0.0,0.0
4861,-0.4610261755176976,-0.7620220347104371,-2.059895030054746,-0.978303066881404,0.06563989381830287,1.999119055526535,0.0,-0.0,0.0,0.0,0.0,0.0
4862,-0.10282433212700631,0.027512552196983536,-1.0964165062083344,0.17351834120170945,-0.18738494309029982,1.9992787927204132,0.0,-0.0,0.0,0.0,0.0,0.0
4863,-0.5717284137715399,0.8165543994139763,-4.229972970247917,-0.09976893637115675,-0.6353244576798224,1.9972473024653858,0.0,-0.0,0.0,0.0,0.0,0.0
4864,-0.5845986356401653,0.04145349857456138,-2.9227611006193497,0.5050950130683513,-0.4674080985453769,2.001769732673171,0.0,-0.0,0.0,0.0,0.0,0.0
4865,0.6077194895238806,0.30737694556119055,-1.2716541838358195,-0.3285498507497663,-0.7551783164154955,2.003017676088425,0.0,-0.0,0.0,0.0,0.0,0.0
4866,-0.28547719927409926,-0.7953547195035163,-4.2410135575284,0.08288359017195973,-0.09474549550875053,2.0010471864421713,0.0,-0.0,0.0,0.0,0.0,0.0
4867,-0.6463001861016558,-0.4884066773151605,-1.9508876609011236,-0.18286908136172403,0.301112574411238,2.00267362096921,0.0,-0.0,0.0,0.0,0.0,0.0
4868,0.5790875116900976,0.0548940789954172,-1.4246052753688612,0.2443577933656038,-0.8006210404613863,1.9983102478337467,0.0,-0.0,0.0,0.0,0.0,0.0
4869,0.956547492722919,-0.09908690894416347,0.0268535252182072,-0.02549026932756399,0.28576865810623103,1.9983383375097852,2.8495534363620797e-14,3.946328121582049e-15,-0.0,0.0006525221395585017,-9.206981542533574e-05,-0.0003303215871832867
4870,0.9116786011015143,0.16049754808044608,-1.63883344303676,0.3280702935285541,0.721441968558899,2.0019737134640168,0.0,-0.0,0.0,0.0,0.0,0.0
4871,-0.4561404275297112,-0.3604929109275023,0.16743393115466826,-0.3226702151011263,-0.7606780907915957,1.9976108472291525,-9.68438282339484e-15,8.333430154348094e-15,-0.0,-0.00022200013162267693,-0.00019146790809199924,-8.371853368692503e-05
4872,-0.06702049926555448,0.7898579182207737,-0.35549467860519113,0.594061680533548,-0.24322902168229477,2.0020075737532537,0.0,-0.0,0.0,0.0,0.0,0.0
4873,-0.9437923480629942,0.15108317182462364,-0.7822490821107304,-0.4461674580509226,0.062301821674317595,1.9992688286370583,0.0,-0.0,0.0,0.0,0.0,0.0
4874,-0.13685050908853488,0.7723556601733356,-2.355543688265558,-0.18085778248283654,-0.8171262994980486,2.0006878000825856,0.0,-0.0,0.0,0.0,0.0,0.0
4875,0.31981761944435416,-0.0900166283728559,-0.6446405478718283,0.4054879400944585,0.5979400796655702,1.9988120557349522,0.0,-0.0,0.0,0.0,0.0,0.0
4876,-0.8233300984857301,0.49250742367324657,-1.8776345579398754,0.003786280977504084,0.4660803889766899,1.9992696369238951,0.0,-0.0,0.0,0.0,0.0,0.0
4877,-0.8141338094047921,0.09898103669076751,-3.626313234230545,0.3558705499406951,0.8663549025750594,1.996338611462737,0.0,-0.0,0.0,0.0,0.0,0.0
4878,-0.6369504328990464,0.32306506070175256,-1.9650873560456177,0.578358224854774,-0.8078519455999713,1.9986781674681025,0.0,-0.0,0.0,0.0,0.0,0.0
4879,-0.30641426213903467,0.2045228302760075,-0.29771729301319066,-0.031176478055430643,0.7068298864426472,2.001346480948234,0.0,-0.0,0.0,0.0,0.0,0.0
4880,0.1471899037871386,-0.49098072609449633,-3.124828342017711,-0.5441411446131329,0.28461023333419067,2.0016593801472404,0.0,-0.0,0.0,0.0,0.0,0.0
4881,-0.8379096570672134,-0.21107721997018827,0.37880036216637314,-0.027841762911270766,0.27471870957112193,1.9983621312542834,-3.7659892795126885e-14,1.195955828998852e-14,-9.398442424344415e-275,-0.0008648829917784463,-0.0002761256140906402,0.0006753915649215241
4882,-0.635943029924425,-0.3779146889985618,-1.267819573251189,0.241309120864212,0.613549268161398,1.9976554161218514,0.0,-0.0,0.0,0.0,0.0,0.0
4883,0.5627960372272948,0.7488589662716363,-0.48609146159995037,-0.11387235087592895,-0.44053205405309126,2.0012367281499643,0.0,-0.0,0.0,0.0,0.0,0.0
4884,-0.4759935687410816,0.7215570531659954,-0.096133592459947,0.37876276420318433,-0.8814228008219523,2.000021061993112,0.0,-0.0,0.0,0.0,0.0,0.0
4885,0.11872581323275896,-0.5744095246498387,-1.0281140435809637,-0.07060746564148963,0.9824879226568278,1.9995955338337204,0.0,-0.0,0.0,0.0,0.0,0.0
4886,-0.6930597259123004,-0.5382237095468011,-2.021423823289819,0.11534783636647905,-0.9266775652564992,2.001839217870936,0.0,-0.0,0.0,0.0,0.0,0.0
4887,-0.01352703805599754,0.3273159244678178,-1.3567931276801826,0.7188023110568696,-0.6691790750624249,1.9987912874363865,0.0,-0.0,0.0,0.0,0.0,0.0
4888,0.05827516449935221,-0.8206031299446658,-4.2227194966960235,0.8249445972689365,-0.5081261042010806,2.000706186343092,0.0,-0.0,0.0,0.0,0.0,0.0
4889,-0.16357785837737152,-0.6920329194298772,-1.0893484092555286,-0.9821180527686509,-0.06351348663059032,1.9992375809637082,0.0,-0.0,0.0,0.0,0.0,0.0
4890,0.7875846132279335,-0.28238469877274697,-1.9508415826898147,-0.4079578168532927,-0.7143915106570382,1.9995899250916935,0.0,-0.0,0.0,0.0,0.0,0.0
4891,-0.36728434438752516,0.9244463852513134,-0.3554636639615687,0.10758580789037381,0.6455050369781354,2.0001173993667853,0.0,-0.0,0.0,0.0,0.0,0.0
4892,0.7133188674191004,-0.48687391534181823,-2.105894060316293,0.06698404710279267,0.8265159251486572,1.9946354893115554,0.0,-0.0,0.0,0.0,0.0,0.0
4893,-0.7380640291415065,0.06661140121766954,0.012541682455780688,-0.5574811530895739,0.6813632062195146,1.9993151957026172,-8.340606628239032e-15,-1.4353891407403402e-15,-0.0,-0.00019115895816160065,3.196194913871921e-05,-0.0005573851155764217
4894,-0.3434749676708282,0.5445410800381695,-1.1239248119095315,0.6180546448868094,0.2853001390454414,1.999981452219566,0.0,-0.0,0.0,0.0,0.0,0.0
4895,-0.7612959532556514,0.5291011653173958,-3.123398631861291,-0.3867412763270309,-0.723081556335634,1.9992516366337114,0.0,-0.0,0.0,0.0,0.0,0.0
4896,-0.29969413296495057,-0.784464001309063,-0.14862676492066645,0.844908596727002,0.036838696004583574,1.9983323722041777,0.0,-0.0,0.0,0.0,0.0,0.0
4897,0.15385022468365006,-0.9834214895443548,-2.5316561649101583,-0.572191741301653,-0.29286516230062143,1.9974924247012495,0.0,-0.0,0.0,0.0,0.0,0.0
4898,0.7659010009546369,-0.4926397264078127,-2.032842731339028,-0.12890654433126203,0.42348104794294494,1.9985525231211785,0.0,-0.0,0.0,0.0,0.0,0.0
4899,0.09690862647335832,0.12827898113319558,-3.6266294222547226,-0.49466088177797657,0.02485900316370074,2.001444766788379,0.0,-0.0,0.0,0.0,0.0,0.0
4900,0.04006698930552043,-0.9430308914502445,-3.066352616943357,-0.6060239926199368,-0.16943465013927692,2.0018736694957058,0.0,-0.0,0.0,0.0,0.0,0.0
4901,0.6396583105694266,-0.71980742528413,-4.153165823123229,-0.521963321722854,0.523692653777581,1.999891375429806,0.0,-0.0,0.0,0.0,0.0,0.0
4902,0.4228567676014153,0.4576402403430051,-3.587135966265598,-0.41335603318305025,0.4054636250398945,2.0014428503953474,0.0,-0.0,0.0,0.0,0.0,0.0
4903,-0.6112684423136618,0.061423406789861676,0.3251773833037942,0.8394066619652439,0.035715004303943164,1.9977426077195164,-8.346797265866539e-15,-3.033311966044082e-16,1.8949435584758603e-305,-0.00019213410835417844,7.214359583023808e-06,0.00019277829122455064
4904,0.44813927273364956,0.5748957884121703,-3.5323892943145347,0.6318424413563095,0.18765746322670895,2.0042887377629146,0.0,-0.0,0.0,0.0,0.0,0.0
4905,0.07071970656744844,-0.8312985803602162,-0.10816709090113195,-0.5044410622042267,0.2537780695968367,1.9987368003591235,0.0,-0.0,0.0,0.0,0.0,0.0
4906,-0.602333176806191,0.3010571353575506,-4.2129485795059916,-0.33296627117495525,0.7653908057789385,2.0012645501952266,0.0,-0.0,0.0,0.0,0.0,0.0
4907,-0.006623803738059089,-0.8448972354511917,-3.0032701131936603,-0.3810251153860907,-0.7019231463274608,1.9999777006161814,0.0,-0.0,0.0,0.0,0.0,0.0
4908,-0.3932348084361363,-0.5947588885777991,-1.494017896462856,-0.402326128700404,-0.25315915032346425,2.007004947150815,0.0,-0.0,0.0,0.0,0.0,0.0
4909,0.10389537867994084,0.09191353195746539,-1.0123252012774056,-0.32753426527750373,0.3429411303015847,2.000561942721035,0.0,-0.0,0.0,0.0,0.0,0.0
4910,-0.6723687831994707,0.5173474973727096,-0.5765147635375574,-0.016404435105678964,0.6280214989661629,1.996593311922248,0.0,-0.0,0.0,0.0,0.0,0.0
4911,0.14542201770155844,-0.15493940845839949,-4.303721038953947,-0.34892003219184675,-0.004627529682513773,1.9971038690479421,0.0,-0.0,0.0,0.0,0.0,0.0
4912,-0.9310144810142649,-0.1071248879783841,-2.3023111576479365,0.28698965496225554,-0.16294931471210658,2.0028446193612863,0.0,-0.0,0.0,0.0,0.0,0.0
4913,0.4566800394419152,0.4283291221161328,-2.944061258043318,0.0922050926915553,-0.6252007291969073,2.0013249005013467,0.0,-0.0,0.0,0.0,0.0,0.0
4914,-0.7302683906993631,0.09352157235181263,-2.0685202393438016,-0.44078108342879724,0.26829820260908205,2.001931318801971,0.0,-0.0,0.0,0.0,0.0,0.0
4915,0.15221814661075167,0.9817321765084907,-1.7402885032665005,0.06401359012299769,0.6648233474399675,2.0008266752356048,0.0,-0.0,0.0,0.0,0.0,0.0
4916,-0.397077147465629,0.3178541499595369,-2.994207254479924,0.20053649816241886,-0.7647269476479919,1.9993979952842376,0.0,-0.0,0.0,0.0,0.0,0.0
4917,0.3079806935085087,0.26028961311270843,-4.1785840180353375,0.4399917603251977,0.5836669261761107,2.002163240301952,0.0,-0.0,0.0,0.0,0.0,0.0
4918,-0.7425059356877828,0.47717430450606513,-2.4774006368518853,-0.4509661136121147,0.09928615592232105,1.9961084647019711,0.0,-0.0,0.0,0.0,0.0,0.0
4919,0.06392834520547135,0.19410455187394776,-1.6413574259995176,0.43300972017443523,0.22925056960753634,1.9992430937444845,0.0,-0.0,0.0,0.0,0.0,0.0
4920,0.038611567634289835,0.5867059764734817,-0.5525510593646673,0.9847267924097005,-0.0416286478119764,1.9985838326301455,0.0,-0.0,0.0,0.0,0.0,0.0
4921,0.6126974466127048,0.7108029625995221,-2.2350814231553513,-0.16753934585100935,-0.5947682073982716,1.9979057791566914,0.0,-0.0,0.0,0.0,0.0,0.0
4922,-0.4236563579137203,-0.796455043967028,-3.0401905550498807,0.21727911222131208,0.5215671156438166,2.001407737020195,0.0,-0.0,0.0,0.0,0.0,0.0
4923,0.4895720804537539,-0.18079748697252562,-3.3579901584758995,-0.2519740633606807,0.07208582734249983,1.9997929755699027,0.0,-0.0,0.0,0.0,0.0,0.0
4924,-0.12216187881280809,0.8874642419269861,-1.006180046430262,0.6692598923822938,-0.2086200725202799,2.0024989958526316,0.0,-0.0,0.0,0.0,0.0,0.0
4925,0.034436930771263495,-0.8224507502760059,-1.9236465586628917,0.8716059867553098,-0.2599752171821975,2.0008869402826015,0.0,-0.0,0.0,0.0,0.0,0.0
4926,-0.7668731932225796,0.45344088467918026,-0.9969183847208766,0.35827348898749284,0.4640929387011942,1.9997096132344103,0.0,-0.0,0.0,0.0,0.0,0.0
4927,0.8533152229283897,0.3884594929882888,-0.025419003144060297,0.016183348584253493,-0.645399746067505,2.002016051869946,0.0,-0.0,0.0,0.0,0.0,0.0
4928,0.40025422935877114,-0.7243535209585787,-2.7767234677109505,-0.26293843210009854,0.551138740809837,1.9999674787167836,0.0,-0.0,0.0,0.0,0.0,0.0
4929,-0.7919063257680465,-0.08935032328135428,-0.6428584081995047,0.35809963124949495,-0.4006983002569626,2.001699758624934,0.0,-0.0,0.0,0.0,0.0,0.0
4930,-0.06807030323477557,-0.7143118395260152,-3.577009021193929,-0.3160540363237281,-0.7262763105524506,1.9978690971604804,0.0,-0.0,0.0,0.0,0.0,0.0
4931,0.5655980378845603,-0.6649336700096611,0.46863563827139443,0.2199344456317542,-0.25668438510881614,2.000402357315561,1.2803514877886752e-14,1.3067899480317065e-14,-4.023832307695657e-223,0.0002946966465116727,-0.00029916766205368507,0.00036891802762031454
4932,-0.4296424804727895,0.3398351241672372,-0.4477675363887322,0.10973370114609193,-0.07165218921271721,1.9995380292862994,0.0,-0.0,0.0,0.0,0.0,0.0
4933,-0.8714717870094963,0.051508633911783175,-4.060447756478687,-0.17816638209656227,0.8021172819646453,2.0020515686082825,0.0,-0.0,0.0,0.0,0.0,0.0
4934,-0.2424473811139337,-0.13339931436660932,-1.3866222277459404,0.721099475019236,0.19740711961849064,2.0030055559700215,0.0,-0.0,0.0,0.0,0.0,0.0
4935,0.20015406455975202,0.7229852052009835,-0.35409061097295447,0.2593254713063078,-0.024885923320306324,2.0007906937261613,0.0,-0.0,0.0,0.0,0.0,0.0
4936,0.33040838077940027,0.29260308444393124,-4.382688370092481,-0.10459383932780084,-0.6178679471364427,2.0004086201443085,0.0,-0.0,0.0,0.0,0.0,0.0
4937,-0.0031436305927424087,0.7960317114651724,-2.7656730913423826,-0.3570240119557786,0.8944167638523354,1.9979148217942695,0.0,-0.0,0.0,0.0,0.0,0.0
4938,0.7871658199580688,-0.561667702785186,-1.4615955750390655,0.21053395449150056,-0.842853099613427,1.997977855392864,0.0,-0.0,0.0,0.0,0.0,0.0
4939,0.355134227641423,0.039212111933025234,-0.19125016673354922,-0.09321899128584434,-0.6960245995383393,1.9971150031926321,0.0,-0.0,0.0,0.0,0.0,0.0
4940,0.3115379761069091,0.8678900974011112,-0.4241423044976308,-0.10892085954157461,0.5341237358822019,2.000857928362923,0.0,-0.0,0.0,0.0,0.0,0.0
4941,-0.04715726904007945,-0.6647130801119997,-2.7665841309205423,0.01511166133295197,-0.37912423706487064,1.9996544163133716,0.0,-0.0,0.0,0.0,0.0,0.0
4942,0.4984531516880115,-0.6592450666641879,-2.9672337572100456,0.5745375729092085,-0.25648448235014676,1.9974887138071538,0.0,-0.0,0.0,0.0,0.0,0.0
4943,-0.0892259550639852,0.40508377254921996,-3.488693483502921,-0.8436149055822836,-0.10936448743711719,1.9970870438016417,0.0,-0.0,0.0,0.0,0.0,0.0
4944,0.5301872637599543,-0.7983536712816249,-2.150395706758249,-0.3326586131094881,0.5242819508268768,1.9991554306636308,0.0,-0.0,0.0,0.0,0.0,0.0
4945,-0.8180700820447669,0.3029174504971048,-1.3071809623295065,-0.39341998905989073,-0.9062153790653696,1.9983942886440609,0.0,-0.0,0.0,0.0,0.0,0.0
4946,0.4359942554941814,-0.6802567916448519,0.2081798832987131,0.5571913218004209,-0.7442878791944063,2.003559776587245,7.24676507630414e-15,8.406183533727721e-15,-0.0,0.00016730584957306738,-0.0001923256218845948,-8.138799795036747e-05
4947,0.9846273411639044,0.006901056450265242,-1.4359263801972577,0.8279204663436073,0.38364512434912995,2.0006445615638313,0.0,-0.0,0.0,0.0,0.0,0.0
4948,-0.065202820181536,-0.538246383872038,-0.12133216169911264,-0.4536753632823712,-0.43813147765062355,1.9999773921431074,0.0,-0.0,0.0,0.0,0.0,0.0
4949,-0.00329150409018216,-0.8209550808615097,-2.9727596441209228,-0.30122165147673047,-0.5162056546969013,2.000708337760722,0.0,-0.0,0.0,0.0,0.0,0.0
4950,-0.3936605561164114,-0.9136384270732105,-2.4688468064930182,-0.8776467196866345,0.2625187052767157,1.9984204050693675,0.0,-0.0,0.0,0.0,0.0,0.0
4951,0.780841294822082,0.5491908443794615,-1.1392560831016558,-0.7195472520556657,0.29604921327655964,1.9981755740616052,0.0,-0.0,0.0,0.0,0.0,0.0
4952,0.6408592494650123,-0.6395323822452601,-4.069363633112068,0.5288053326372522,-0.7981147121802887,2.0033159367026054,0.0,-0.0,0.0,0.0,0.0,0.0
4953,-0.26839941419842894,0.2835332293046126,-0.680765341041671,-0.6350843927649398,-0.5215083258343997,2.0028029782327774,0.0,-0.0,0.0,0.0,0.0,0.0
4954,0.4190117118613399,0.47010274935527746,-4.422003396641268,0.933959758981805,-0.024104553380787565,2.000743185186795,0.0,-0.0,0.0,0.0,0.0,0.0
4955,0.5017480472367124,-0.1786378123756201,-3.6520090852282894,0.0803704845575768,-0.4584415546201165,2.002214387626116,0.0,-0.0,0.0,0.0,0.0,0.0
4956,0.07064079522260192,-0.4729145078163272,-2.716300514203765,-0.04607417376320265,0.2522390152226419,2.0003637435739314,0.0,-0.0,0.0,0.0,0.0,0.0
4957,0.47225717831479136,0.2748527784626876,-0.24673566938397162,-0.1514993881086946,0.33930671724929573,2.003353419441915,0.0,-0.0,0.0,0.0,0.0,0.0
4958,-0.6026610776707976,0.5985873664568035,-1.6371813625413711,0.5175302679826653,0.7067479276248038,1.9997349740859054,0.0,-0.0,0.0,0.0,0.0,0.0
4959,0.22010153002756144,0.5157339958495217,-2.49579521676513,-0.05027668099315971,-0.36607884797342055,2.0026511566126626,0.0,-0.0,0.0,0.0,0.0,0.0
4960,0.06363934845082185,0.11032320551489995,-4.024219058764234,0.33278457986672605,-0.5493491280992053,1.9986062287602195,0.0,-0.0,0.0,0.0,0.0,0.0
4961,-0.9515484865413928,0.10247760362860629,-4.0171124618035465,0.023783840182325475,0.5446255601260652,2.0001406683243053,0.0,-0.0,0.0,0.0,0.0,0.0
4962,0.23448874547267567,0.799764380428149,-2.928698932136869,0.6259400372222833,-0.36051085611618877,2.000887466217826,0.0,-0.0,0.0,0.0,0.0,0.0
4963,0.09948854750028542,-0.5235429940486702,-2.1889859580831303,0.15095624597710816,0.02806785987580365,1.9998241172781532,0.0,-0.0,0.0,0.0,0.0,0.0
4964,-0.5698185752369676,-0.7303560090728223,-1.4036029456247128,-0.6573957464319247,0.5222516878012644,1.999944350870523,0.0,-0.0,0.0,0.0,0.0,0.0
4965,-0.826314654992977,0.16596148353452375,-2.96846357861498,-0.0937330170031055,-0.11683094308649171,1.998949055324157,0.0,-0.0,0.0,0.0,0.0,0.0
4966,-0.401803003311777,-0.8786910091519076,-1.983233059710123,0.37797622974552864,0.1913872885432168,1.998530549499045,0.0,-0.0,0.0,0.0,0.0,0.0
4967,-0.9039570152774195,-0.24473443917086193,-1.4583185678732558,-0.21926382385735635,0.23782624029886684,1.998464149429467,0.0,-0.0,0.0,0.0,0.0,0.0
4968,0.8590580698467657,0.1674766306099767,-2.8290302026356313,0.6358119306077796,-0.17681444127524426,2.004279314469663,0.0,-0.0,0.0,0.0,0.0,0.0
4969,0.39086339365313083,0.2573878070300019,-3.068521913055245,-0.4632909872236569,0.62833720704919,1.999254962421132,0.0,-0.0,0.0,0.0,0.0,0.0
4970,0.5296364193513167,0.6490783294151836,-1.932980047861278,0.49675432656451346,-0.8591260051836257,2.000442891084125,0.0,-0.0,0.0,0.0,0.0,0.0
4971,-0.39129444393331825,0.4700698700729005,-3.8861428917549157,0.6607815044925608,-0.04066354626327645,1.9999887928953204,0.0,-0.0,0.0,0.0,0.0,0.0
4972,0.2047380339253632,-0.32673497594523837,-4.385083360053595,-0.8432143097165493,0.316225139263297,1.9988494566770172,0.0,-0.0,0.0,0.0,0.0,0.0
4973,0.8122741910863007,-0.4886078868966674,-4.454607889055021,-0.32122611487299485,0.8716706601291114,1.9986756202732836,0.0,-0.0,0.0,0.0,0.0,0.0
4974,-0.2979514393150736,-0.2417765226279095,-3.0786710038230383,-0.7044117022374303,-0.16567758649195571,2.0005573403453933,0.0,-0.0,0.0,0.0,0.0,0.0
4975,0.4061041845920257,0.16047596635036415,-1.888467530144954,0.3988562047318193,0.43390664449673294,2.001810986738885,0.0,-0.0,0.0,0.0,0.0,0.0
4976,-0.41577849721207044,0.08107206418009193,-1.3182398130592392,0.6247686961940198,-0.5635767284733876,2.0029822414427496,0.0,-0.0,0.0,0.0,0.0,0.0
4977,-0.14701509788761116,-0.20658577554564686,-3.0033097039015524,0.0840601939260384,0.3096142963534952,2.000629739912193,0.0,-0.0,0.0,0.0,0.0,0.0
4978,-0.8018986838210583,-0.1991692457490864,-2.738356216889312,0.20208387967440378,-0.7910872525592078,1.9967587807340184,0.0,-0.0,0.0,0.0,0.0,0.0
4979,0.09257736834173506,0.07060842464091274,-0.13773733598258256,0.3108602292149506,-0.27943396188352293,1.9976694074558436,0.0,-0.0,0.0,0.0,0.0,0.0
4980,0.8244873789898981,0.23714625677357734,-4.3305687670430695,0.2285291916731745,-0.7661376877291473,2.001668440680108,0.0,-0.0,0.0,0.0,0.0,0.0
4981,-0.5157709384212464,-0.4742870570459148,-1.4368425092278612,0.18094276784839264,-0.6070338317924949,2.000887692560832,0.0,-0.0,0.0,0.0,0.0,0.0
4982,-0.8814924671724411,-0.11344547364117828,-0.11208723962755755,-0.8261905472224118,-0.3656973360038237,2.0005150822615985,0.0,-0.0,0.0,0.0,0.0,0.0
4983,0.24564259459563545,0.04601140406559946,-2.8778175793630907,-0.26843588847535715,-0.8040436116471388,2.0019513702809877,0.0,-0.0,0.0,0.0,0.0,0.0
4984,0.04563215532155059,-0.9012018142292356,-3.7387360599152832,-0.1065343637900695,-0.7448020283057558,2.0027662122303203,0.0,-0.0,0.0,0.0,0.0,0.0
4985,0.5753613438889335,0.1871968478312232,-1.0070277474560987,0.22352534258666798,-0.2568646892622299,2.001543634039377,0.0,-0.0,0.0,0.0,0.0,0.0
4986,0.20037636555690608,-0.5032693648015236,0.0006170682049239732,0.42288117187680196,0.4717485128647462,1.9981564912875702,0.0,-0.0,0.0,0.0,0.0,0.0
4987,0.6720628479927181,-0.2891179227995962,-1.2229282093570382,0.4998594363296149,0.340499452292759,1.9987361884237733,0.0,-0.0,0.0,0.0,0.0,0.0
4988,-0.15995044178171813,0.4081518434046889,-2.201275701215194,-0.8892139057299465,0.23435287059485538,1.998668938905802,0.0,-0.0,0.0,0.0,0.0,0.0
4989,-0.32285435339820984,0.1164975337121436,-0.5762650634253255,-0.20920987729409238,-0.03779337040913858,1.9988234763312709,0.0,-0.0,0.0,0.0,0.0,0.0
4990,0.538011867962774,0.5226029043207936,0.4147044160391566,0.46458683946006885,0.2479332744431373,2.001563254273299,1.9515015651325032e-14,-1.1947126636405565e-14,-3.473986349627132e-254,0.0004483294263321737,0.000273353711434539,0.00043104730912788393
4991,0.5027273090861183,-0.5974367655711053,-4.183991658130978,0.14553972926639636,0.5087203251062523,2.0001256103198903,0.0,-0.0,0.0,0.0,0.0,0.0
4992,0.5359217041716826,-0.16425585016852853,-2.090272174203784,-0.16567881152907385,-0.9250477061767797,2.001549188620115,0.0,-0.0,0.0,0.0,0.0,0.0
4993,0.4856013692564117,0.4658326626412728,0.3756161673510837,0.307340316887961,0.48020710289782936,1.9973393573724774,1.2601594769994017e-14,-3.242939098379737e-15,1.5557220972949006e-276,0.00029008991603940947,7.270795853451875e-05,0.00032379017456328745
4994,0.06482098671515682,-0.4994983747890662,-4.141066768245064,0.36949188123911114,0.2322375289646659,2.0021921812214547,0.0,-0.0,0.0,0.0,0.0,0.0
4995,0.0826388601260423,0.9551288597809716,0.03920020335726673,-0.605288613662902,-0.6100371844060544,1.9996733800476734,7.728184306445457e-16,-2.4305020003910667e-14,-0.0,1.774436631288617e-05,0.0005580350611418791,-0.00023399026782122733
4996,-0.5144801848156115,-0.18496588900880184,-0.2885102488266658,-0.21155177470214165,-0.15111548229990843,1.99950163506184,0.0,-0.0,0.0,0.0,0.0,0.0
4997,0.15595197933454383,-0.5572017480017355,-1.5149435662961033,0.0727430557633042,-0.34171992031595366,1.9985038698489184,0.0,-0.0,0.0,0.0,0.0,0.0
4998,0.1193022442973793,0.7409765520671456,-0.41062173919925943,0.565988877823215,0.7354629859385581,2.0058373160944316,0.0,-0.0,0.0,0.0,0.0,0.0
4999,0.3308443220792304,0.6709356734927487,-2.800178735625021,0.4040574995758058,0.11920920507247675,2.001896830329916,0.0,-0.0,0.0,0.0,0.0,0.0
5000,-0.7877425561807856,0.19505363903177342,-0.8202040872572379,0.7277360860992551,0.5389192795938998,1.9994343372857466,0.0,-0.0,0.0,0.0,0.0,0.0
5001,-0.3518486240162098,0.32093972891586336,-3.1127135037371794,-0.7355070073644863,-0.028653632497793586,1.9972675114112737,0.0,-0.0,0.0,0.0,0.0,0.0
5002,0.6769666684556687,0.3895886371028331,-3.273799071866705,0.32003088859956336,0.2505715643373512,1.9985989190978495,0.0,-0.0,0.0,0.0,0.0,0.0
5003,-0.2270195742522672,0.8477992559910208,-0.21197467434913728,0.16757820350562147,0.5716464626778767,1.9982936331075938,0.0,-0.0,0.0,0.0,0.0,0.0
5004,0.3251163657871661,0.14092047158998136,-4.062144702114119,0.037251111814322606,0.9230633300676999,2.0037800262346854,0.0,-0.0,0.0,0.0,0.0,0.0
5005,0.8210144649068452,-0.44928330321253496,-3.815376951768319,0.6985573661809633,-0.5314637712074949,2.0020564451875997,0.0,-0.0,0.0,0.0,0.0,0.0
5006,-0.7449324915261494,0.35918384290068517,-0.17762721948717825,-0.1171155262704182,0.7417319894425995,1.9969993739146727,0.0,-0.0,0.0,0.0,0.0,0.0
5007,0.45744222357974507,0.5734642616375136,-2.21668572284848,0.6211191044292916,0.7678905261388269,2.002056497908587,0.0,-0.0,0.0,0.0,0.0,0.0
5008,0.2794052540673676,-0.7334562810851687,-1.7096911096711864,0.13106120945693098,-0.4439743137409693,1.9988493357151524,0.0,-0.0,0.0,0.0,0.0,0.0
5009,-0.5008854976398162,0.4337604146246586,-1.021633498590081,-0.141630289526236,-0.6234153752474438,2.0010341496191644,0.0,-0.0,0.0,0.0,0.0,0.0
5010,0.045031766900825394,0.4024672922150852,-1.7806889166285609,-0.2400369910874034,0.24995674318966485,2.001227471984593,0.0,-0.0,0.0,0.0,0.0,0.0
5011,0.10840276312073978,-0.8598636303855746,-3.9279205263496517,0.6965822333586557,-0.041965708417879485,1.9996381789271622,0.0,-0.0,0.0,0.0,0.0,0.0
5012,-0.49468448409185634,0.796903572426258,-3.998144137769407,0.4240376739708866,-0.6007659064501306,2.0009448760577166,0.0,-0.0,0.0,0.0,0.0,0.0
5013,0.7711949197057831,-0.17316220995704518,-0.6039911829028275,0.010875697010384081,0.7136933915004908,2.002197476083035,0.0,-0.0,0.0,0.0,0.0,0.0
5014,-0.7251251239392954,-0.5831086477873666,-0.3805738243142263,-0.6874694291917368,0.3980075766046714,1.9980076510547664,0.0,-0.0,0.0,0.0,0.0,0.0
5015,0.5819124001192575,0.34176825899956775,-0.47917740442685997,-0.3837679966232689,-0.0868749186579227,2.0011658044891076,0.0,-0.0,0.0,0.0,0.0,0.0
5016,-0.39564957911749954,-0.3466571089332856,-0.8347773973428254,0.4709472329348418,-0.448751660485663,1.9999226862139985,0.0,-0.0,0.0,0.0,0.0,0.0
5017,-0.5928935645424137,0.23602143026198888,-1.0184252527451885,0.6285947822982759,0.34124138867207254,2.002162506627456,0.0,-0.0,0.0,0.0,0.0,0.0
5018,-0.8252342278475733,-0.5650943051882042,0.10673285863928127,-0.3047997063836884,-0.3834004711824919,2.000859272161508,-2.1565989579038324e-14,1.4320820400897152e-14,-0.0,-0.0004954386824526414,-0.00032880928702232486,-0.00016549738300409932
5019,0.683445769989607,0.33284272812018256,-3.0866402862072144,0.7103410249603415,-0.24281965842933198,1.9999845795026605,0.0,-0.0,0.0,0.0,0.0,0.0
5020,-0.45204653058931876,-0.5585853765446576,-2.440562763828698,0.19760393203690552,0.5152949874924363,1.9997496134082118,0.0,-0.0,0.0,0.0,0.0,0.0
5021,0.015178851042198023,-0.08474421632196769,-0.7336241782181385,0.06077330880898503,-0.6836287304309242,1.9986101985110036,0.0,-0.0,0.0,0.0,0.0,0.0
5022,-0.5510231890593384,-0.09599131862352851,-2.339964219330508,-0.10165284376165372,-0.8413521936269723,2.003250712004159,0.0,-0.0,0.0,0.0,0.0,0.0
5023,0.3972502937180248,0.3316371522646532,-2.2154903528778935,-0.8603905593453054,-0.37240828268510023,2.0020050025208014,0.0,-0.0,0.0,0.0,0.0,0.0
5024,-0.26744631126276425,0.3375190724701087,-0.3491233612498441,0.06906866476378917,0.08062647496866081,1.9959109998732592,0.0,-0.0,0.0,0.0,0.0,0.0
5025,0.006753914960833628,-0.5541534571992401,-3.8465162906140855,-0.3236844123164301,-0.458672612633725,2.0020848214823186,0.0,-0.0,0.0,0.0,0.0,0.0
5026,-0.44113698405782775,-0.6368094839318985,-0.08542891557605295,0.5692313016519825,-0.5945919167445355,1.9991181522772803,0.0,-0.0,0.0,0.0,0.0,0.0
5027,-0.37982604577818574,-0.719418067142996,0.04679189287743542,-0.7261524360440884,0.2632419853543139,1.9986178340620584,-6.69044254406426e-15,1.8064071543938495e-14,-0.0,-0.00015352318934241734,-0.0004158510903864493,-0.0003357746506947564
5028,-0.1007860360016861,0.7509612527530409,-2.7915579869989466,0.9320881031017718,-0.1386449317507598,2.0017489459054914,0.0,-0.0,0.0,0.0,0.0,0.0
5029,0.032565879266055565,-0.6366505098954592,-0.06449916303660091,-0.4338313534371324,-0.09887645656303876,2.0022369184138644,0.0,-0.0,0.0,0.0,0.0,0.0
5030,0.3528808510775742,-0.4437752028191914,-1.5665975247371768,0.025796186055394174,0.3216415496941593,2.0010657118363167,0.0,-0.0,0.0,0.0,0.0,0.0
5031,0.22932951992686826,-0.7128957679846192,-0.6329479135157847,0.13088574312171522,-0.1801627435760404,1.9973138314509928,0.0,-0.0,0.0,0.0,0.0,0.0
5032,-0.4348363173720287,0.5571537306693483,-1.1975934678393583,-0.47409673089687465,0.6422631235258257,2.000874474423897,0.0,-0.0,0.0,0.0,0.0,0.0
5033,0.5064367781352513,-0.8581211271699704,-1.8393465554519617,-0.7517394982657096,-0.3009079618329107,2.0000582028957883,0.0,-0.0,0.0,0.0,0.0,0.0
5034,-0.1577010967549476,-0.01677479271276974,-2.5139853068138067,0.701449980162335,-0.3242823893793284,1.998972968248554,0.0,-0.0,0.0,0.0,0.0,0.0
5035,0.7087775262773502,0.6159954740964846,-0.521644080081962,0.5268065492534911,0.5192647209127493,1.9996955747312433,0.0,-0.0,0.0,0.0,0.0,0.0
5036,-0.3729458752692984,-0.013699992052196054,-3.3792122240368134,0.3881745535912759,-0.5784636134266221,1.9980038725196707,0.0,-0.0,0.0,0.0,0.0,0.0
5037,-0.7596193381225322,0.5608826513700886,-1.7953458628096166,0.008708208719520188,0.8398592416119596,2.002327730234857,0.0,-0.0,0.0,0.0,0.0,0.0
5038,0.6333237843923545,0.3671436604230832,-3.3853649257780205,0.07786179632037234,0.030310517000447172,1.998019607102753,0.0,-0.0,0.0,0.0,0.0,0.0
5039,-0.5156738754004493,0.5472793281449093,-3.3086642796587347,-0.4316659903377658,-0.5950569208532552,2.002763927000564,0.0,-0.0,0.0,0.0,0.0,0.0
5040,-0.22353114535645915,0.07630545381851397,-4.3437919366005735,-0.5361302688193617,0.5636120398354476,1.9986881199064037,0.0,-0.0,0.0,0.0,0.0,0.0
5041,0.07165681106297256,0.3512607089476053,-1.0062300698705036,-0.5374609841303771,-0.4953693163210904,2.0037890336308655,0.0,-0.0,0.0,0.0,0.0,0.0
5042,-0.013051395235817519,-0.1534809378631163,-1.4184331108571413,-0.47583828468851647,-0.02570823343554039,1.99742044198689,0.0,-0.0,0.0,0.0,0.0,0.0
5043,-0.2651808803590117,-0.3127578276820812,-2.952933375854526,-0.20823496177050416,0.20546599598327306,2.0038034791795356,0.0,-0.0,0.0,0.0,0.0,0.0
5044,0.7783619917892028,0.09601627475355146,-1.422187324832967,-0.19514827528845635,0.6659274066024526,2.000177369459093,0.0,-0.0,0.0,0.0,0.0,0.0
5045,0.9658709544000861,-0.15849551185232233,-1.8488934242173218,0.7306499719806149,-0.09443417821709592,1.99915141191631,0.0,-0.0,0.0,0.0,0.0,0.0
5046,0.6537246138361527,0.22756099851225908,-0.1592889092704346,0.3211492444623374,0.4261815399822777,2.00132950253367,0.0,-0.0,0.0,0.0,0.0,0.0
5047,0.4093742720701611,0.5075803896958974,0.3602707349998494,-0.9094172733642746,-0.31955696661024624,2.0016320076997873,8.004885864556258e-15,-1.0523807915698885e-14,-3.077369050998351e-285,0.00018282944627557535,0.00024134083336152683,0.0003707430059255393
5048,0.08114705354069306,-0.6430260466846108,-0.251402662986277,-0.7998275926100604,0.32158532132392303,2.0013663516043687,0.0,-0.0,0.0,0.0,0.0,0.0
5049,-0.24237377444599756,0.23325264823959463,-1.793505178228432,0.934226411780032,-0.341647537088565,2.0012986231260714,0.0,-0.0,0.0,0.0,0.0,0.0
5050,0.06513350320302123,0.9676540310998403,-0.4381643111012839,0.07679939977767358,0.23147631429951315,2.0004610113980257,0.0,-0.0,0.0,0.0,0.0,0.0
5051,0.7253237894103753,-0.38702670065563405,-4.277483085976911,-0.7024764440110439,-0.2711203993667232,2.001865237599955,0.0,-0.0,0.0,0.0,0.0,0.0
5052,0.11252523623736177,0.5208341227189559,-3.2471273804981244,0.26213885545910864,-0.047391345753394855,2.0015349020810116,0.0,-0.0,0.0,0.0,0.0,0.0
5053,-0.07320320968677624,-0.5299206692843841,-3.7068201849903573,0.12257914291629102,0.4308980382104938,1.9977535551436678,0.0,-0.0,0.0,0.0,0.0,0.0
5054,0.7997554633635002,0.11255041706976246,-4.232385603840959,0.3300285747898602,0.036802499373891275,1.9987901012410967,0.0,-0.0,0.0,0.0,0.0,0.0
5055,-0.044765023461257554,-0.5778615272481191,-0.7896608836353237,-0.5517064296528624,-0.4489713497557747,1.99831222386977,0.0,-0.0,0.0,0.0,0.0,0.0
5056,0.9436415704157858,0.0033910382303307136,-3.606928448555777,-0.5136646616726847,0.38089499394524673,2.0012084399634813,0.0,-0.0,0.0,0.0,0.0,0.0
5057,0.7677301344596089,0.10467637696232045,0.39372298811842216,-0.7091479304967749,0.44796686824594517,1.9985164652900582,1.3860919692434506e-14,-8.645563625259779e-15,3.0543405581141223e-266,0.00031775429343159684,0.00019814303127242117,0.0003096099849919202
5058,-0.3758308337056268,-0.14459776093519797,-4.159513777476002,-0.46460156397837893,0.05421608739966135,2.003015758065476,0.0,-0.0,0.0,0.0,0.0,0.0
5059,-0.1093387662337232,-0.13143918214937386,0.44603759498549084,0.5859429351674016,-0.47028366430202745,2.0013981709470308,-8.001947030221705e-15,3.0717101200615205e-15,-1.4264006353164972e-237,-0.00018286021350068465,-6.95644587989322e-05,0.0005282072456290905
5060,0.5039032389715509,-0.24440360664675614,-2.266515121236549,-0.7274398547532556,-0.29774933879643206,1.9966909128103747,0.0,-0.0,0.0,0.0,0.0,0.0
5061,0.2741873221215994,0.9000763266877492,-4.3148667414855835,-0.20825863955614565,0.8470716904480075,2.00268812875646,0.0,-0.0,0.0,0.0,0.0,0.0
5062,-0.5609143474057827,0.3638319001863075,-2.0010563596674507,-0.9804902927465621,-0.12233112933643907,1.9981654261328088,0.0,-0.0,0.0,0.0,0.0,0.0
5063,0.018913629456136824,0.5409742960016897,-1.139895978440269,-0.1490587037655909,-0.08729558867627366,2.0009079918540746,0.0,-0.0,0.0,0.0,0.0,0.0
5064,0.10029531878286742,0.7968601292202611,-2.9482031072770467,0.8700456269912029,-0.4181152871993643,2.000275748823926,0.0,-0.0,0.0,0.0,0.0,0.0
5065,-0.950797539372504,0.2845264309040875,-0.23801098746173496,0.06916425133478017,0.2655885856239204,2.0011477095955748,0.0,-0.0,0.0,0.0,0.0,0.0
5066,0.2169601433991004,-0.33601199102676993,-0.4868220388951017,-0.03668881483460772,0.13170779133112093,1.9989356309650201,0.0,-0.0,0.0,0.0,0.0,0.0
5067,0.7974970882528656,-0.15261248081345932,0.06316292495724396,-0.419543808999462,0.6226617820740364,2.0015754157745653,7.820526321211009e-15,-8.332591079234663e-15,-0.0,0.0001759122660029143,0.0001852654833014016,-0.00037859016289621756
5068,-0.8538403521642517,0.46771214166686237,-3.9999587885374637,-0.6205177945528946,0.5281138550639091,2.0020015090171865,0.0,-0.0,0.0,0.0,0.0,0.0
5069,-0.02358698407888536,-0.6125985531862761,-4.179986372275771,0.9785505349561151,-0.07834339730172875,1.9984131882370835,0.0,-0.0,0.0,0.0,0.0,0.0
5070,-0.4513078084274956,-0.7565799799323881,-1.0997891617311162,-0.8422470670466287,-0.23347266112611303,1.9982902745839421,0.0,-0.0,0.0,0.0,0.0,0.0
5071,0.6709926563160525,0.2618647390576395,-3.041201749118238,0.1696182659414742,0.4463891022266462,1.999703235812394,0.0,-0.0,0.0,0.0,0.0,0.0
5072,0.33408170446142393,-0.07167877006870003,-2.665464260526819,0.8770369162269137,0.4552512298794095,2.000744626712865,0.0,-0.0,0.0,0.0,0.0,0.0
5073,0.896627638537858,0.3069358449485324,-4.177651997736573,-0.8699407173458611,-0.25110933039697564,1.9999207709502524,0.0,-0.0,0.0,0.0,0.0,0.0
5074,-0.6256189855321734,0.13788987845826775,-1.0215296697228353,-0.8187819515669711,-0.21725644073981545,2.0015612493878097,0.0,-0.0,0.0,0.0,0.0,0.0
5075,0.7104221202393094,0.5307991244291574,-3.5266894455509035,-0.09481187120289716,0.5973996866557504,1.9994127104631072,0.0,-0.0,0.0,0.0,0.0,0.0
5076,-0.6169254661421084,-0.20174959923101984,-4.0230279482550895,0.22476154185500904,-0.3263403147859284,2.0025022639054892,0.0,-0.0,0.0,0.0,0.0,0.0
5077,0.27967114662112497,-0.14776149528560964,-1.6835302736965738,-0.5606070736489247,-0.20501869194204222,1.9989259068646317,0.0,-0.0,0.0,0.0,0.0,0.0
5078,0.8904702270306417,0.2841499354116023,0.30414981296524174,-0.07499524907171319,-0.13742174511213998,1.9993411704620059,1.595543225690916e-14,-9.956213049906567e-15,-2.6460876e-317,0.0003653487365176276,0.00022758789060809225,0.00018304874129569648
5079,-0.43719606705924197,-0.07157217523285764,-1.5770861934323934,-0.26547913015769664,0.6908006620517168,2.00030676502696,0.0,-0.0,0.0,0.0,0.0,0.0
5080,0.31449355355135333,0.3697879069181971,-1.6521113949004373,0.05845227970032352,0.9403772406960808,1.9995179123702658,0.0,-0.0,0.0,0.0,0.0,0.0
5081,0.13408186494594942,-0.5862417771044249,-0.13328600698398038,0.6315955228065363,0.24507660627692548,2.0020437338320574,0.0,-0.0,0.0,0.0,0.0,0.0
5082,0.3156171532911444,0.03221156576201254,-1.851125104161015,0.3547900078590866,0.18315639269585401,1.9993035051710248,0.0,-0.0,0.0,0.0,0.0,0.0
5083,-0.6844899015449426,0.3405104928245426,-0.04322971825708134,0.13426100200708346,-0.28308686199291855,1.9999148490051892,0.0,-0.0,0.0,0.0,0.0,0.0
5084,0.03100740170708878,-0.5804523255758163,-3.4746429846508327,0.6105377539637266,0.32328365036021406,2.000649463170851,0.0,-0.0,0.0,0.0,0.0,0.0
5085,0.12340189751351612,-0.31620896093423234,-0.5617228831534524,0.030619826129994386,-0.43637310342492475,1.9992414793858029,0.0,-0.0,0.0,0.0,0.0,0.0
5086,0.49966190371494995,-0.13510032796411564,-2.837283800150568,0.8864748412907179,0.10498308224209159,1.9974527677849034,0.0,-0.0,0.0,0.0,0.0,0.0
5087,0.5391480205839562,0.6599252271524482,-3.920116612527062,-0.39337394153830213,0.8566743038389102,1.9998834373427363,0.0,-0.0,0.0,0.0,0.0,0.0
5088,-0.09754588844383393,0.3185811820707687,0.4439300851322937,0.8964539089639872,-0.008443205220749676,2.000325540369151,-1.1938041497456982e-14,-1.1534629896842406e-14,-8.67347385448648e-239,-0.00026939290738704216,0.00026406678157407724,0.00012912435793663348
5089,-0.6827973746937727,-0.27298815001982335,-3.6234411510042484,-0.016141591227407322,0.9992113111648642,1.9966876313261588,0.0,-0.0,0.0,0.0,0.0,0.0
5090,0.6328114717576114,0.14959843792451882,-1.139886961716051,0.5670801632624353,-0.4596187993794877,2.001115519723875,0.0,-0.0,0.0,0.0,0.0,0.0
5091,-0.887292351862239,-0.4509469025574375,-4.170340223887793,-0.012433648364590717,-0.8845981555940613,2.0007504093450854,0.0,-0.0,0.0,0.0,0.0,0.0
5092,0.25677053937911,-0.4553501223892317,-3.5662268002831445,0.5388841782732902,-0.6632418166785538,2.0003188692194116,0.0,-0.0,0.0,0.0,0.0,0.0
5093,0.5089754192635437,0.7682646289669814,-4.0253140179550275,0.22518506829776738,-0.2424223937761461,1.9995291393724128,0.0,-0.0,0.0,0.0,0.0,0.0
5094,-0.0701752638999751,0.9088426687833411,-3.5504728407679043,-0.11986919394583041,-0.23743018085814793,1.9995149261168002,0.0,-0.0,0.0,0.0,0.0,0.0
5095,0.08035867738685225,0.6738915318281452,-1.4570412086278641,0.3154838659355127,-0.8261439726831701,1.9997513779395475,0.0,-0.0,0.0,0.0,0.0,0.0
5096,0.6173171611147841,-0.5777147889557471,-0.6080096753259191,0.7505869512925692,-0.3576216895399316,1.9992449113070312,0.0,-0.0,0.0,0.0,0.0,0.0
5097,-0.5561788361646027,0.12175872781699909,-2.2409923284612883,0.08139425476635022,-0.7440076542659517,2.0014033054357876,0.0,-0.0,0.0,0.0,0.0,0.0
5098,0.8337181603299586,-0.07582283101606856,-1.1227331482453502,-0.6683870960815892,0.6603901418329573,1.999287697207391,0.0,-0.0,0.0,0.0,0.0,0.0
5099,0.14535959551267544,0.8019319299753023,-4.266492287683986,0.12222544645364519,-0.5618948572262508,2.0002003965991713,0.0,-0.0,0.0,0.0,0.0,0.0
5100,-0.1281525519218409,0.5052981158696197,-2.383341786712163,0.10009780772929197,-0.09701354225074872,1.999486211773437,0.0,-0.0,0.0,0.0,0.0,0.0
5101,0.8941830764079501,-0.16504892615765654,-2.890953916368218,0.8384579127809082,0.05513350595554478,1.9984692191969469,0.0,-0.0,0.0,0.0,0.0,0.0
5102,0.20438818249782215,-0.09102444499190264,-2.187426242487226,0.6110567036817036,0.14041163291876635,1.9987767383073964,0.0,-0.0,0.0,0.0,0.0,0.0
5103,0.36500329590578884,-0.007403891725961421,-1.0930188381112391,-0.7780092522163481,-0.6170925109639219,1.9989280596385643,0.0,-0.0,0.0,0.0,0.0,0.0
5104,-0.09523494181226498,-0.6130726987515026,-1.2550936158415287,0.12592727356665184,-0.8895116260858498,1.9964175362903611,0.0,-0.0,0.0,0.0,0.0,0.0
5105,-0.5386011933906427,-0.2631215037885651,-2.8632623424166925,-0.5352159189381472,0.6258415353816402,2.003859141933122,0.0,-0.0,0.0,0.0,0.0,0.0
5106,-0.7753980593336608,0.04349662551249108,-3.2909178017854708,0.29448648279608325,0.39466412520444044,2.0028785274131353,0.0,-0.0,0.0,0.0,0.0,0.0
5107,0.8839359146038711,0.09490605591340309,-0.7621444003230703,0.7290538909545062,0.354970377535625,2.0000633520075146,0.0,-0.0,0.0,0.0,0.0,0.0
5108,-0.5077335156453996,-0.44898357232297986,0.29809826560189323,0.7138616773104448,0.6030981075881886,1.9979809258751715,-4.663909557423494e-15,1.6064555205780457e-14,-7.016e-321,-0.00010509209783384609,-0.0003714742740836889,2.8665425405563556e-05
5109,-0.4890575525355379,-0.05135062174315009,-0.2730071873122842,0.8147779378174798,-0.5351929280834127,1.9987678776513231,0.0,-0.0,0.0,0.0,0.0,0.0
5110,-0.3187391197943972,-0.23743263694897557,-0.6135860715085443,-0.7290149927687976,0.47980431440504023,1.999910743590634,0.0,-0.0,0.0,0.0,0.0,0.0
5111,-0.1384547666582751,-0.9734181964741229,-3.9373089406501047,-0.18930234390916417,0.5356261371402777,2.00066855679699,0.0,-0.0,0.0,0.0,0.0,0.0
5112,-0.4683261805574958,-0.7862955368157881,-2.862047516849554,0.3755270772200021,-0.21415325764658252,2.0029276911717853,0.0,-0.0,0.0,0.0,0.0,0.0
5113,-0.03168269189204863,-0.2623855889422083,-3.1646169420758037,-0.5400916109537687,0.342359561945934,2.0013090874683535,0.0,-0.0,0.0,0.0,0.0,0.0
5114,0.32037555570798154,-0.15763879848337703,-2.9330768382319397,0.48847351434010805,-0.5772752482290561,2.000851989177769,0.0,-0.0,0.0,0.0,0.0,0.0
5115,-0.13882538562248656,-0.3977247658133875,-1.147349241495593,-0.7840732830658361,-0.22301450525632677,2.0027106352389077,0.0,-0.0,0.0,0.0,0.0,0.0
5116,-0.3630004783837406,0.7372283491162388,-0.24308584201172276,0.2309486145487804,0.09604088776036644,2.0035092765876064,0.0,-0.0,0.0,0.0,0.0,0.0
5117,-0.9259758223262597,-0.2704331241288547,-1.09484840525471,0.5605265350356281,-0.588998439056273,1.9985616228669827,0.0,-0.0,0.0,0.0,0.0,0.0
5118,0.16246119312765933,-0.018838210970271958,-0.6520382935848604,-0.09854457962306852,-0.6568769781336115,1.999537826463883,0.0,-0.0,0.0,0.0,0.0,0.0
5119,-0.5016496388273646,0.7423420330320353,-2.4993591071954304,-0.4034582008589517,-0.2473614333004389,2.0021376733655987,0.0,-0.0,0.0,0.0,0.0,0.0
5120,0.07111543764985777,0.3364768133368196,0.44170193383836465,-0.4788806143158255,0.20265200293840452,1.9990163891942718,-4.030999633872619e-15,-9.027357053742285e-15,2.2309129927071365e-239,-9.215431065373386e-05,0.00020675248567108667,0.00042356307590781786
5121,-0.08800564358090696,-0.680855938357112,-2.645382734047384,-0.427567214842555,-0.520226156857618,1.9986676513515464,0.0,-0.0,0.0,0.0,0.0,0.0
5122,0.07587656395246775,0.4361709424670142,0.28867327790927116,0.2548158458852106,-0.6569600714696772,2.000825187206293,-3.622325957461573e-16,-7.279330704830788e-15,-0.0,-1.0135740711194402e-05,0.0001686532488945831,-7.853050338057114e-05
5123,-0.5990230442274392,-0.08341156656591797,-4.021620231127905,-0.3699260322352801,0.5925015493529942,2.0013738070533345,0.0,-0.0,0.0,0.0,0.0,0.0
5124,-0.8620501094757698,-0.4622021882059975,-0.9971848067369151,0.44129129516278576,-0.6067971021394581,1.9979218940852772,0.0,-0.0,0.0,0.0,0.0,0.0
5125,-0.6471658787854754,0.6038501767801003,-1.698713489785957,0.7784238306270319,-0.07222190027854634,1.999663484826226,0.0,-0.0,0.0,0.0,0.0,0.0
5126,-0.38798062004012446,-0.20640407427789512,-1.368958237182191,-0.581507131103452,0.4501320713303525,2.0008120030157923,0.0,-0.0,0.0,0.0,0.0,0.0
5127,-0.06451587623066271,-0.8981577539510683,-4.148274147729602,-0.17813981961701428,-0.6866187380385663,1.9976517356668406,0.0,-0.0,0.0,0.0,0.0,0.0
5128,-0.49290896300196213,-0.25964462820550005,-0.4097339546748027,0.02560777811717485,0.9157249139230044,1.9998893859203006,0.0,-0.0,0.0,0.0,0.0,0.0
5129,-0.5741809514643761,-0.2294200089919658,-1.5727524004090419,0.753410514680605,0.5209446128336547,2.0013391493596027,0.0,-0.0,0.0,0.0,0.0,0.0
5130,-0.7724275924955039,0.28693773788562765,-2.7807688432992945,0.14585966779806164,-0.3796166540195401,2.0040955753097105,0.0,-0.0,0.0,0.0,0.0,0.0
5131,-0.6651907002936875,-0.6653580888132509,-2.972444236102337,-0.33312460988739445,0.24823258637786028,1.9978665357404999,0.0,-0.0,0.0,0.0,0.0,0.0
5132,0.6330830258654474,-0.12370620679253594,-1.232603368178096,-0.6831659523522868,0.08301607413023403,1.997567949312752,0.0,-0.0,0.0,0.0,0.0,0.0
5133,-0.6266844498294935,-0.6878491504910137,-1.2897980496122294,0.25926734591649214,0.931465356007169,1.9985957717914864,0.0,-0.0,0.0,0.0,0.0,0.0
5134,0.5386869308501347,0.8053601080495674,-1.1378609878261303,0.7937891160794295,-0.5739207550254773,1.9965607568047117,0.0,-0.0,0.0,0.0,0.0,0.0
5135,-0.8617646921513584,0.43188331406660924,-2.5619435340545476,0.7540517019969879,-0.6219118736037086,2.0027626750749783,0.0,-0.0,0.0,0.0,0.0,0.0
5136,0.047204430808450985,0.8582021532229714,-1.6599121716833867,0.6842645345352567,0.22410637053879287,2.0021405870863966,0.0,-0.0,0.0,0.0,0.0,0.0
5137,-0.07940777089230562,0.7067274169527307,-1.275176502221643,0.38662388551614174,0.6635303732840551,1.9922548449570827,0.0,-0.0,0.0,0.0,0.0,0.0
5138,0.6870584664475756,-0.02239884382672935,-2.748208745387171,0.0008528079063424714,-0.26888701132917253,2.0028911747936022,0.0,-0.0,0.0,0.0,0.0,0.0
5139,0.44135606546680567,0.5303061907223333,-1.696470769108203,0.03346395903126797,0.5746013866777671,1.9978859879975166,0.0,-0.0,0.0,0.0,0.0,0.0
5140,0.46269859195080026,-0.7198227355771558,-1.2276524788238445,0.9929017146414926,-0.1027565626810582,1.9991304872531488,0.0,-0.0,0.0,0.0,0.0,0.0
5141,0.7661511155928412,0.15581457416484318,-1.0829692606511954,0.28896877923706193,0.6878876715787543,2.0028565909957847,0.0,-0.0,0.0,0.0,0.0,0.0
5142,-0.2924332961390265,0.8767982766095774,-2.2993403014861116,-0.4146014181138671,0.7435036676204998,1.9972916083896162,0.0,-0.0,0.0,0.0,0.0,0.0
5143,0.5920462866969626,0.07943189887452265,-0.4887108604632074,0.11483588397832788,-0.7806095602749915,2.0004289582323134,0.0,-0.0,0.0,0.0,0.0,0.0
5144,0.22557901699878993,-0.10637609359614385,-1.9606071950497133,-0.1866595080505629,-0.6263017923325727,2.0005915612131706,0.0,-0.0,0.0,0.0,0.0,0.0
5145,0.5554291546904965,-0.34871598315497787,-0.6645439048059225,0.7165011503912305,0.43952697507573013,2.0005262988155508,0.0,-0.0,0.0,0.0,0.0,0.0
5146,-0.5809421621759792,0.529444288768807,-1.0202203077999823,-0.04406927123468674,-0.25516199269907286,2.0014320712313194,0.0,-0.0,0.0,0.0,0.0,0.0
5147,-0.44047873911531416,0.018553626253009676,-1.824462562462371,0.7318948090170573,0.603441577265878,1.9954789930032126,0.0,-0.0,0.0,0.0,0.0,0.0
5148,0.010449915254473505,0.6222283143779045,-3.119561327839944,0.3546664533805383,0.32548065512242674,1.9976545037804634,0.0,-0.0,0.0,0.0,0.0,0.0
5149,-0.05953838560062828,-0.47964097829531993,-4.085120864337317,-0.17170967438933918,0.49216085551948885,1.9987544472623806,0.0,-0.0,0.0,0.0,0.0,0.0
5150,0.07664622553543621,-0.29023079576950506,-2.9228639124122413,0.9102502002764755,0.03719410120459623,2.002829524656734,0.0,-0.0,0.0,0.0,0.0,0.0
5151,0.8432584561059936,0.2771442825474832,-4.114221368468076,-0.9264903153959572,-0.07770398607264523,2.00059369567629,0.0,-0.0,0.0,0.0,0.0,0.0
5152,-0.4606306808845919,-0.18018412829125924,0.2799589343597495,-0.021632875695525168,0.4210768219189489,1.9973119424816592,-8.408446325042351e-15,2.7031582385295923e-15,0.0,-0.00019316816234228514,-6.217583355645463e-05,6.764544155178428e-05
5153,0.5931456288103923,0.3929224137752317,-0.5922650155070569,0.6046264529441097,-0.7458833241594233,2.000080841241021,0.0,-0.0,0.0,0.0,0.0,0.0
5154,0.17230537975720484,-0.687945730614239,-2.591577200685603,0.1471644016647213,0.7280938022831348,1.996880727045425,0.0,-0.0,0.0,0.0,0.0,0.0
5155,-0.9547293205576431,-0.11227964423282664,-3.865057729955381,0.2994521507829735,-0.2218878265634938,2.0021776349908085,0.0,-0.0,0.0,0.0,0.0,0.0
5156,0.7847826498936982,-0.33241810905298774,-0.4896601851186952,-0.48435172256588294,0.19618434728621756,2.0019438818255173,0.0,-0.0,0.0,0.0,0.0,0.0
5157,-0.5180400963100052,0.7999370995018618,-0.5343603107953182,-0.49945563008169375,-0.138105731593789,2.0003542541381134,0.0,-0.0,0.0,0.0,0.0,0.0
5158,0.033632469097706875,-0.8760151826692417,-2.843640272686999,0.027628239345289022,0.7490318276271405,1.9958808683364508,0.0,-0.0,0.0,0.0,0.0,0.0
5159,0.13908571700114214,0.7652769217897626,-2.30547925832076,0.009982466060705977,0.5499333477838486,2.0009190590580683,0.0,-0.0,0.0,0.0,0.0,0.0
5160,0.29407354663209984,-0.815204777846157,-4.117236569952742,0.6525566328293911,0.6123141794539594,2.000489208686579,0.0,-0.0,0.0,0.0,0.0,0.0
5161,0.8664904140114306,-0.02817478885182066,-1.5989459242814716,-0.0468397704952532,0.6671353481373314,1.9969362719138828,0.0,-0.0,0.0,0.0,0.0,0.0
5162,0.76713473684382,-0.42189936304241177,-1.0505595769198788,0.5531895954049919,0.5138860880252697,1.999675431659452,0.0,-0.0,0.0,0.0,0.0,0.0
5163,0.5624120846398044,-0.7176778195156047,-2.4416907972958017,-0.18208759574818967,0.2192853337046368,1.9993447566037676,0.0,-0.0,0.0,0.0,0.0,0.0
5164,-0.4291817678531361,-0.5687881110548972,-3.947548314247899,-0.6359455239191247,-0.12200746088404088,2.001005508770937,0.0,-0.0,0.0,0.0,0.0,0.0
5165,-0.2961459300955419,-0.3544702347123717,-0.9157866444248645,-0.8528836427347415,0.4417007571293711,2.0011421088581876,0.0,-0.0,0.0,0.0,0.0,0.0
5166,0.7708786083255446,0.4670185346663734,-2.127454939078711,-0.4412424620339711,-0.15645675486830202,1.9997637383732263,0.0,-0.0,0.0,0.0,0.0,0.0
5167,-0.3333992637980082,0.16588875792168184,-1.4641966537706237,-0.17087160871147433,0.18048512673826825,1.9997963695669054,0.0,-0.0,0.0,0.0,0.0,0.0
5168,0.2046009586219795,-0.32124399044229596,-3.3501892812135505,-0.9874267725968119,0.10176539389292928,1.998890440879097,0.0,-0.0,0.0,0.0,0.0,0.0
5169,-0.00936478367205634,-0.7276079825680024,0.3545820819556818,-0.15734058467591017,0.025925032155892043,2.000409996944796,7.54940801590645e-15,1.2188151908618182e-14,-1.8069033078980844e-288,0.00017352952222195729,-0.000279389398237916,0.00033097468426404315
5170,0.25721465796726406,0.8170087450256873,-4.1980812952818765,0.2335667049287733,0.051860111245090795,1.9968987257984323,0.0,-0.0,0.0,0.0,0.0,0.0
5171,0.018514482969966592,-0.6675230018447801,-2.6913220466643835,0.6854127529446773,0.1031772564557232,2.0002705226823245,0.0,-0.0,0.0,0.0,0.0,0.0
5172,0.49871725045527926,-0.2919660411123073,-1.9156906252996786,-0.09835870643192712,0.8340838509330633,2.0011314387908232,0.0,-0.0,0.0,0.0,0.0,0.0
5173,0.7387423835172394,-0.6005067883410113,-2.442998333547262,-0.535239483427192,-0.48259217521615433,1.9995813768200388,0.0,-0.0,0.0,0.0,0.0,0.0
5174,-0.045440047697508534,0.5273029861856525,-1.4449450842425813,-0.015975094122207757,-0.7118487018831574,2.001361501681513,0.0,-0.0,0.0,0.0,0.0,0.0
5175,0.211432905148228,0.1611344595687581,-0.7622775889571533,-0.058370548514144346,0.29257697033811114,2.00052305630936,0.0,-0.0,0.0,0.0,0.0,0.0
5176,0.1860902959508234,0.48502392658261356,-1.36105110341798,0.6217077453419599,-0.46797928864081545,2.0009500860674083,0.0,-0.0,0.0,0.0,0.0,0.0
5177,0.3244405636800597,-0.6629779358525383,-2.3342402239094575,-0.02742687919575421,-0.496947856616994,1.9989468099926042,0.0,-0.0,0.0,0.0,0.0,0.0
5178,0.2844886838950549,-0.46947030090071085,-2.545040203657715,-0.42158916785770434,0.8763289631817572,2.0026161543313865,0.0,-0.0,0.0,0.0,0.0,0.0
5179,-0.5290240564288339,-0.3025827613402303,-0.12821021332553453,-0.322357518997993,-0.48555197103456516,2.0035736035718066,0.0,-0.0,0.0,0.0,0.0,0.0
5180,-0.40050473547212895,0.6862517921559362,-1.9512003474917008,-0.243496080885536,0.7261584297835648,1.9967285710956344,0.0,-0.0,0.0,0.0,0.0,0.0
5181,0.5709824996379996,0.12225552644422495,-4.254920521923536,0.2174174025466128,0.5978018473700552,1.9991527825005757,0.0,-0.0,0.0,0.0,0.0,0.0
5182,-0.9849150588547506,0.012290743721883676,-1.0588058630659596,-0.3332780354093862,-0.06905299352554305,1.9983594414616448,0.0,-0.0,0.0,0.0,0.0,0.0
5183,-0.25241971139059094,0.2575609729171208,-2.12715150202884,-0.5386654301273713,-0.4691873970490845,1.9957875026567404,0.0,-0.0,0.0,0.0,0.0,0.0
5184,-0.11732522402641869,-0.11228531554295328,-0.6577387820998366,0.5381889971303125,-0.521363538223825,2.0017998846791163,0.0,-0.0,0.0,0.0,0.0,0.0
5185,-0.623945585390538,-0.02862514729209597,-2.7411032571705496,0.4247202536746753,0.7988780661719523,2.001018630894206,0.0,-0.0,0.0,0.0,0.0,0.0
5186,0.3531157704435393,0.6647652745044977,-2.3762215797164146,0.69696092416558,0.49863515282648413,1.9999880876311575,0.0,-0.0,0.0,0.0,0.0,0.0
5187,0.25515743039441274,-0.2727643694679625,-4.208064190952896,-0.7615941462527224,0.3581957474096311,2.0002335373521927,0.0,-0.0,0.0,0.0,0.0,0.0
5188,0.6983221527246329,0.5704680516872009,-3.3350340386597614,-0.6582831981016639,0.19820093583527626,1.9987896430691228,0.0,-0.0,0.0,0.0,0.0,0.0
5189,-0.06894425863179039,-0.5455878216003008,-0.005750825636773904,-0.4903284644240219,0.5637859570529591,1.9957477197432991,0.0,-0.0,0.0,0.0,0.0,0.0
5190,-0.40462615491855936,-0.4320106189080531,-3.938380716765263,0.5659552567638086,-0.775649272933125,2.0003235774692625,0.0,-0.0,0.0,0.0,0.0,0.0
5191,0.2496908559634209,-0.07917483783925175,-3.7882123447809906,0.7211154169136622,0.6461557096047021,1.9992976809135778,0.0,-0.0,0.0,0.0,0.0,0.0
5192,-0.9272612914446342,-0.10494733747444725,-1.2505873952875024,-0.5057800726987696,-0.03889836481149594,1.9990706465014274,0.0,-0.0,0.0,0.0,0.0,0.0
5193,-0.47376106121213174,-0.4367850481019685,-4.082513263589806,0.24404667496493315,0.6800811839846892,1.9992870612795786,0.0,-0.0,0.0,0.0,0.0,0.0
5194,-0.17179457944679824,-0.6329317293265401,-3.387120479580329,0.0274012460495629,-0.7675200292833994,1.9984488129646591,0.0,-0.0,0.0,0.0,0.0,0.0
5195,0.08320350687979897,-0.43279897524222727,-0.32652393627715776,0.14734724170785463,0.8119292513887347,2.001186341375325,0.0,-0.0,0.0,0.0,0.0,0.0
5196,0.13236953129585155,-0.9892149229266567,-2.5748582449200623,0.804458529308956,0.30947221737935937,1.9977437278517984,0.0,-0.0,0.0,0.0,0.0,0.0
5197,-0.7723273530463055,0.06853137655552237,0.07589205901051829,0.7002652461309854,-0.23076329786100444,1.9971382360135372,-1.5107024772765143e-14,5.140806233701624e-16,-0.0,-0.0003471303764959325,-1.1699527264959403e-05,-0.0003366765861468733
5198,0.8519412507321896,0.3641486242899799,-3.3738925537439295,0.11086677592704616,0.4225516186051066,1.9997227064042709,0.0,-0.0,0.0,0.0,0.0,0.0
5199,0.5991589167490111,-0.7926190926025352,-2.4381559341220207,-0.1176191076263849,0.8582446724701297,1.9979579963106333,0.0,-0.0,0.0,0.0,0.0,0.0
5200,0.6350555689512151,-0.14101354542850333,-0.6230163079987348,0.9724423282213643,0.10976481262549519,2.0003418251110094,0.0,-0.0,0.0,0.0,0.0,0.0
5201,0.9054501856037207,0.17635928382801183,-1.482228263191695,0.38069775987068966,0.2804486368180319,2.0006875175813534,0.0,-0.0,0.0,0.0,0.0,0.0
5202,-0.8899647151510627,0.2983859281514567,-1.3687582341263629,0.8728132819426848,-0.17477905030200117,1.9983992633767858,0.0,-0.0,0.0,0.0,0.0,0.0
5203,0.8829783753295439,-0.4211853985031529,-0.09757926288659277,-0.8478555938945542,0.0030656746737097234,1.9995915046961654,0.0,-0.0,0.0,0.0,0.0,0.0
5204,-0.03646254252436664,-0.8347626961391906,-1.428039963714581,0.7548750450909595,-0.6376602043383353,1.997740469451448,0.0,-0.0,0.0,0.0,0.0,0.0
5205,-0.5200368363073967,-0.6211568495976899,-1.531123400729485,-0.698259178689262,-0.11548012295140134,2.0002023925523056,0.0,-0.0,0.0,0.0,0.0,0.0
5206,0.6112156777228849,0.007218526749370677,-0.006816500595182873,-0.5796300612768117,0.43136978069229914,2.0021506718970157,0.0,-0.0,0.0,0.0,0.0,0.0
5207,0.6832386790451278,-0.2598072436333349,-0.12209171224148045,-0.15407601709631846,-0.8764256079053528,2.0045215800616814,0.0,-0.0,0.0,0.0,0.0,0.0
5208,-0.8690540165258217,0.05137786523076907,-3.5002649330611835,-0.772311484508915,-0.29282260186843573,1.999344958706465,0.0,-0.0,0.0,0.0,0.0,0.0
5209,-0.6360964945642182,0.6613400797998384,-3.5946205007109437,-0.5703287959154636,-0.434619728603919,2.0049330634099896,0.0,-0.0,0.0,0.0,0.0,0.0
5210,-0.5096492485798141,0.1751031824722776,-2.1865998876108965,0.36703466937189644,-0.08558929893120014,2.0029895988628454,0.0,-0.0,0.0,0.0,0.0,0.0
5211,0.6139335603451795,-0.7906481274940185,0.19806249537520404,0.2650653143867293,-0.0716775829205028,2.003025400572152,1.4206551140906194e-14,2.008998646345414e-14,-0.0,0.00032628410570251817,-0.0004588892989864676,-0.00010346104403286106
5212,0.19622560390290697,-0.3420519162184906,-2.4484991837005414,0.471588637387666,-0.11645875985394982,1.99904018620606,0.0,-0.0,0.0,0.0,0.0,0.0
5213,0.14095210214298523,0.35204357857477103,0.4031555074444998,-0.19444667343945368,-0.46418149658882757,1.9986650895568314,2.1706775867890214e-15,-1.0947434725473382e-14,2.348703296261948e-261,5.016289453270834e-05,0.0002503743988838311,0.00033340159742670353
5214,-0.7162784078071086,-0.15082290832015485,0.18514868930007267,0.5307569221188017,-0.28067355378418807,2.001932418290536,-2.331895826384759e-14,4.830639123898748e-15,-0.0,-0.0005371280965130848,-0.00010896122017450321,-0.0004000699352227579
5215,0.6864042717172966,0.5967453238720595,-4.3311247758538425,0.3019832725788475,0.19463083989377714,2.0020199244912757,0.0,-0.0,0.0,0.0,0.0,0.0
5216,0.38172688339719585,0.6752493911241502,-3.0796380827175778,-0.4383760956339748,0.032771634342213855,1.9994030880561597,0.0,-0.0,0.0,0.0,0.0,0.0
5217,0.42596980064841655,-0.6819849339521942,-1.3232016898494827,0.07683667431681696,0.8103512692838044,2.003918908712007,0.0,-0.0,0.0,0.0,0.0,0.0
5218,-0.746739463225943,-0.5048044157796377,-3.7046257450426294,-0.5968988624974405,-0.4338993228827396,2.000002826118563,0.0,-0.0,0.0,0.0,0.0,0.0
5219,0.501338743148421,-0.7327352147277105,-3.7382609152607604,-0.24918392626085825,0.572894016824655,2.0021055812275885,0.0,-0.0,0.0,0.0,0.0,0.0
5220,0.13514199587707207,0.4757904771767719,-1.853365402858523,-0.267041455984841,-0.10940788185158544,2.0000268591097194,0.0,-0.0,0.0,0.0,0.0,0.0
5221,-0.5819350783413139,0.4697863565998389,-2.8048571245114235,-0.1339157065962124,-0.8644954627819902,1.9996683077135895,0.0,-0.0,0.0,0.0,0.0,0.0
5222,0.03140456849287359,0.5180254256144788,-1.0745282621957124,0.3631986055529511,-0.015011603363946177,2.0029496575968624,0.0,-0.0,0.0,0.0,0.0,0.0
5223,0.4588802252291459,-0.09509471151911435,-3.6425024638230834,0.6450616023094129,-0.6776215769174568,2.0019350729227985,0.0,-0.0,0.0,0.0,0.0,0.0
5224,0.5605544427443406,-0.14383037164428736,-2.8258832087795893,0.4254809364971168,0.13512152749663264,2.001377477556177,0.0,-0.0,0.0,0.0,0.0,0.0
5225,0.6492144990528306,-0.1763234743644018,-4.278102713619405,-0.23413568522969705,-0.4519807520286348,2.000042563915312,0.0,-0.0,0.0,0.0,0.0,0.0
5226,0.0052637634967840925,0.11221546753743272,-1.9960529063647277,0.4096725617142568,-0.8190820071231555,2.000819871844639,0.0,-0.0,0.0,0.0,0.0,0.0
5227,-0.43450577409588903,-0.6299851948930932,-4.360405426870802,0.6074337845166539,-0.7374831615677779,1.9987823994455425,0.0,-0.0,0.0,0.0,0.0,0.0
5228,0.056836182522079,0.9382482437141842,-2.386657930118194,-0.23479155879310015,0.6111209059930504,1.9990981870184246,0.0,-0.0,0.0,0.0,0.0,0.0
5229,0.8332325881801234,-0.490252016869756,0.19700943037054053,0.03592144678431924,-0.676495505171027,2.0009483089945177,1.994176855786788e-14,1.4277177891807478e-14,-0.0,0.0004539833979481434,-0.0003252671020131845,-9.262209467320768e-05
5230,-0.5932841255837407,0.7239486366266533,0.4722821331014479,-0.26649858438013213,-0.028881633521292572,1.9985193196526077,-1.5852111279477394e-14,-1.3709716446302044e-14,-5.895600691558958e-221,-0.00036285873055079865,0.00031605463986692916,0.00032626788328357333
5231,-0.15466534528777262,0.4066666368157271,-2.736723488461702,0.34843642113453865,-0.6367206885556079,2.0014126497331954,0.0,-0.0,0.0,0.0,0.0,0.0
5232,0.1611359982517654,-0.10345143444226876,-0.8363081304776161,0.6465894354627925,0.3381103087602888,1.9990205572651796,0.0,-0.0,0.0,0.0,0.0,0.0
5233,0.7406248300018875,-0.0021735837339817983,-4.105147392526863,-0.31555544157052545,0.45453286835738616,2.0022277301927898,0.0,-0.0,0.0,0.0,0.0,0.0
5234,-0.7643672638200941,-0.013476907527249775,-0.18976427770994117,-0.5762927482615456,-0.5284378113481798,2.000178243170917,0.0,-0.0,0.0,0.0,0.0,0.0
5235,-0.03723272678163698,-0.6726044966426588,-3.6984986696529303,0.07823755591867111,0.7057940921492897,1.9992473123434007,0.0,-0.0,0.0,0.0,0.0,0.0
5236,0.35621981855415713,0.10731634759525152,-2.6557000496480625,-0.517042258898192,0.8460467323718043,1.999226445733648,0.0,-0.0,0.0,0.0,0.0,0.0
5237,-0.8993944707898027,0.09757664659997535,0.39469782315545665,-0.04120237477906937,0.9150656667298336,1.999085789320131,-3.851072561431599e-14,-2.1262603608256468e-14,-1.6148678614338584e-265,-0.000910348011762829,0.0005032613351795168,0.000393674341710471
5238,0.12072635133968693,-0.3981968750929518,-1.2841476400306273,-0.08843135971544253,0.8717693419446821,1.9962734470445431,0.0,-0.0,0.0,0.0,0.0,0.0
5239,-0.43753995853713257,-0.5586650535202009,-0.1588344501380803,-0.3493233157563425,-0.6141581849254218,1.997986226356882,0.0,-0.0,0.0,0.0,0.0,0.0
5240,-0.10895991114507998,0.1248015719082662,-0.1035056902439913,0.252263517382738,-0.3090025842586924,2.0007502328884152,0.0,-0.0,0.0,0.0,0.0,0.0
5241,0.12031644081581346,0.26882765377441153,-3.621459365965798,-0.3917772158560446,-0.6200679863565274,1.998485424365587,0.0,-0.0,0.0,0.0,0.0,0.0
5242,0.6572792087608247,0.2704314974076975,-0.16901734726206777,-0.3546293307549843,0.631775133562549,2.0025723487563547,0.0,-0.0,0.0,0.0,0.0,0.0
5243,0.2364248786162897,0.538938787146786,-0.19954425325430894,-0.290304904400775,-0.17328107270033902,2.001657231536424,0.0,-0.0,0.0,0.0,0.0,0.0
5244,0.7182640489161154,-0.05193189828157599,-3.467390938761708,-0.5208977929233,-0.2482159220292445,1.9982204796467886,0.0,-0.0,0.0,0.0,0.0,0.0
5245,0.20166872756767068,0.4024678823514229,-1.8139547530766398,0.2685323275179351,0.07197500519555391,2.0012450737776093,0.0,-0.0,0.0,0.0,0.0,0.0
5246,0.46735979623413015,0.7689052287030614,-0.4101784292940866,-0.714317435796208,0.12364208402423625,2.0004316719058677,0.0,-0.0,0.0,0.0,0.0,0.0
5247,-0.20466812407400742,0.5198204810555008,-2.27846457198208,-0.6262433653598555,-0.5466613900776432,1.9994237577055356,0.0,-0.0,0.0,0.0,0.0,0.0
5248,-0.6024713844038105,-0.6469928181567637,-1.538898759856311,-0.920399941858572,0.36762687011985795,2.0014387672018317,0.0,-0.0,0.0,0.0,0.0,0.0
5249,0.021922884128231405,-0.5421217718907465,-3.5655508696750884,-0.08244695834130135,0.6188589983950487,2.0011812842012264,0.0,-0.0,0.0,0.0,0.0,0.0
5250,-0.6087913804599264,-0.6369153595750703,-4.437529501123996,-0.36279032572267256,0.8836125075693715,1.9992806508803518,0.0,-0.0,0.0,0.0,0.0,0.0
5251,0.5212848904734141,0.7765683469816048,-2.484844771079644,0.5873718547159271,-0.1719795716015474,1.9987946722779766,0.0,-0.0,0.0,0.0,0.0,0.0
5252,-0.2769930124001439,-0.5565436030484993,-0.08015549141257741,-0.0788386454095929,0.5133355730452929,2.0021938003394215,0.0,-0.0,0.0,0.0,0.0,0.0
5253,-0.027544081513843556,-0.1428593211117118,-1.9699822539128111,0.2929246194091121,-0.19059020759395118,1.9994566926052786,0.0,-0.0,0.0,0.0,0.0,0.0
5254,0.5981035391968006,0.337424776882719,-2.4418263192187726,-0.5721152142426333,0.3493759238484171,2.000150128172496,0.0,-0.0,0.0,0.0,0.0,0.0
5255,-0.39023269672519806,0.6719672592781447,-2.702305634692304,0.572945406721239,-0.6329438626176596,1.9998356455499338,0.0,-0.0,0.0,0.0,0.0,0.0
5256,-0.8998493088963739,0.27432797416717325,-1.2298926631969955,-0.15517498969366625,-0.4632272650546737,2.005313592117583,0.0,-0.0,0.0,0.0,0.0,0.0
5257,0.6144182751490181,0.7586991051733549,-1.7626147544219177,0.9442106753964815,0.31723433591825606,1.9993581347089933,0.0,-0.0,0.0,0.0,0.0,0.0
5258,-0.8816690385762148,0.2634267028544386,-3.7105491480065225,0.3350449559472523,0.1371208621190138,1.9973908865025514,0.0,-0.0,0.0,0.0,0.0,0.0
5259,0.3012084140841127,0.6125386913326288,-4.065643731761801,-0.3284339608282642,0.8942764699892027,1.9980163440891954,0.0,-0.0,0.0,0.0,0.0,0.0
5260,0.4097955824013087,0.41930122643025075,-2.445070863755093,0.20251950342028932,-0.7634886174712819,2.0004893941053865,0.0,-0.0,0.0,0.0,0.0,0.0
5261,-0.26523549374114236,0.9326614641220312,-0.3886745767419207,0.17998004753286861,-0.6855190227229505,2.000439965344379,0.0,-0.0,0.0,0.0,0.0,0.0
5262,-0.6879051606589952,0.6259433369146097,-0.1610584515414893,0.25698282153895763,0.5059210311229103,1.9977008670823468,0.0,-0.0,0.0,0.0,0.0,0.0
5263,-0.8028434653260718,-0.3046703841853746,-0.5394705429618715,-0.6949668408682862,-0.08776886559300391,1.9978902747394902,0.0,-0.0,0.0,0.0,0.0,0.0
5264,0.5183445278204792,-0.5517848381073581,-2.8175940997907944,-0.9501430832969542,-0.05223084366624929,2.0008964019259277,0.0,-0.0,0.0,0.0,0.0,0.0
5265,0.057667959801977295,0.7917421109375564,-2.6784087997000894,0.22533062573019494,0.8173773756828928,1.9994055263755244,0.0,-0.0,0.0,0.0,0.0,0.0
5266,-0.712945213846169,-0.667142287958016,-0.32228589686106573,-0.18246004708640262,-0.7556995076624442,2.001711925893519,0.0,-0.0,0.0,0.0,0.0,0.0
5267,-0.6935257721683654,0.6494869930486405,0.20000137160293072,-0.3878740304040766,0.01753985630942218,1.9988620708096567,-1.7500311429736713e-14,-1.1570699464012565e-14,-0.0,-0.0004019873946910488,0.0002651776824421517,-0.00014061197934262722
5268,0.913796113116086,0.007722092402563902,0.002053641376868158,0.0783376842072625,-0.5813440183549642,2.0027018559673264,1.42487905814239e-14,1.0082827554453368e-13,-0.0,0.00035407288278822786,-0.00254015705508068,-0.0008086589405763943
5269,-0.7959464222242537,0.35868863045176613,-1.0214103238771999,0.13699417161314908,0.9786807768988903,2.0026408727875147,0.0,-0.0,0.0,0.0,0.0,0.0
5270,0.38026032478014193,-0.277391638944516,-3.8646788113821007,-0.5892622589955314,-0.2994950359945454,2.0039182502746913,0.0,-0.0,0.0,0.0,0.0,0.0
5271,0.22455797214452453,-0.611412798200587,-4.035557103265814,0.8944495288802656,-0.4187625237507258,1.9991319760253565,0.0,-0.0,0.0,0.0,0.0,0.0
5272,0.6465079145749857,-0.5713772830091154,0.025165584216859677,-0.485864650634218,-0.8717843466877642,2.000144067438445,1.1634528964812194e-14,5.2495272192411786e-15,-0.0,0.0002704906675320883,-0.0001078916593102432,-0.000548899426779321
5273,-0.9444206224894296,0.05842820556660029,-2.2851328842555265,0.41059973902784114,-0.5087630311605708,2.000185177072915,0.0,-0.0,0.0,0.0,0.0,0.0
5274,-0.12349264671467071,0.5361296193127938,-4.290456297878076,-0.031086167835862568,-0.8301896534733221,2.0024771494685227,0.0,-0.0,0.0,0.0,0.0,0.0
5275,0.7950668031488453,0.3650139290054121,-1.631693733933687,-0.27949266515879007,-0.6807993570208626,2.0007856098272745,0.0,-0.0,0.0,0.0,0.0,0.0
5276,-0.4782587844907183,-0.6460562752551403,-1.4525782342469093,0.6588835493169775,-0.0403887241542032,2.001042290308109,0.0,-0.0,0.0,0.0,0.0,0.0
5277,0.9542919364112069,0.07212249965381383,-4.40185367813442,-0.35636420974943295,0.47360963484829693,2.0023949475578156,0.0,-0.0,0.0,0.0,0.0,0.0
5278,-0.3925688191892273,-0.2421873155524279,-1.3028724543523584,0.3961227162864,-0.34423508280290555,2.0000075196598024,0.0,-0.0,0.0,0.0,0.0,0.0
5279,0.5449500239989903,-0.2363549843214021,-4.508551575660921,0.6855023953361918,0.5303826906336173,2.000180963010519,0.0,-0.0,0.0,0.0,0.0,0.0
5280,-0.0438272756142352,-0.6849988851248047,-3.5061889465134204,-0.014160639454078841,-0.3270701061110004,2.0003842499201934,0.0,-0.0,0.0,0.0,0.0,0.0
5281,-0.11238914349486277,-0.9511678534445377,-0.38990759606835096,-0.05159012204995205,0.27177509337449324,2.001879041826237,0.0,-0.0,0.0,0.0,0.0,0.0
5282,-0.9840087369215113,0.06948147202381934,-1.3297844874846403,-0.11920933270302975,-0.552958352502733,1.9985297452227646,0.0,-0.0,0.0,0.0,0.0,0.0
5283,0.28090571030659406,-0.14286714649460666,-2.093582197791544,0.16462190011775787,-0.13793429890925565,2.003291423220735,0.0,-0.0,0.0,0.0,0.0,0.0
5284,0.5174411702926858,-0.5098977300929497,-3.474177152449466,0.09846511881426118,-0.5272938499436096,1.994944947099734,0.0,-0.0,0.0,0.0,0.0,0.0
5285,-0.7826535250653858,0.5315343107053763,-2.375460820365894,-0.4691076428129953,-0.8191398874451525,2.000758613215948,0.0,-0.0,0.0,0.0,0.0,0.0
5286,0.5848290164866139,-0.6596569046897195,-1.9671432207792319,0.21863452086785665,-0.6362770544225743,2.00297288343992,0.0,-0.0,0.0,0.0,0.0,0.0
5287,0.8487108279604901,-0.039956089739894105,-4.3589085995421,-0.5085578553564466,0.48431557505835365,2.001173741499236,0.0,-0.0,0.0,0.0,0.0,0.0
5288,0.14047486507442192,-0.25035584575956504,-0.9692019786484107,-0.33544618234036144,0.7673262675772714,2.0008684672702644,0.0,-0.0,0.0,0.0,0.0,0.0
5289,0.5320210751446535,-0.6875474089376981,-2.144314055758499,0.7838743683819572,-0.3240233536672904,2.0008316699387168,0.0,-0.0,0.0,0.0,0.0,0.0
5290,-0.37762677670511974,0.07050191046641266,-3.5868568661048013,0.7827098769975788,-0.5308337697459558,1.9993084474477083,0.0,-0.0,0.0,0.0,0.0,0.0
5291,0.3711656467139531,-0.8502934240368384,-2.7064932029503788,0.8391208553030077,-0.09629012507632144,2.002843406653919,0.0,-0.0,0.0,0.0,0.0,0.0
5292,0.043649581863762374,0.22149349501646606,-3.589116741028392,-0.09685346756073931,-0.7421781279102414,2.0015554596907914,0.0,-0.0,0.0,0.0,0.0,0.0
5293,0.11846347899467057,0.489700076340464,-3.1405997859091155,-0.23918294785451974,0.21410332137182422,2.0031738260617007,0.0,-0.0,0.0,0.0,0.0,0.0
5294,0.4513575696070346,0.6820469906341804,-1.666903485082879,0.5988555832277657,-0.31182608676253837,2.003604168261095,0.0,-0.0,0.0,0.0,0.0,0.0
5295,0.8152780237508358,0.4143266672858727,-2.9139785233089137,-0.5155545900339106,-0.0014239173285927763,1.9988808095712662,0.0,-0.0,0.0,0.0,0.0,0.0
5296,-0.20532949181788163,-0.5830034338618005,0.32662608642748775,0.3105815187714897,0.7027659344389077,2.0001465841309543,-1.2450892836955683e-14,1.8514453472052953e-14,-1.2048834833500013e-304,-0.00028533704286318054,-0.0004254403048339742,0.0002449588197123682
5297,0.4153938251862629,0.06407346136128628,-2.6757249647232197,-0.8305987481579854,0.3013685482877939,1.999526510595801,0.0,-0.0,0.0,0.0,0.0,0.0
5298,-0.3691839500443719,0.9067449639401037,-3.3008553030990893,0.5515561832320715,-0.15242519465269463,1.9970869847588577,0.0,-0.0,0.0,0.0,0.0,0.0
5299,0.43031501403788897,0.4003306424249815,-1.0162180705467652,0.7067803750006424,-0.40071625534118105,1.9967337102548781,0.0,-0.0,0.0,0.0,0.0,0.0
5300,0.36107751138991745,-0.7109762558847702,-3.0567854031140262,0.23302472374800876,0.20540551381585978,2.000344067949484,0.0,-0.0,0.0,0.0,0.0,0.0
5301,0.6585743713947023,-0.16249507983895786,-3.785053141564857,-0.2531496077428908,-0.19589395151391795,1.9988351491258722,0.0,-0.0,0.0,0.0,0.0,0.0
5302,-0.6725062097391412,-0.40737182267456307,-4.11816010031218,-0.9589837955732802,-0.13454287069328166,2.0026311226549596,0.0,-0.0,0.0,0.0,0.0,0.0
5303,-0.11238563095729064,0.6060355592906969,-1.8053456964467767,0.6646857023342815,-0.5468356892599874,2.0012052024063154,0.0,-0.0,0.0,0.0,0.0,0.0
5304,-0.924051916613098,0.42431120533213845,0.35846938153346486,-0.636977779675831,0.1933576971223487,2.001338312659253,-2.399205107521653e-14,-1.041530763140429e-14,-6.575478589885014e-286,-0.0005508445611198373,0.00023940332599349341,0.00016226528078019372
5305,0.28307828300282095,0.3369155879187975,-3.3889128027110926,0.878719144817346,-0.08670617319641023,2.0021663937741683,0.0,-0.0,0.0,0.0,0.0,0.0
5306,0.8663865086584863,0.11444911499996456,-0.05009276817593298,-0.5328681156417494,0.21960079880318867,1.999955604126645,0.0,-0.0,0.0,0.0,0.0,0.0
5307,0.6104612836148168,-0.6731609963700432,-2.4914207132435418,0.5232448995813389,-0.25259062584239506,1.9999635364521489,0.0,-0.0,0.0,0.0,0.0,0.0
5308,-0.4881917956410517,-0.5431343614729207,0.2719719166005572,-0.6510290411576115,0.08858947784051725,2.0006209100094154,-1.1595956629055481e-14,1.2772279332406097e-14,0.0,-0.00026493740393576816,-0.00029267652696944466,2.835981186938714e-05
5309,0.01596740379401462,0.17639040021699784,-0.3230000530864524,0.5350888477596923,-0.6551480033978799,1.9970384849671021,0.0,-0.0,0.0,0.0,0.0,0.0
5310,-0.09670506044254787,0.22490548944572314,-1.036819145527226,0.30802561945690426,0.6560456127570242,2.0033637478895283,0.0,-0.0,0.0,0.0,0.0,0.0
5311,0.11352593590556613,-0.8285275963645022,-0.7028287779647131,0.7790305016567585,-0.09145894163064977,1.9945247835794897,0.0,-0.0,0.0,0.0,0.0,0.0
5312,0.07628247554385074,-0.520282667797883,-1.8790942052649875,-0.6521643007558332,0.4470915741206652,1.9996456126710418,0.0,-0.0,0.0,0.0,0.0,0.0
5313,-0.696318887597352,0.6259615533973468,-2.6513559066393535,0.519326278811338,0.6655140001224302,2.001089594345477,0.0,-0.0,0.0,0.0,0.0,0.0
5314,-0.09249791943795367,-0.5478217061162276,-0.6350711891907727,0.5526117665585359,0.36911731158411554,1.9958933747306664,0.0,-0.0,0.0,0.0,0.0,0.0
5315,0.789338195418179,-0.1590324726783651,-4.334316496068198,-0.29515545943360844,0.6052681652389708,2.0022312566209184,0.0,-0.0,0.0,0.0,0.0,0.0
5316,0.4925537922283377,0.2438268684054615,-1.940003765394064,-0.21722529107476615,0.15866495278114776,1.9967807975473217,0.0,-0.0,0.0,0.0,0.0,0.0
5317,0.33734938520546165,-0.6184934897827894,-0.09008013714063165,-0.8756209141999709,0.3821682814578923,2.0010820193072703,0.0,-0.0,0.0,0.0,0.0,0.0
5318,-0.8727860645755235,-0.049043932247274144,-1.006101859678627,-0.06309770854515612,0.7150484093490973,1.9983214893880248,0.0,-0.0,0.0,0.0,0.0,0.0
5319,0.32299383278617205,-0.32303236220043946,-0.8558010651683664,-0.0822507140699583,0.3683816070242409,1.998032194796554,0.0,-0.0,0.0,0.0,0.0,0.0
5320,0.7588479049125597,0.42038635824498066,-3.9714741875229755,0.37591293234956663,-0.9239238240000249,1.9986979517345345,0.0,-0.0,0.0,0.0,0.0,0.0
5321,-0.3760311851274428,-0.6595080579464812,-0.7023386441141536,-0.5126834662979916,0.6991632873412963,2.0008038488784576,0.0,-0.0,0.0,0.0,0.0,0.0
5322,-0.7844289210453578,0.46269805160406197,-2.994298068695297,-0.5570559712828757,-0.38038860531633234,2.0006376227866425,0.0,-0.0,0.0,0.0,0.0,0.0
5323,-0.27903445583997655,0.1960582765745843,-4.476929034030596,0.502740792070639,-0.0412805962664963,2.000972372578881,0.0,-0.0,0.0,0.0,0.0,0.0
5324,-0.38176927434989405,-0.38680141956170294,-3.564956270626199,-0.4912255440100145,0.4593194495015218,2.0003617030337244,0.0,-0.0,0.0,0.0,0.0,0.0
5325,-0.9391000532047229,0.29425069302086543,-3.5085317894915384,-0.09454042912507891,0.274311170961339,1.9986685310015544,0.0,-0.0,0.0,0.0,0.0,0.0
5326,0.4048760227932124,-0.8215894526827028,0.17495620864365766,-0.4731146234245359,-0.6575652268319883,1.999131025809873,9.725155168849929e-16,1.8381552324039736e-14,0.0,2.689982034193469e-05,-0.00041484467641301554,0.00020095287439935062
5327,-0.2713303857325685,0.9554650968203832,-2.637889811280319,-0.7053999585671049,-0.07507823150259207,1.9982384300638216,0.0,-0.0,0.0,0.0,0.0,0.0
5328,-0.8361306475189557,-0.13478187288950264,-1.174298479603369,-0.43353937283295263,0.48151888894011996,1.9980339252372235,0.0,-0.0,0.0,0.0,0.0,0.0
5329,0.0016635802240683505,0.38515973351506005,-1.2427276616938654,0.7557371188493636,0.184123732982972,1.9980954741581602,0.0,-0.0,0.0,0.0,0.0,0.0
5330,-0.5998088245749931,-0.27591038512442295,-0.7302726144560662,0.37111367824350844,-0.7584089082019005,1.9997141863210468,0.0,-0.0,0.0,0.0,0.0,0.0
5331,0.05879596718100363,-0.3116946379102628,-0.31576924317578803,0.3956369230644911,-0.850236825803809,1.9995537099223217,0.0,-0.0,0.0,0.0,0.0,0.0
5332,0.4578864717170608,0.8783142538847867,-3.5082722948872282,-0.16217644825644847,-0.4051065450906729,1.9984842423251983,0.0,-0.0,0.0,0.0,0.0,0.0
5333,0.7376469033120978,-0.3715129581569336,-3.57829595256754,0.5765329086087632,-0.25825077508964395,1.9963473647227041,0.0,-0.0,0.0,0.0,0.0,0.0
5334,0.3736484419988207,-0.5349584099109916,-3.1958108234386997,0.846319713105867,0.2692409808555802,1.9974780517483879,0.0,-0.0,0.0,0.0,0.0,0.0
5335,0.6034574535459749,-0.4776974165381997,-3.0605080148181876,0.7122156912762379,-0.07262655701086664,1.9990996016035343,0.0,-0.0,0.0,0.0,0.0,0.0
5336,-0.25950743618063504,0.12676309318466808,-4.380099843343005,-0.03657889426499504,-0.40332898118745075,1.9997324216441559,0.0,-0.0,0.0,0.0,0.0,0.0
5337,0.30845176164883004,0.8735717404504002,-0.9442857836472062,-0.3740122197205153,-0.367067447163976,1.9983429184893775,0.0,-0.0,0.0,0.0,0.0,0.0
5338,0.41729498511377516,-0.7856077450838463,-2.5129120965153353,0.2445241181971303,0.1693031551193435,1.9969933827143123,0.0,-0.0,0.0,0.0,0.0,0.0
5339,-0.16079075492071887,0.6477778925288121,0.4696585535909215,-0.8072481288604859,-0.01597346997630208,2.0001360059865365,-6.785847764623657e-15,-2.4153667622430947e-14,8.0839438102328e-223,-0.00015558455967729906,0.000554388220758772,0.0005708882032937467
5340,0.7428999531036639,-0.017508373336361273,0.47655977283214696,-0.8657242384344518,0.018716445358050962,1.9999912385541152,1.4747984514385646e-14,1.5246070517639067e-15,-1.1156263979592115e-218,0.0003391468548543554,-3.617449886496038e-05,0.0005639842375353895
5341,-0.4394851891041474,0.6523109431133762,-4.403490484588497,-0.4364807454293378,0.6745226913829111,2.0024476106182645,0.0,-0.0,0.0,0.0,0.0,0.0
5342,0.27180218013644036,-0.7762986497009655,-0.1377084783015181,0.12541124596186534,0.2768835643604609,2.0026735208223454,0.0,-0.0,0.0,0.0,0.0,0.0
5343,0.04933193374241844,-0.4522406288888609,-1.2095509960529165,-0.12035452036170066,-0.6180087752422193,1.9981441653739447,0.0,-0.0,0.0,0.0,0.0,0.0
5344,-0.610323143182258,-0.7255642511748177,-0.08034885798473917,-0.874965923108368,0.15094284001908112,2.0012287172484573,0.0,-0.0,0.0,0.0,0.0,0.0
5345,0.012220959863081858,-0.3850275699608214,-1.8138601262082232,0.7041240427429264,0.6426239036883028,2.0001733116330334,0.0,-0.0,0.0,0.0,0.0,0.0
5346,-0.06180880375702904,0.3977971265387634,0.46238889838674396,0.19291765395574156,0.2825732506546345,2.0022676934155657,6.006046170677736e-15,-1.164637520643333e-14,-2.918080569155857e-227,0.00013778409564028867,0.0002672326078284206,0.0005250564103730278
5347,0.6699066091871052,-0.31663639261828136,-2.837522741769163,0.14017135226571048,-0.11905955852913801,1.9987491225443355,0.0,-0.0,0.0,0.0,0.0,0.0
5348,0.23840786402993516,-0.49102253607503765,-0.29394296892187693,-0.4776638289633173,0.5548755256641942,2.0010669486531993,0.0,-0.0,0.0,0.0,0.0,0.0
5349,0.7217148267576181,0.6217703819059728,-4.015993710370888,-0.26855606693340267,-0.3368100007851951,1.9987795147880338,0.0,-0.0,0.0,0.0,0.0,0.0
5350,0.22494145970681814,0.19112272729226387,-4.346569623067234,-0.1170182308417427,-0.7160022660662312,2.002423952208531,0.0,-0.0,0.0,0.0,0.0,0.0
5351,-0.44272156549141856,-0.40778861954702134,-3.4376059919221733,0.48344700232733234,0.06670037096512338,2.0009751706660297,0.0,-0.0,0.0,0.0,0.0,0.0
5352,0.9784429144539477,-0.14523989024746364,-0.5364188804717489,-0.4510627377219331,-0.1660940297671708,1.9998837852281348,0.0,-0.0,0.0,0.0,0.0,0.0
5353,-0.6662228898569864,0.18170958100817605,-2.2190853920312996,-0.34290670362083403,0.16983676742762172,2.000079224576955,0.0,-0.0,0.0,0.0,0.0,0.0
5354,-0.01302790471196475,0.7975277583184363,-3.332411568290926,-0.11097152677410628,0.8886171869267939,2.0038429918904743,0.0,-0.0,0.0,0.0,0.0,0.0
5355,0.5017365784315609,0.5526118105859213,-0.21602462853946858,0.8667081557056184,0.11981456204831344,2.003361752565069,0.0,-0.0,0.0,0.0,0.0,0.0
5356,-0.10000595112270162,0.12966408745714939,-1.8734773845425912,0.2729348687587106,-0.38033711582098356,1.9993503875435006,0.0,-0.0,0.0,0.0,0.0,0.0
5357,0.09181785017897222,-0.5603226839301249,-2.012579536471358,-0.17827127585134736,0.1282245940566102,1.9972455498395598,0.0,-0.0,0.0,0.0,0.0,0.0
5358,0.291053355636728,0.07236436150580458,-1.8882122688974297,-0.05829162010706263,0.22501595563836221,2.0015753850540503,0.0,-0.0,0.0,0.0,0.0,0.0
5359,0.7184519190051827,0.6245048829471996,-3.0223362285158073,-0.14342737174948383,-0.4868546813728206,2.000690093577111,0.0,-0.0,0.0,0.0,0.0,0.0
5360,-0.2665368180676419,0.057897801111264566,-0.65387591725797,0.2912473052750857,-0.7221417608597813,1.9963167840277587,0.0,-0.0,0.0,0.0,0.0,0.0
5361,-0.32967122889670936,-0.20788906875311244,-1.536896380279076,-0.2842001747845406,-0.8191209916210013,1.995617466495817,0.0,-0.0,0.0,0.0,0.0,0.0
5362,-0.20421093720584085,0.3716824275054016,-3.889339406923847,0.20824317806814185,0.8240902831328449,2.0020065833715583,0.0,-0.0,0.0,0.0,0.0,0.0
5363,0.4750707290885717,0.06661747962458764,-2.9132136521819336,-0.3803559417610276,0.057371824570698005,1.997978184776742,0.0,-0.0,0.0,0.0,0.0,0.0
5364,-0.8669444594532678,0.1988925091779901,-0.09358463103063017,0.8694229849612716,-0.47470233985744675,1.9964472361075964,0.0,-0.0,0.0,0.0,0.0,0.0
5365,0.1933459419625117,0.3305027234008732,-0.34579838878313673,-0.4362034735004868,0.8628543375168741,1.999555047391239,0.0,-0.0,0.0,0.0,0.0,0.0
5366,0.5713392349598805,0.5408159703474394,-4.102164536193738,0.9518265790233671,-0.03573813238725724,2.0035739748778263,0.0,-0.0,0.0,0.0,0.0,0.0
5367,0.6313837280684499,0.19965040795725075,-2.9137114708054326,0.07115487538693668,-0.8542388218627295,1.9993630399120126,0.0,-0.0,0.0,0.0,0.0,0.0
5368,-0.5008359307914318,0.04189466843145575,-0.8512036048139349,0.42434213374220436,0.5102148421873745,2.000845742672173,0.0,-0.0,0.0,0.0,0.0,0.0
5369,-0.6840084712250578,-0.3226132628338336,-0.9964733328306569,-0.06334661975887303,-0.4239940203682686,2.0020775293944695,0.0,-0.0,0.0,0.0,0.0,0.0
5370,-0.8714397295737675,-0.22091949524632737,-2.142172185338009,0.2884086696644272,-0.9514804867844524,1.9976071242242661,0.0,-0.0,0.0,0.0,0.0,0.0
5371,-0.6969159675417966,-0.5333580622338254,0.05610172515195617,0.6894304874100758,-0.562302081604086,1.9995232854977845,2.1620627821827116e-14,3.117120041719163e-14,-0.0,0.0005667181726692901,-0.0007418238919206702,-0.0005783419240331908
5372,0.7878573447402107,0.23145819584376404,-1.8302112890420401,0.6633638331611337,-0.5442466733753422,1.9977553853175245,0.0,-0.0,0.0,0.0,0.0,0.0
5373,0.26099202017031603,-0.38153343085481123,-1.9550245972003593,0.5572525720181893,-0.7622641087454535,2.0029714031504615,0.0,-0.0,0.0,0.0,0.0,0.0
5374,0.6864994715601381,0.23198499920476529,-2.213564342196673,0.5100899692324807,-0.353380940705328,2.000963523339592,0.0,-0.0,0.0,0.0,0.0,0.0
5375,-0.5603524581902996,-0.11959106546856148,-1.3032278335426561,-0.5350077862695094,-0.7788284119534009,1.9982160283938792,0.0,-0.0,0.0,0.0,0.0,0.0
5376,0.18030013786152851,0.2860773913660272,-1.9035916756944802,0.3387779739942156,0.5048896976273932,1.9984784974908876,0.0,-0.0,0.0,0.0,0.0,0.0
5377,0.7404066147351613,-0.42502271142672354,-0.7694095154371179,0.3242403960358469,-0.32912237982852893,2.0015674067566684,0.0,-0.0,0.0,0.0,0.0,0.0
5378,-0.4359671162681034,-0.7206620886405434,-3.982792855024934,-0.4202111295266351,-0.8553353611665978,2.0028543588860157,0.0,-0.0,0.0,0.0,0.0,0.0
5379,0.1966264137177715,0.39039820238098855,-2.345159379526581,0.0047829812978079375,0.9918973662145701,2.0011353600196427,0.0,-0.0,0.0,0.0,0.0,0.0
5380,0.37696225768489355,-0.8008870710974528,-3.0185732755916304,0.4105556949349388,0.5455928922393497,2.001556693839002,0.0,-0.0,0.0,0.0,0.0,0.0
5381,-0.026183641668000343,-0.6916656603633637,-1.2382445205478734,-0.3815790094320227,-0.21621226346145875,1.999705814080421,0.0,-0.0,0.0,0.0,0.0,0.0
5382,0.7368639451818462,0.15462660090439284,-1.3477398947473953,0.49005560562811024,-0.8430181043556723,1.9979689937672396,0.0,-0.0,0.0,0.0,0.0,0.0
5383,0.7740160289779199,0.08329285231426106,-4.119381473746525,0.39071473963110176,0.9063684423896992,1.998797209699346,0.0,-0.0,0.0,0.0,0.0,0.0
5384,0.25446818919002784,0.04405743918058496,-3.237459832674663,-0.28504137036289906,-0.27650816421836116,1.9996921828956062,0.0,-0.0,0.0,0.0,0.0,0.0
5385,0.6144370818162002,-0.9442278665390428,0.3709005033955054,0.7214637047953956,-0.6587882162836982,1.9993992562737766,1.347041851702006e-14,1.8022607998759922e-14,9.170209057734675e-280,0.00030994713831385335,-0.000413609215270785,-2.4726934312088483e-06
5386,0.24965039221292085,0.42234395784129886,-2.1977576759728343,0.6081956414958347,0.19727943026573716,1.9991135384810275,0.0,-0.0,0.0,0.0,0.0,0.0
5387,0.5385812504244312,-0.46536117814685307,-1.5844921837795554,-0.01794723042810246,-0.0930487043256206,2.0013068710710873,0.0,-0.0,0.0,0.0,0.0,0.0
5388,0.8747972219685238,0.06441570553048875,-1.5313161445474754,-0.5422882996579497,0.6110282135111775,1.9999397665673853,0.0,-0.0,0.0,0.0,0.0,0.0
5389,-0.3825854864705807,0.8291892700479457,-1.1574289070489183,-0.6618028986160758,-0.04619376407220804,2.001848896145111,0.0,-0.0,0.0,0.0,0.0,0.0
5390,0.10104978369513104,0.05201037362739466,-3.434038691160165,0.5948227570325183,0.15276401789343952,1.9976708935127583,0.0,-0.0,0.0,0.0,0.0,0.0
5391,-0.4592310403024139,-0.2731730240411304,-1.0965088606711952,-0.943724452921449,0.1865853888867819,2.0025687145045485,0.0,-0.0,0.0,0.0,0.0,0.0
5392,-0.20864114022383085,-0.8187584280772444,0.22749988660796513,-0.7277592515806761,-0.14535581496693145,1.9998098315982675,-9.870792746874916e-15,1.5136470535102872e-14,0.0,-0.00022532829667137747,-0.00034751595193079847,0.00010532533016839288
5393,-0.04280950350847312,0.28451125606773797,-1.0280830577849003,0.380702527258039,0.3062728247026033,2.001407860252218,0.0,-0.0,0.0,0.0,0.0,0.0
5394,-0.855015145846796,0.32062333930295694,-0.7559285736718041,0.09429981437449311,-0.6473904858914589,1.9991082756370706,0.0,-0.0,0.0,0.0,0.0,0.0
5395,-0.9003658664744019,-0.31992433295943773,-0.8154075616323354,0.5256770130317329,0.3968430828114884,2.0038365149126567,0.0,-0.0,0.0,0.0,0.0,0.0
5396,-0.759662378405749,-0.16293105200670482,0.300107187727491,0.20428836029700814,-0.5545489246348986,2.001682252215491,-9.0772477999378e-15,9.118609783069203e-15,-8.8635e-320,-0.00020883629367276268,-0.00020869135919809743,7.506356086956564e-05
5397,-0.08171951543471995,-0.6835680153798527,-1.7397281154722553,0.39751423529717655,-0.728729170043553,2.0010076718921654,0.0,-0.0,0.0,0.0,0.0,0.0
5398,0.1028063579492993,-0.7980500598710848,-1.2313089036789153,0.040878008695826425,-0.24230927895696752,2.000262232398654,0.0,-0.0,0.0,0.0,0.0,0.0
5399,-0.18784115169269636,0.2669425178355815,-2.4773185844212127,0.14641534495441477,0.7125371733416133,1.9995151253200123,0.0,-0.0,0.0,0.0,0.0,0.0
5400,0.5183652087604497,-0.6379461958820808,-1.3670102422117332,0.175566951823983,-0.3291111974602703,2.003540297647561,0.0,-0.0,0.0,0.0,0.0,0.0
5401,-0.0859816399904061,0.3216536028366051,-1.585142070159356,-0.5574791001921527,0.13214571128116473,1.9990003349669194,0.0,-0.0,0.0,0.0,0.0,0.0
5402,-0.6851320690094921,-0.6023907734026145,-2.321453546226797,0.45456410820758053,-0.20122074968485695,1.9961055977554043,0.0,-0.0,0.0,0.0,0.0,0.0
5403,0.7866490465283539,-0.005994380901515389,-3.7833720430211373,-0.6331579353336756,-0.7571077657398795,1.9975728195422304,0.0,-0.0,0.0,0.0,0.0,0.0
5404,-0.1450429400848981,0.44099615542457227,-3.1877177393666325,-0.45210905121389455,0.3399549874692526,1.9976942429749642,0.0,-0.0,0.0,0.0,0.0,0.0
5405,-0.20064539819752839,0.1804498431337774,0.04514249955477157,0.5395464996118914,-0.3023391730478739,2.000728853207411,-1.5851144559720754e-15,-1.1616843391879326e-15,-0.0,-3.88991300088547e-05,2.4988538447093944e-05,-0.0005430857988988936
5406,0.6244175964418451,-0.4643051611923992,-1.3983340819891463,-0.620495062003208,-0.19600736730193166,1.999970556041522,0.0,-0.0,0.0,0.0,0.0,0.0
5407,0.20683086061028497,-0.032511959752635364,-0.11214072662660078,-0.5655594979833758,-0.7010966250044252,1.9965165443535549,0.0,-0.0,0.0,0.0,0.0,0.0
5408,0.8681273861336073,0.36649973031031563,-4.0732262909983366,0.02298916415067553,-0.8514865234042192,1.9988684278927809,0.0,-0.0,0.0,0.0,0.0,0.0
5409,0.326422962931427,-0.6825315722975975,-3.3384755070642265,-0.4492951867350795,-0.05359261561662561,2.0005609360935788,0.0,-0.0,0.0,0.0,0.0,0.0
5410,0.6889399138945432,0.6956002976266349,0.054910538824690144,-0.020365720642191876,0.8610919083035606,2.0010091045669416,1.784707724372309e-14,-1.5727003330761908e-14,-0.0,0.0004100097180896369,0.0003606414049703074,-0.00020955518791017778
5411,-0.8781781107818177,-0.24277454827040995,-4.101696746484001,0.23518398980995775,-0.1094592993374993,2.0005867451656068,0.0,-0.0,0.0,0.0,0.0,0.0
5412,0.5903794226593617,-0.6025973313860742,-1.5941638728195686,-0.6938539078982591,-0.18236026504270014,1.999732121762448,0.0,-0.0,0.0,0.0,0.0,0.0
5413,-0.635144680265992,0.16563107649080727,-1.325263863720624,0.5277319311546171,-0.6965451164251342,2.003471901116349,0.0,-0.0,0.0,0.0,0.0,0.0
5414,0.40111819311315744,0.3075640644584888,-2.9348304736112087,0.6339329816950928,0.22498224009835185,1.999995367063233,0.0,-0.0,0.0,0.0,0.0,0.0
5415,-0.5091696441964404,0.44782038293496185,-0.6951681452570494,-0.9428288269437274,0.297337582477115,2.0023835266671037,0.0,-0.0,0.0,0.0,0.0,0.0
5416,-0.8315294780328667,0.2405624768910233,-0.44956630842231227,-0.15673638839799714,-0.4829407380806386,1.9969835930956412,0.0,-0.0,0.0,0.0,0.0,0.0
5417,-0.5670147760431107,0.511726539383538,0.2562008265362226,-0.27284993856270817,0.36990265806461536,2.001644370228896,-1.4959186856373743e-14,-1.3931408452007082e-14,0.0,-0.0003411397249954583,0.0003219495297720347,0.0002245333444056676
5418,-0.8943634721951512,0.23294536174748764,-3.014753025389001,0.49696232380059935,0.06615510218266699,2.000865947498396,0.0,-0.0,0.0,0.0,0.0,0.0
5419,0.7819122210438186,-0.3135523456103819,-3.4605190696548807,-0.4508198973670142,-0.8018598768650462,2.002054831542816,0.0,-0.0,0.0,0.0,0.0,0.0
5420,-0.015036608294877749,0.6357911362996489,-2.881796434204183,-0.38153946983159426,0.22566017128908913,2.00051792552773,0.0,-0.0,0.0,0.0,0.0,0.0
5421,0.7865159385295523,-0.2777579708652036,-1.9920455356565592,0.6067806877583278,-0.36466049558083824,1.9992024945630524,0.0,-0.0,0.0,0.0,0.0,0.0
5422,0.29798382648726496,-0.1262183145716202,-3.722154032913486,0.3077457854676567,0.7967206065888824,2.0005092176475436,0.0,-0.0,0.0,0.0,0.0,0.0
5423,-0.3664549835461713,0.6170001444707063,-0.3662805651306507,-0.8186533377007968,0.03287937860515066,2.0019814062830785,0.0,-0.0,0.0,0.0,0.0,0.0
5424,0.23671632357362413,0.3891099948756152,-0.33574964184821227,-0.4121419355620941,-0.23729961973248279,2.0002740088801234,0.0,-0.0,0.0,0.0,0.0,0.0
5425,0.21260660982355545,-0.9484499346017892,0.2563974121938632,0.0047099538148165565,-0.6821991540861162,1.9999906571459642,8.003706170442962e-15,2.8327812419773884e-14,-0.0,0.00018384744055715822,-0.0006495479340855173,-0.00011940534371770566
5426,0.08118990937065884,-0.33350825812220786,-3.7848490176496954,-0.6704156487615308,0.6297651128339612,1.9986062340380129,0.0,-0.0,0.0,0.0,0.0,0.0
5427,-0.8722489118869305,-0.15854778020541543,-0.9700038465246414,0.30346556524052826,-0.023772495477928694,1.998287519465563,0.0,-0.0,0.0,0.0,0.0,0.0
5428,-0.005740508207252987,0.20975181668364676,-1.7121473735644652,0.449994618698499,-0.39981292386676437,2.0016548481378207,0.0,-0.0,0.0,0.0,0.0,0.0
5429,-0.0703620325385922,0.9746060633620028,-1.6386043670420782,0.002160448878695175,-0.7808487093742331,2.000511774442779,0.0,-0.0,0.0,0.0,0.0,0.0
5430,-0.02531322826319998,-0.7996537195831799,-0.3685271719175396,0.31958234934471164,-0.34480061125949346,2.0008776127572285,0.0,-0.0,0.0,0.0,0.0,0.0
5431,0.7091668069254753,0.25000441297303905,0.5034859319321762,-0.1851042352656503,-0.21667402983142262,2.0014466317407122,1.4568485798905862e-14,-1.0770676376521643e-14,3.063007869120052e-203,0.00033481108501753697,0.0002460913743975589,0.0004925211774915627
5432,0.721545865290998,0.4067759021437297,-1.8269839324104147,-0.03734138849681794,0.5920490929394288,1.9974159500159814,0.0,-0.0,0.0,0.0,0.0,0.0
5433,0.11690180761440383,0.426584337417767,-3.008169314264372,0.44125578825551237,-0.2672370129345515,2.0004120737402924,0.0,-0.0,0.0,0.0,0.0,0.0
5434,-0.5555314694471238,-0.8209541995930649,-3.3089859641747457,-0.3361528554336787,-0.3058376791750395,1.9984121736999123,0.0,-0.0,0.0,0.0,0.0,0.0
5435,-0.877716173457044,-0.21694073030428354,-1.5040241155727432,-0.012953474265449308,0.4506335744232805,2.001771571030902,0.0,-0.0,0.0,0.0,0.0,0.0
5436,0.7181829322184565,-0.39694734750430066,-2.523792267816728,-0.04553504938591612,0.3488304492370873,1.9988017724356053,0.0,-0.0,0.0,0.0,0.0,0.0
5437,-0.7468084245955864,0.4759341217088661,-4.033427218588113,0.39712320954842995,0.4428291375667161,2.0055543068584747,0.0,-0.0,0.0,0.0,0.0,0.0
5438,0.6333981478194544,0.4993435491263931,-3.4852903515102143,-0.42312984204814635,-0.25093900236680666,1.9977051839047577,0.0,-0.0,0.0,0.0,0.0,0.0
5439,0.5993206317808465,-0.49407868748755235,-1.7776579220019137,-0.18502642011523043,0.11546940718565621,1.9978467314486312,0.0,-0.0,0.0,0.0,0.0,0.0
5440,0.37504641671648187,0.24160156832387397,-1.6706710410578,0.8412560091018342,-0.05330844936396232,2.001323022749883,0.0,-0.0,0.0,0.0,0.0,0.0
5441,-0.5970112888412169,-0.2503399307123662,-4.184950755351143,-0.43426475239170775,-0.3674347582314577,1.9961275614837926,0.0,-0.0,0.0,0.0,0.0,0.0
5442,-0.24629268484854386,0.7408164500307503,-0.6733525421682327,0.11515876318469778,-0.6436256706794733,2.001905803109923,0.0,-0.0,0.0,0.0,0.0,0.0
5443,0.35838687399389224,0.5408583433423234,-2.4378683180483307,-0.6757972528060616,-0.18968420940044345,2.000256340272119,0.0,-0.0,0.0,0.0,0.0,0.0
5444,0.3083770778701934,0.5773351382908446,0.46337270333597785,0.0023526893530461217,0.2903110103781595,2.000252969557585,6.835585802913194e-15,-1.2569798547172343e-14,2.6309729025335e-226,0.00015715234906070466,0.0002882345253584254,0.00048462762487238344
5445,-0.01614162682578974,0.14341060038256298,-0.6766584387407849,-0.6501778233801622,-0.33233922442055536,2.0016462461444555,0.0,-0.0,0.0,0.0,0.0,0.0
5446,0.910551069177176,-0.10413128414916882,-0.8374619732523207,-0.758772376996265,-0.42578531385462803,1.9966371514984205,0.0,-0.0,0.0,0.0,0.0,0.0
5447,-0.5180463746092561,-0.575689552637915,-0.6883728669823694,0.3749943232937588,-0.2957704010263288,1.9996855994134954,0.0,-0.0,0.0,0.0,0.0,0.0
5448,-0.2686625733546756,0.015419917238643256,-1.3505319310233121,0.4763482137111047,-0.6470106060182303,1.9995474954791754,0.0,-0.0,0.0,0.0,0.0,0.0
5449,-0.2912761095609139,0.7828177517431687,-2.433026152344388,0.1275085610522574,-0.2837908352149159,2.0036355263588335,0.0,-0.0,0.0,0.0,0.0,0.0
5450,0.8056522986242503,-0.26721089113745106,-0.18976389578397435,-0.527700408869993,-0.7723305106402404,1.999599727347491,0.0,-0.0,0.0,0.0,0.0,0.0
5451,0.8911676900939332,-0.18168225226428644,-3.5691701827079747,-0.8755877285641476,0.10520182500590296,1.9998085919908064,0.0,-0.0,0.0,0.0,0.0,0.0
5452,0.15127006642537702,0.46017189734336544,-1.58970380766366,0.12707185750863617,-0.02029068947594538,2.0001711213613445,0.0,-0.0,0.0,0.0,0.0,0.0
5453,-0.289381713106332,-0.26093094675645195,-1.6014850643560763,0.6480922482176913,-0.14071772073055436,2.0015467673178073,0.0,-0.0,0.0,0.0,0.0,0.0
5454,0.3221746064556283,-0.21677210101022326,-3.6868087720891682,0.25481808593960326,-0.5833688642701829,2.000536257076914,0.0,-0.0,0.0,0.0,0.0,0.0
5455,-0.4183548927991274,-0.7374434316117264,-2.8881127642321265,-0.03187611419591251,-0.900976231346317,2.0010902615456763,0.0,-0.0,0.0,0.0,0.0,0.0
5456,0.6559265602592445,-0.5214885308636311,-0.8636616516110703,0.4008027787731092,-0.12194034304905971,1.999771005234964,0.0,-0.0,0.0,0.0,0.0,0.0
5457,0.12183979921572707,0.5790274958537442,-2.3734823524603494,0.15180952930722677,0.7438738034345962,1.997389463293472,0.0,-0.0,0.0,0.0,0.0,0.0
5458,-0.6302870779546871,-0.48702299203784977,-2.1884693366622834,0.32372773460579674,-0.4598820888225799,2.0010093639136275,0.0,-0.0,0.0,0.0,0.0,0.0
5459,0.05506531174741103,-0.788911113544324,-0.19659110865355384,-0.6264583873116981,0.648189210947773,1.997387023860422,0.0,-0.0,0.0,0.0,0.0,0.0
5460,0.741112243220341,-0.06956990664560639,-0.6241214341875913,-0.7393310286633419,-0.3747491245920741,1.9981142711664321,0.0,-0.0,0.0,0.0,0.0,0.0
5461,0.47716220519441066,-0.46219472246971716,-3.2984128837503,0.1007507263446547,0.03733175944141729,2.0016273719043873,0.0,-0.0,0.0,0.0,0.0,0.0
5462,-0.0626294945849704,0.18384152588927619,-1.8969741620493676,0.9628243239752008,-0.017171508812617718,1.9970723407188469,0.0,-0.0,0.0,0.0,0.0,0.0
5463,0.257838575315258,-0.027230122871051223,-3.2221526541857197,0.1036607008238812,0.18550591684292259,2.0002772297367333,0.0,-0.0,0.0,0.0,0.0,0.0
5464,-0.21162921753456063,0.25434145869106833,0.4114661617860521,0.8657894818415515,-0.18771365100644238,2.001595592705517,-6.91204613548535e-15,-1.9828656030497783e-15,1.6310803083608563e-256,-0.00015845183430274006,4.5366305493025705e-05,0.00034817267745550435
5465,-0.059122661997713544,-0.049005619977736774,-3.6936956630977416,-0.17853033452999806,-0.6047736064704887,1.9974111460900301,0.0,-0.0,0.0,0.0,0.0,0.0
5466,0.01297281936000663,-0.4746637668614963,0.22732021003582215,0.3919243499014084,-0.6610032166739965,1.9989850046951694,3.800994817188043e-15,1.607324144503062e-14,0.0,8.771229715574115e-05,-0.0003693467330764933,8.41497968680173e-05
5467,-0.2527605676512848,-0.15689249995797078,-1.292090248322012,-0.17184639674495186,-0.25065100333529605,2.000553738618399,0.0,-0.0,0.0,0.0,0.0,0.0
5468,-0.45464360701487605,-0.016875347620101722,-1.8896823749208878,0.15196454372888052,0.6650046842887162,1.9968260579866843,0.0,-0.0,0.0,0.0,0.0,0.0
5469,0.2117292806957322,-0.5637434787611141,-3.325956255904836,0.13451159202905177,-0.48102263997492883,1.9988097846947233,0.0,-0.0,0.0,0.0,0.0,0.0
5470,0.6272912982007279,0.5026441034216381,-4.190456039829705,-0.8403815189658864,0.23415783266604184,2.0007655602225562,0.0,-0.0,0.0,0.0,0.0,0.0
5471,-0.3899015620498773,-0.6173552723872264,-2.8460962791956708,0.0037661065070373765,0.07296067533789907,2.0008741727677672,0.0,-0.0,0.0,0.0,0.0,0.0
5472,-0.8319158241254945,-0.04501915485664037,-2.6887109136165046,0.0021050950663806583,-0.7906002817764635,1.997527219285055,0.0,-0.0,0.0,0.0,0.0,0.0
5473,0.11950915348412529,0.04227371810391355,-3.0472591401764753,0.3761765050190216,0.3560341497271444,1.9996774853194703,0.0,-0.0,0.0,0.0,0.0,0.0
5474,-0.11369066625609357,-0.2487655153026413,-2.4532757156762197,0.3468113302262916,-0.44334045139325445,2.0015869425788058,0.0,-0.0,0.0,0.0,0.0,0.0
5475,0.10147144269643753,0.5102774450437176,-4.223912554908569,-0.7646605728258341,-0.4981295997085284,2.001140759813835,0.0,-0.0,0.0,0.0,0.0,0.0
5476,-0.895383804461801,0.3247723481569919,-0.07906323936017391,-0.37145529397749233,-0.30031986869610566,1.9966424834447114,0.0,-0.0,0.0,0.0,0.0,0.0
5477,0.140006381022608,0.12934996991580577,-0.07997034068823002,-0.24838572400460385,0.053873076926870704,2.0022418672824376,0.0,-0.0,0.0,0.0,0.0,0.0
5478,-0.22009950719553148,0.7397656913878526,-4.08097222142033,-0.7372370608384226,0.16286034073843272,1.999421002885214,0.0,-0.0,0.0,0.0,0.0,0.0
5479,-0.5108320504336542,0.36786880322137616,-2.329560864128923,-0.14612689064935072,0.902466851613169,2.0029107704973974,0.0,-0.0,0.0,0.0,0.0,0.0
5480,0.3126584228252596,-0.21637411608633053,0.25382001006431093,0.050117501011681165,0.6556248214411198,1.9989072371510206,1.2403355764913538e-14,-1.6692449537429399e-15,-0.0,0.0002860954412762924,3.749139975333735e-05,-7.512324567939721e-05
5481,-0.2955462450087791,0.29789492161399,-0.20537151826697497,0.7581841407143954,-0.2525134059643889,1.9957366095011166,0.0,-0.0,0.0,0.0,0.0,0.0
5482,0.723092013241248,-0.4952654285543906,-3.8197848659840328,-0.7216661136192674,0.5283114943433468,1.999104949267414,0.0,-0.0,0.0,0.0,0.0,0.0
5483,-0.8793556358965072,-0.29415252634737743,-0.78799121846519,-0.40926357214734393,0.3990421156035978,1.999051551778508,0.0,-0.0,0.0,0.0,0.0,0.0
5484,0.028546538267868207,0.7907631371868131,-2.0356164658040736,0.7363549951588588,-0.40599916034047623,2.0038945012071694,0.0,-0.0,0.0,0.0,0.0,0.0
5485,0.49129679951641714,0.5929193699949933,-3.3823817977865036,0.3039882142291937,-0.23620553150556306,1.9993058176755405,0.0,-0.0,0.0,0.0,0.0,0.0
5486,-0.47648351540581646,-0.6902946460882864,-1.4790533280650375,-0.5548424198663461,0.668415976005656,1.9982238721100505,0.0,-0.0,0.0,0.0,0.0,0.0
5487,0.43920442568356405,-0.6712115294145352,-4.117601438617842,0.06903335420507183,-0.15490222260706912,1.999677990066465,0.0,-0.0,0.0,0.0,0.0,0.0
5488,0.3578725628142769,-0.5879961473610353,-1.4953943643473289,-0.8614052968180423,-0.08552664113360103,2.000402474378952,0.0,-0.0,0.0,0.0,0.0,0.0
5489,0.12242580990822596,0.9897529481445723,-2.4198000762477214,0.3950222965801403,0.8458970263495801,1.997077818677969,0.0,-0.0,0.0,0.0,0.0,0.0
5490,-0.5361909988761036,0.14347042634360577,-0.862316227962017,-0.4579615836828693,0.5374848527385973,2.0010855116826,0.0,-0.0,0.0,0.0,0.0,0.0
5491,0.9058083512976197,-0.0874877827650998,-0.21008062373298736,0.07565368525960535,-0.06554297704097617,2.000607943398701,0.0,-0.0,0.0,0.0,0.0,0.0
5492,-0.21479169407949925,-0.6434889944868054,-4.11413120528569,-0.5423946064998795,0.08205562504129614,2.0019897941577374,0.0,-0.0,0.0,0.0,0.0,0.0
5493,0.722096198653313,-0.2167130420939814,-2.2761274819627686,0.4749559755574155,0.18064882547362815,2.0014295976900587,0.0,-0.0,0.0,0.0,0.0,0.0
5494,-0.1966551682183341,-0.46697820132689494,-1.35147825171314,0.16158579063515216,0.9199208921794831,1.996540574395318,0.0,-0.0,0.0,0.0,0.0,0.0
5495,-0.4075944454934577,-0.8384456346583198,-3.688746314199986,0.7966982744924596,-0.214278654494915,1.9983281845272958,0.0,-0.0,0.0,0.0,0.0,0.0
5496,0.29944895820448825,0.14855212671082488,0.4023128159830085,-0.7106648389138425,0.12027205317512107,1.9967094477848897,-7.837362398431577e-15,4.373924848908789e-15,-9.41466589271198e-262,-0.00018354038982089233,-0.0001067537394555549,0.00023259293022959317
5497,-0.49475507845425004,0.31338826143212556,-0.10868765477795109,-0.7669031149788921,-0.5039016630945761,1.9995156830477594,0.0,-0.0,0.0,0.0,0.0,0.0
5498,-0.16616808799158983,0.8193846409518191,-2.2456951475994082,-0.2513850049713972,0.6906203969371688,1.9997835025988633,0.0,-0.0,0.0,0.0,0.0,0.0
5499,0.06156053220722517,0.6244189031279812,-3.8225740525087724,-0.36161444189220704,-0.4160932931145843,1.997326871796528,0.0,-0.0,0.0,0.0,0.0,0.0
5500,0.05561245560947774,0.5795665838523533,-2.9551217850724405,-0.08575357923321164,0.4164770571900431,2.000078896283433,0.0,-0.0,0.0,0.0,0.0,0.0
5501,-0.542247814875618,-0.4841524370079309,-4.156891212417758,-0.16472676408453474,-0.2539767064057839,1.9990198313951972,0.0,-0.0,0.0,0.0,0.0,0.0
5502,-0.3695304274123672,0.5159201332065484,0.15324349703099358,-0.026347979445043163,-0.2842047077002402,1.999247649827485,-4.292130770353712e-15,-7.383681980503683e-15,-0.0,-9.892967840696553e-05,0.00017136439099754304,-0.0003807742752485732
5503,0.17243095908903183,-0.3562203051241962,-0.17188385985650215,-0.016194807855973853,0.7438436416706424,1.9989586382185087,0.0,-0.0,0.0,0.0,0.0,0.0
5504,-0.13298760547346364,-0.6233683935503849,-4.299936142267097,-0.553191829369474,0.37669933763199487,1.9973703071221907,0.0,-0.0,0.0,0.0,0.0,0.0
5505,0.40932596213265277,0.6050960064129035,-2.5270227251039956,-0.4221955057042187,0.10935573886070227,1.9985307756417716,0.0,-0.0,0.0,0.0,0.0,0.0
5506,-0.549778818611205,0.18105426570802458,-1.2954237959970252,0.4219152800911494,0.8126047996629282,2.002957247189311,0.0,-0.0,0.0,0.0,0.0,0.0
5507,-0.015113206616019559,-0.8361550857275412,-1.780240094019328,-0.14389710980274045,0.8727482078246314,2.000908701784892,0.0,-0.0,0.0,0.0,0.0,0.0
5508,-0.09601803604911964,-0.46725799100787585,-2.047819975232667,-0.8679293963129228,-0.3311424965871567,1.9979916815513896,0.0,-0.0,0.0,0.0,0.0,0.0
5509,-0.6988103206890705,-0.6695394215549089,0.41155805840134596,-0.7870641513795625,-0.11050089352754171,1.998886737248049,-1.5211706995160425e-14,1.5271923490776526e-14,1.251698219604309e-255,-0.0003493442937791234,-0.00035071830875486605,0.00019762656707142994
5510,0.1922454000490056,0.6113036260567764,-4.153095995792157,-0.6243904836358456,-0.22221415585629228,1.9998413075038057,0.0,-0.0,0.0,0.0,0.0,0.0
5511,-0.5466313687736574,0.1719166628756888,-3.7706173993971235,-0.4385764505255724,-0.45662207332833227,1.9983903394174714,0.0,-0.0,0.0,0.0,0.0,0.0
5512,-0.2952834639176326,0.619993529877375,-1.043637856715182,-0.0358845477642819,-0.0720322103975524,1.9977066119442226,0.0,-0.0,0.0,0.0,0.0,0.0
5513,-0.18510282962599198,0.04860187687533771,-1.841271674495108,-0.14656471228722812,-0.5569952786486768,2.0006682266589166,0.0,-0.0,0.0,0.0,0.0,0.0
5514,0.32971095888519225,0.6636246950264849,-4.019032885231665,0.744683814730392,0.59022067727375,1.9994376565322411,0.0,-0.0,0.0,0.0,0.0,0.0
5515,-0.056196048389164775,-0.20169491224256847,-0.6968122706791673,-0.7990086685506935,0.07455710350887997,2.000893966876366,0.0,-0.0,0.0,0.0,0.0,0.0
5516,0.08552486685711079,-0.3770356352801125,-1.9380353314155756,-0.6440919287392742,-0.2275563063799394,2.0028144157112786,0.0,-0.0,0.0,0.0,0.0,0.0
5517,0.572261030370529,-0.5125569901308411,-0.15484589895381035,-0.8646559017778305,-0.1541360399875403,2.0019110292160196,0.0,-0.0,0.0,0.0,0.0,0.0
5518,0.8532982142370619,0.21590174116115304,-0.7911870150501727,0.5243246895824002,0.008093403588066941,1.9994377686650189,0.0,-0.0,0.0,0.0,0.0,0.0
5519,-0.5549570280620492,-0.7261931235120318,0.1244896572150287,-0.48770865816639813,0.2908178615305925,1.999340100225196,-1.510024890377329e-14,1.9610252292142462e-14,-0.0,-0.00034631336512693254,-0.00045037394965096833,-0.00021806567906715
5520,-0.31260899958169347,-0.34913593878653776,-0.7260244249850909,0.1481373534397278,0.7190927046689639,1.9990918235416772,0.0,-0.0,0.0,0.0,0.0,0.0
5521,0.04052307590191879,0.07409171123670903,-3.77660581834048,0.5420735771244856,0.3929943561080714,2.000342234705037,0.0,-0.0,0.0,0.0,0.0,0.0
5522,0.2728586987724682,-0.2595609813370306,-3.923573692533164,0.07865900673489465,-0.9015334030965156,2.0008850192657763,0.0,-0.0,0.0,0.0,0.0,0.0
5523,-0.4283938610363108,-0.7694220567293816,0.09305716750983552,0.7081762111515033,0.09344976869428785,2.0011655292663915,-9.78008904943959e-15,2.042938377907301e-14,-0.0,-0.0002240278476246604,-0.00046844985035295446,-0.0002154441148444361
5524,-0.5557227504324966,0.7581089575474335,-3.475536869037219,-0.3313239587194902,-0.5440810691549011,1.999028122151337,0.0,-0.0,0.0,0.0,0.0,0.0
5525,-0.6775372124602218,0.7000751040528526,-1.3921676870067043,-0.8352186971995887,-0.08192666333803245,2.000184439002492,0.0,-0.0,0.0,0.0,0.0,0.0
5526,0.801331138852348,0.2896454144854297,-0.5132715937343614,0.5674673515715457,0.31989895925829465,2.0005655950736285,0.0,-0.0,0.0,0.0,0.0,0.0
5527,-0.8218332477684229,0.5501630138898426,-1.2051670220284842,0.6360826642526638,0.012796350007015992,1.9986454705768946,0.0,-0.0,0.0,0.0,0.0,0.0
5528,-0.03743287876886976,-0.834666847437062,-4.164366847494521,-0.3263491796061073,-0.5534317472710033,2.0002347686892024,0.0,-0.0,0.0,0.0,0.0,0.0
5529,-0.32675411332550497,-0.13336114634991478,0.46209601572138825,-0.2742499377987196,-0.15587885058187473,2.0024307882186996,-7.975565723889486e-15,5.885673770994241e-15,-7.033443565655021e-228,-0.00018332828413625008,-0.00013558644942634167,0.000447253328167392
5530,0.3520371512120303,-0.5395047051570055,-0.31834422255212114,-0.09960678579232099,0.14765583555214878,2.0018049367674755,0.0,-0.0,0.0,0.0,0.0,0.0
5531,0.24566040210442538,0.6049469991833185,-3.718917007121319,-0.2185922275108542,-0.18666031347909934,2.0051534130015427,0.0,-0.0,0.0,0.0,0.0,0.0
5532,-0.23567219829872926,0.31571708947498633,-2.7393179176436293,-0.44247850221759566,0.4153709618497215,2.001484861727789,0.0,-0.0,0.0,0.0,0.0,0.0
5533,0.18821232326061738,0.772976450863108,-3.620232510025594,0.9507996665612788,0.20846127008120988,1.9975742246231616,0.0,-0.0,0.0,0.0,0.0,0.0
5534,-0.32739049312691887,0.8458662226870197,-1.217272621910037,-0.5677636742835765,-0.02317738054135009,1.9985821556312022,0.0,-0.0,0.0,0.0,0.0,0.0
5535,-0.20301949690859375,0.4781780053651591,-0.7855583847826095,0.13291098004365715,0.43223679172897067,2.0004417101631518,0.0,-0.0,0.0,0.0,0.0,0.0
5536,0.49664643252270024,0.09564519393616377,-0.6496923017345173,-0.9047888513903721,-0.3921859883868483,1.99849592684096,0.0,-0.0,0.0,0.0,0.0,0.0
5537,0.5648656397907609,0.05446537481586925,-1.1751302650943711,0.16438786403080283,0.19083481226299556,2.001230655062612,0.0,-0.0,0.0,0.0,0.0,0.0
5538,0.3191189870706173,-0.46345382594853446,-2.3945525048041056,0.4938696827637774,0.7113840908845973,1.997008487868835,0.0,-0.0,0.0,0.0,0.0,0.0
5539,0.5172461109440113,0.755695406807743,-1.9159427699553655,-0.5705879776911031,-0.5043654058681648,1.9984176911492637,0.0,-0.0,0.0,0.0,0.0,0.0
5540,0.71249916459147,0.6831559821305785,-0.9026328009871811,-0.0368939353448484,0.020354580341292845,2.0001365179568116,0.0,-0.0,0.0,0.0,0.0,0.0
5541,0.27148271665538437,0.16075823488160768,-1.6381103163550892,-0.2947237905997668,0.905766784956492,1.9997976696773423,0.0,-0.0,0.0,0.0,0.0,0.0
5542,-0.7120607485607396,-0.32307425290705566,-2.642353641693699,0.6877729661442947,0.16034533735757264,2.0008664520790385,0.0,-0.0,0.0,0.0,0.0,0.0
5543,-0.3093371817812944,-0.37301687852664867,-3.309088706679685,0.545999585204898,-0.686956581504692,1.9991082891524756,0.0,-0.0,0.0,0.0,0.0,0.0
5544,-0.49065725956309125,-0.5293065678263195,-2.3484530068185387,-0.054314768937829924,-0.7084338199557956,1.9990319801007994,0.0,-0.0,0.0,0.0,0.0,0.0
5545,0.30413413531037087,0.07739921052875054,-3.1165524118385024,-0.574884096026197,-0.25587477691181004,2.0018186233779005,0.0,-0.0,0.0,0.0,0.0,0.0
5546,-0.6361122340123213,0.12094244188499496,-3.7874876285430523,-0.41236059443921874,-0.8178077845759169,2.005504229352424,0.0,-0.0,0.0,0.0,0.0,0.0
5547,0.17929999352023113,0.952758935836336,-1.8613174469875269,-0.07069892927901487,0.2940139229634635,1.998652668229492,0.0,-0.0,0.0,0.0,0.0,0.0
5548,0.26918482997977683,0.7377348547157572,-1.8143185885554798,-0.9664477529488319,0.02029856393693508,1.9994636005046322,0.0,-0.0,0.0,0.0,0.0,0.0
5549,0.6013563285158356,0.4967884429629606,-4.359649093277984,-0.41758839040899304,-0.40621576601708137,1.9994482427623113,0.0,-0.0,0.0,0.0,0.0,0.0
5550,0.1344008071519789,0.14856591005595152,-1.3040640701829522,-0.6991752978714817,0.2641085245589326,1.9998958575265955,0.0,-0.0,0.0,0.0,0.0,0.0
5551,-0.6699857821410069,-0.39429975746807583,-2.2619753582302375,0.1205646077718644,0.8796155243523515,2.0025070039077195,0.0,-0.0,0.0,0.0,0.0,0.0
5552,0.8365826149440746,-0.2694135130011817,-3.9263074467767876,0.884872498573178,-0.05095842919941333,1.997878324733238,0.0,-0.0,0.0,0.0,0.0,0.0
5553,-0.29967729959482287,-0.5332964218651906,-4.055782942631947,0.5370296598280733,0.7775084863621549,1.9975733827578739,0.0,-0.0,0.0,0.0,0.0,0.0
5554,0.05647153795884873,-0.7418599333780939,-2.157976864747434,0.06039641450355302,-0.34904045155376195,1.9975546954293772,0.0,-0.0,0.0,0.0,0.0,0.0
5555,0.02422690126765762,-0.15251073739940083,-3.655751145744943,-0.6230575271681429,0.024114811881452355,2.0020365645367626,0.0,-0.0,0.0,0.0,0.0,0.0
5556,0.01984536236996584,-0.6852355759423329,-1.1300707009951185,-0.7668468680681153,-0.6225273643013539,2.002198261248048,0.0,-0.0,0.0,0.0,0.0,0.0
5557,-0.9201123411982697,-0.09149605657720287,-3.300864523601349,0.8799699857752733,-0.04598872214190216,1.999075784569476,0.0,-0.0,0.0,0.0,0.0,0.0
5558,-0.026441688089785167,-0.550697681743412,-2.1821688791901392,0.05997467352380096,0.673996188163908,1.9976997413243072,0.0,-0.0,0.0,0.0,0.0,0.0
5559,0.43729377733005387,0.7500932712260437,-1.7108564893812443,-0.39020639914572985,-0.23603576485216013,2.001529773481771,0.0,-0.0,0.0,0.0,0.0,0.0
5560,0.45268397332026844,0.8147619292864299,-1.8114385855346165,0.2620594062048136,-0.7036438031076414,1.9988754183439577,0.0,-0.0,0.0,0.0,0.0,0.0
5561,-0.0513748096301068,-0.4802400974940248,-0.8091158817258183,0.04985373294480345,0.702363304089819,2.0028762715942374,0.0,-0.0,0.0,0.0,0.0,0.0
5562,-0.31523250483799753,-0.6636788644629069,-1.8464959292684808,0.9417926664031999,0.1118768926664873,1.9963894827749533,0.0,-0.0,0.0,0.0,0.0,0.0
5563,-0.6839011591371542,0.04413511974243553,-1.8824577443132071,-0.3024958290138501,0.9121840351210282,1.9973016292856294,0.0,-0.0,0.0,0.0,0.0,0.0
5564,0.2331525689808742,-0.3731241062201327,-1.0608150528693605,-0.4404126054535333,0.04054747852636665,1.9964107151057673,0.0,-0.0,0.0,0.0,0.0,0.0
5565,0.25749785386766194,-0.44449957101784043,-2.3669451178432896,-0.4154811353599079,0.2817253821273436,2.000257435191774,0.0,-0.0,0.0,0.0,0.0,0.0
5566,0.16425587279056178,-0.5914800235077736,-0.14008688531690655,0.3964743100963883,0.6134921562081209,2.0001136451827377,0.0,-0.0,0.0,0.0,0.0,0.0
5567,0.35529816730299507,0.11848083500362588,-1.7392814387014655,0.8821656785340204,0.29463627092455114,2.000357433018539,0.0,-0.0,0.0,0.0,0.0,0.0
5568,0.8083299559108257,0.33706541664356804,-2.729742337515763,-0.7086534266354254,-0.09729288844941943,1.9970778338528434,0.0,-0.0,0.0,0.0,0.0,0.0
5569,0.2612143323569238,-0.32689299994701737,-4.417265738161296,0.06662023660507099,-0.5500018714072251,2.0008090878292917,0.0,-0.0,0.0,0.0,0.0,0.0
5570,-0.5979069433021224,-0.2934404079368004,-0.8264070056918172,-0.07156780137469336,-0.7595372192469034,2.0036522252867615,0.0,-0.0,0.0,0.0,0.0,0.0
5571,-0.9325013815564286,-0.2242212098503703,-2.674088473887079,0.8581797479625775,-0.3238706480677333,2.0005291220633814,0.0,-0.0,0.0,0.0,0.0,0.0
5572,0.2544407949375991,-0.726055650904544,-4.298313317789061,0.41462565991711453,0.5985093105048018,1.9988106306009128,0.0,-0.0,0.0,0.0,0.0,0.0
5573,-0.47603405417714556,0.09236224391162368,-1.1713207455147856,0.24037743719794838,0.7361992065322702,1.998448134370269,0.0,-0.0,0.0,0.0,0.0,0.0
5574,0.6250754258446194,-0.000692019761935719,-0.9043689662783536,0.0028321393172015233,-0.16167686301305667,2.000343198327984,0.0,-0.0,0.0,0.0,0.0,0.0
5575,0.2069427582680558,0.1126905428344524,0.2665878726485578,0.4015149599976598,-0.3356322131321964,2.0015958762421153,-4.613564031275376e-16,-8.118561015388773e-15,0.0,-1.7117092434964257e-05,0.00018587395311339325,0.00024758914973250975
5576,-0.46371943922554176,-0.7402109809660777,-0.2850396258558584,0.2088506258877459,0.251025081138424,2.000856767148113,0.0,-0.0,0.0,0.0,0.0,0.0
5577,-0.8645754999017778,0.0803799684006548,-3.6597749782622384,0.3330314996121418,0.697092142577306,1.996095904848913,0.0,-0.0,0.0,0.0,0.0,0.0
5578,-0.8128896116808424,0.2736017290977771,-3.925835844593426,-0.3174109233740805,0.21616712480658842,1.998619253276062,0.0,-0.0,0.0,0.0,0.0,0.0
5579,0.11326600766890038,0.247913394611222,-3.479763546848872,0.7704119084184806,0.11889650482174062,1.9978755554662984,0.0,-0.0,0.0,0.0,0.0,0.0
5580,-0.4548337138681126,0.05001944381758953,-3.9686485793569113,-0.003028612268989106,0.4494487754816017,2.00104475729624,0.0,-0.0,0.0,0.0,0.0,0.0
5581,0.8240121235442247,0.5307987552468864,-3.4791347099414223,0.26347714554629165,-0.5686306334635992,2.001466551259129,0.0,-0.0,0.0,0.0,0.0,0.0
5582,0.5981194335006192,0.028004203307543576,-0.4101439492652569,-0.5852567538929763,0.5871362842706535,2.001923018613827,0.0,-0.0,0.0,0.0,0.0,0.0
5583,0.124395875079148,0.44287133149487,-2.193363192698122,0.6384882285319169,0.48096367583951544,2.0025311056472663,0.0,-0.0,0.0,0.0,0.0,0.0
5584,-0.22000352232958745,0.8976081246689501,-0.8905938425386749,-0.07321206858514327,-0.6645103390052535,1.9987687598895918,0.0,-0.0,0.0,0.0,0.0,0.0
5585,0.02276257553890093,-0.44520417292172293,0.17159905473679746,0.2354276335669313,-0.378409292750809,1.9966981766234293,5.2021683883357884e-15,2.886115026927989e-15,-0.0,0.00011905101433591108,-6.891501692257406e-05,-0.0003681176221537956
5586,0.3435014383627816,-0.2949878743324167,-3.5806013396579646,0.16833549314460633,-0.9448868111528175,2.0007398344835714,0.0,-0.0,0.0,0.0,0.0,0.0
5587,-0.5854626349407378,0.7837412735569002,-3.7097534407161517,-0.023284802179737905,-0.10238183921007953,2.001305537385077,0.0,-0.0,0.0,0.0,0.0,0.0
5588,-0.06655864202231071,-0.30097805315736376,-0.19918874199490944,-0.5474383465785313,0.401780822722104,2.0037602213826506,0.0,-0.0,0.0,0.0,0.0,0.0
5589,-0.20120494368382558,-0.29595817423497234,-2.79354126787677,0.10739357533649473,-0.07477239339259405,1.998888946470044,0.0,-0.0,0.0,0.0,0.0,0.0
5590,-0.4703778030771869,-0.5757836084142915,-1.8872693327761458,-0.10712849023379312,-0.4090419118290827,2.0024715155125508,0.0,-0.0,0.0,0.0,0.0,0.0
5591,-0.30809379773472867,-0.3175442943456325,-0.759386094560502,-0.29675154676527843,-0.09214480672134663,2.0010612434076647,0.0,-0.0,0.0,0.0,0.0,0.0
5592,0.6419428777129975,-0.04954924729414057,-1.2490752590488035,0.10805876740251211,-0.35177184056663996,1.997673638323554,0.0,-0.0,0.0,0.0,0.0,0.0
5593,0.6687814401156705,-0.1532961274848718,-1.392419272792556,0.6230466294075623,-0.2887711242227316,2.0017342449633544,0.0,-0.0,0.0,0.0,0.0,0.0
5594,-0.39434905877033993,-0.9225881682688662,0.4095672599960579,-0.594055034610576,0.004372212829716491,2.0014592040235413,8.085703641190723e-15,2.889838470511478e-14,9.700565979248311e-257,0.00017435901212189595,-0.0006527296043234078,1.708971943257121e-05
5595,-0.23513609779493308,0.3563278388734512,-1.3175886337472154,0.7610065602445998,-0.001880664554598663,2.000275603178683,0.0,-0.0,0.0,0.0,0.0,0.0
5596,0.4278219124732964,-0.17699612550262148,-4.368809737434997,-0.04333989302186171,-0.4790093408455022,2.0025704869966265,0.0,-0.0,0.0,0.0,0.0,0.0
5597,0.8188315544991626,-0.4265183417088591,0.3614737069926093,0.37843556173100623,0.23581538333216454,1.9996065784334467,1.149487999418668e-14,2.216383969593306e-15,2.78078993322301e-284,0.00026386236528631337,-5.0814591112204505e-05,0.0003100409492607403
5598,-0.24462948651918826,-0.8421469678002522,-1.9975931100851259,-0.6671613905772935,0.6421077798786827,1.9998784335851447,0.0,-0.0,0.0,0.0,0.0,0.0
5599,0.564139668441495,0.6759857238260539,-3.233417355201732,-0.49751264222829233,0.43842039264373994,2.0040944018989024,0.0,-0.0,0.0,0.0,0.0,0.0
5600,-0.7333533501352242,-0.46075357194663147,-0.651636240937568,-0.6725070209170659,0.023556706498987733,2.000162515540044,0.0,-0.0,0.0,0.0,0.0,0.0
5601,0.6254503821346568,-0.2604407775938968,-3.9015019842503476,0.509536135928022,-0.33353608491470926,2.00078188635694,0.0,-0.0,0.0,0.0,0.0,0.0
5602,0.35322036785613864,-0.03697546833525967,-2.0798393620658744,-0.04912820205389917,-0.2858437375732838,2.0018085106987518,0.0,-0.0,0.0,0.0,0.0,0.0
5603,0.5172905917646151,-0.5222341414320971,-1.4751296918582444,-0.07205384873575585,0.7005884497123621,2.001108552544664,0.0,-0.0,0.0,0.0,0.0,0.0
5604,0.09950916296775036,-0.38599727428100655,-1.3892735055483862,0.025506110647583437,-0.2893037715427972,2.0015928775244065,0.0,-0.0,0.0,0.0,0.0,0.0
5605,-0.07222554305237115,0.532624685421499,-4.2297555010983015,-0.20417183177058473,0.24338960109805563,1.9979989981844852,0.0,-0.0,0.0,0.0,0.0,0.0
5606,-0.6569146370633023,-0.21078397250073497,-3.1363690293339808,0.0594822334796953,-0.9605677384044218,2.001899460559037,0.0,-0.0,0.0,0.0,0.0,0.0
5607,0.4620523460418638,-0.07016037441239928,-0.6534492981861842,-0.1053697832833793,-0.4913864797922132,1.9982009766942208,0.0,-0.0,0.0,0.0,0.0,0.0
5608,0.47504599499986694,-0.2835067956080568,0.2778676987978548,0.08324325343047591,0.619750221292123,1.9991770074295796,9.179919894764457e-15,3.0418752740973507e-15,0.0,0.00021281651717865808,-7.136215729759685e-05,0.00012013582717585021
5609,0.7385311191591459,-0.5611697217847033,-1.632552542698176,-0.7127368011247041,-0.13132006292352869,1.9983385257309556,0.0,-0.0,0.0,0.0,0.0,0.0
5610,-0.2228873356778543,0.5642933035162943,-0.7765939773956507,0.40024668445923034,0.018175984405276832,2.000797571587972,0.0,-0.0,0.0,0.0,0.0,0.0
5611,-0.509899394466412,-0.3611948529323612,-0.48492955910269253,-0.19101238782771235,0.35369003781959774,1.9994883454575743,0.0,-0.0,0.0,0.0,0.0,0.0
5612,0.4626817303710534,-0.44247296107904327,-2.416068688882376,-0.5499086502861059,0.5417042457041236,1.9989963266625739,0.0,-0.0,0.0,0.0,0.0,0.0
5613,0.04275594619693933,0.6155663202864002,-0.3764598497161131,0.6283027445374358,0.17460894214523418,1.9966812289602347,0.0,-0.0,0.0,0.0,0.0,0.0
5614,0.7158303743541846,0.536719715815372,-2.166510470099123,-0.27219058374177024,0.5522536206914949,1.999792294017889,0.0,-0.0,0.0,0.0,0.0,0.0
5615,0.19539384990357286,0.46883522364660796,-4.297042241578083,0.7043915312202949,-0.07521690147177257,2.0015970972243116,0.0,-0.0,0.0,0.0,0.0,0.0
5616,-0.6987319043919888,0.6391596073542744,-1.65878089813331,-0.7475078884397656,0.0157224186471616,1.9990055712413648,0.0,-0.0,0.0,0.0,0.0,0.0
5617,0.4438802286701131,-0.781134731300721,-3.7468431130125364,0.4985562493552639,0.8562623304612501,1.9995561092314087,0.0,-0.0,0.0,0.0,0.0,0.0
5618,-0.8580325771657509,0.447325403362914,-0.5469509061198048,-0.8143855459342118,-0.24331644365461116,1.9993775328748835,0.0,-0.0,0.0,0.0,0.0,0.0
5619,0.5257066343446553,0.5259470493804701,-1.413927320941616,0.1197924386097035,-0.10707347584932904,1.9999328955806233,0.0,-0.0,0.0,0.0,0.0,0.0
5620,-0.17396773881761746,-0.6343880388799706,0.09110105155619258,0.6847439462776422,-0.43667680482350096,1.9993318829751696,-5.195529363507816e-15,1.6631527758656094e-14,-0.0,-0.00011794397459975732,-0.00038366657655774014,-0.0003899539132924357
5621,0.9209016652065029,-0.05309265238220101,-0.8124698519631461,0.6372472958913952,0.6729752891648482,1.9969279361014318,0.0,-0.0,0.0,0.0,0.0,0.0
5622,-0.009930256191759954,0.4497629908033601,-0.43332089004039265,-0.11475314028736303,0.9898003761244272,2.000852168290796,0.0,-0.0,0.0,0.0,0.0,0.0
5623,0.42519374966583817,-0.28103182445114616,-2.0292792655618035,0.6752565918263272,0.6180658966474571,1.9995963837349566,0.0,-0.0,0.0,0.0,0.0,0.0
5624,-0.9325071777520723,0.3539925196083471,-0.050556077270157866,0.27461008534228215,0.6593508618062561,1.9994459961562319,0.0,-0.0,0.0,0.0,0.0,0.0
5625,0.4602300258151331,0.16311844722250915,-2.231946883648749,0.7558558981029424,-0.02956151640700691,2.0011172752799133,0.0,-0.0,0.0,0.0,0.0,0.0
5626,0.9623061591613747,-0.0233018968970369,0.04554112989301533,0.8872879541569751,-0.3829051170777015,2.00095664547948,2.7495196080471275e-14,-8.611115224697606e-16,-0.0,0.0006295930507103459,1.673887390421282e-05,-0.00014093428341945173
5627,0.8334532233320149,-0.2658585895248129,-2.0819221654191264,0.744948698528068,-0.2679419678375995,1.9990497840465693,0.0,-0.0,0.0,0.0,0.0,0.0
5628,0.45121741073428184,-0.7298019874902464,-0.6758200989877899,-0.2874008344125578,0.16389980761508333,1.9981875836134966,0.0,-0.0,0.0,0.0,0.0,0.0
5629,-0.7817530152182265,0.5299004852824053,-1.2261528221246198,0.8640415724785343,0.22366572832557471,2.0018767478214228,0.0,-0.0,0.0,0.0,0.0,0.0
5630,-0.37628313103629457,-0.7528828436814576,-0.6706833212551161,0.922925699246167,0.03159212843800544,1.9994464577298674,0.0,-0.0,0.0,0.0,0.0,0.0
5631,-0.10294427748148183,0.12246260712051411,-2.465717601250448,0.21360009137542932,0.945002185876942,2.0001856018298914,0.0,-0.0,0.0,0.0,0.0,0.0
5632,0.06575802951592437,-0.6439779653378978,-4.316497473412054,0.9292899028091477,0.2546701036319207,2.0025847404088264,0.0,-0.0,0.0,0.0,0.0,0.0
5633,0.9509673049625281,-0.10646190939322057,-2.4378880259182925,-0.1392381445229878,-0.2294396016634252,1.9999139430470794,0.0,-0.0,0.0,0.0,0.0,0.0
5634,0.4142215727640568,-0.35971644001373076,0.33092351001282083,0.5136252296723929,0.7409835829281335,2.0011890445889327,-1.06969869084987e-12,1.1867014009959687e-12,4.34558033821506e-303,-0.02434010964202076,-0.027028113820862176,-0.015511322579634128
5635,-0.44932970287877,0.0025026883121049242,-2.863465663566295,0.07666975352606853,0.6796151382349969,2.000696492571341,0.0,-0.0,0.0,0.0,0.0,0.0
5636,-0.6359240217717189,-0.26670367148465535,-2.868012911123836,0.38203730430391053,0.6259490979345418,2.0017214737817133,0.0,-0.0,0.0,0.0,0.0,0.0
5637,0.5325837202397931,-0.3966617146185238,-1.8180410481770182,-0.3393211945477177,-0.4997967510566212,2.0001934242533226,0.0,-0.0,0.0,0.0,0.0,0.0
5638,0.6884696994418089,-0.30468654267031736,-1.0175627697664373,0.736199701741181,-0.2469488357913656,2.0003530344811766,0.0,-0.0,0.0,0.0,0.0,0.0
5639,-0.44521362387568536,0.07229921144980166,-4.20695064682931,0.28221867934692535,0.5915514069451361,1.997382736632927,0.0,-0.0,0.0,0.0,0.0,0.0
5640,0.7763147156059658,-0.3538312108659237,-3.9476901886277953,-0.28455718166844396,0.11360600550537052,2.0015234699530238,0.0,-0.0,0.0,0.0,0.0,0.0
5641,0.5407223396801292,-0.6346154892207686,-1.5275543673155612,0.6099369448179556,-0.093703711947242,1.9982999119541904,0.0,-0.0,0.0,0.0,0.0,0.0
5642,0.2825229673064733,-0.7030207039962961,-0.768053245588831,0.6058150596753706,-0.1783356395002218,2.000526480112112,0.0,-0.0,0.0,0.0,0.0,0.0
5643,-0.4233620607292324,-0.26349591943420203,-2.167599348632796,-0.2335092795471774,0.5841246502650206,2.001235002899064,0.0,-0.0,0.0,0.0,0.0,0.0
5644,0.6906293866713021,0.6057384767664427,-3.804019228405915,-0.3701711298449403,-0.6597989885092388,1.9981883600961596,0.0,-0.0,0.0,0.0,0.0,0.0
5645,0.9111489346994608,-0.1160236815245597,0.06481630128506659,-0.2393684999637068,0.9100776691932206,2.0025652874843267,2.06197202064925e-14,4.1121964338690644e-15,-0.0,0.00047166504230657845,-9.778540349966594e-05,-8.422378927927925e-05
5646,-0.7810575825659927,0.13183500615275778,0.11277530376914147,0.44862875275573805,-0.106781358171474,1.9971884690650745,-1.6096351622657653e-14,-5.721553238464469e-15,-0.0,-0.0003697840389569398,0.0001318478050163448,-0.00021540638491409869
5647,-0.3029585722927197,0.04061035141417322,-1.6553094006670397,-0.21725417865472654,-0.37592422758156047,1.99898556811967,0.0,-0.0,0.0,0.0,0.0,0.0
5648,-0.3292104470241134,0.9358267058650358,-0.1944675372851952,-0.6563932466912356,-0.10490603658515728,1.998514167929448,0.0,-0.0,0.0,0.0,0.0,0.0
5649,0.4644760054058171,-0.3796929288920365,-3.6091291673996406,-0.7370122483556244,-0.05280743616338429,2.0034999373024527,0.0,-0.0,0.0,0.0,0.0,0.0
5650,-0.5591922300255591,0.027729302704576436,-4.279387465213234,0.6104301646476106,0.35152515298045195,1.9986154092280928,0.0,-0.0,0.0,0.0,0.0,0.0
5651,0.901230795221355,-0.00802899973154357,-3.3788123118269855,0.020421202882760656,-0.06830902477963709,1.9989298909816582,0.0,-0.0,0.0,0.0,0.0,0.0
5652,-0.08486979569466634,-0.02484275851752015,-1.0332395716840295,-0.4946270827450344,-0.5479914681161836,1.9981539645541875,0.0,-0.0,0.0,0.0,0.0,0.0
5653,-0.3467155300611418,0.7606450367936286,-4.396849535268007,-0.1519239338044189,-0.2772050252400799,1.9974938747176678,0.0,-0.0,0.0,0.0,0.0,0.0
5654,0.028061577097480694,0.5391004005179988,-2.7434793354469753,0.15887733265254347,-0.1457457322595881,2.0003589315143637,0.0,-0.0,0.0,0.0,0.0,0.0
5655,0.26082832647306065,-0.8150402637125644,-4.471094610276267,0.403158732602155,-0.862573533816331,1.9977234415042984,0.0,-0.0,0.0,0.0,0.0,0.0
5656,-0.839778467516147,-0.1707812918001502,0.33247954348777853,0.23543301110458414,-0.4094476168872244,1.9986564856257913,-3.472172842881949e-14,-6.2713191510131984e-15,-6.2733376091249874e-301,-0.0007981731414808559,0.00014221743545448642,0.00015012667317524612
5657,-0.0828423796478892,-0.10215930580706228,-3.828547046319413,0.6877863690015961,-0.07204207194962621,1.998635396788064,0.0,-0.0,0.0,0.0,0.0,0.0
5658,-0.7246522090767459,0.0017405228711601885,0.4606957995818469,-0.10363867485320415,0.9088834341462161,1.99735741947953,-1.3905099570257659e-14,4.2472489266688696e-16,-5.90286670607423e-228,-0.0003195741929206607,-9.37783380916249e-06,0.0005165216436279396
5659,-0.8074739458042735,-0.5108289130554847,-3.5171892460930607,0.29193106474806235,-0.9018223190753448,1.9977860592588021,0.0,-0.0,0.0,0.0,0.0,0.0
5660,0.15685884690144827,-0.02330518491243011,-0.7260293848879874,0.06829316048135059,-0.2129223357087986,2.0001933716590967,0.0,-0.0,0.0,0.0,0.0,0.0
5661,-0.4418807824220421,-0.6218333605926547,-4.381430242846134,0.312425506269362,0.4113980741281736,1.9987883916895655,0.0,-0.0,0.0,0.0,0.0,0.0
5662,-0.22676815928405442,0.5446397129788589,-2.007461295480206,0.571959321337703,0.1811085623399796,1.9983118695633073,0.0,-0.0,0.0,0.0,0.0,0.0
5663,-0.26496113227515,-0.1991171307712154,-1.8634160045170431,-0.6085404381029424,-0.0031014883343768707,2.0023732253068633,0.0,-0.0,0.0,0.0,0.0,0.0
5664,-0.5241053873110045,-0.5720905469314226,-0.8435839475896038,-0.07404642666952849,0.4003445813255035,2.000400391624046,0.0,-0.0,0.0,0.0,0.0,0.0
5665,-0.13932393912398292,-0.12803386296935856,0.2681063606748012,0.17324163868794873,-0.17770833213271525,1.9979117661948715,-3.5944916281502516e-15,3.342725721408216e-15,0.0,-8.318763058082741e-05,-7.702968411183964e-05,0.00012015882939089663
5666,-0.2641466820761859,0.5542059683082526,-0.43154401368430284,-0.38983820437327676,0.8852116986128925,1.9991137310870917,0.0,-0.0,0.0,0.0,0.0,0.0
5667,0.5926555262503829,-0.2539098008817237,-0.45726555079211106,-0.6312241862955053,0.727603803697976,1.9994395501377817,0.0,-0.0,0.0,0.0,0.0,0.0
5668,0.332313901161361,0.766946175626124,0.21519538069517893,-0.2968692508870966,0.7048281634257959,2.003770599359011,7.090339222439702e-15,-2.5816662616915527e-14,-0.0,0.00016423391127421766,0.0005945847320230891,-7.261240739121839e-05
5669,0.2640890845724273,0.9229138547122386,-1.2579184943381074,-0.045880039558906544,0.4693728280490288,1.996954337523353,0.0,-0.0,0.0,0.0,0.0,0.0
5670,0.6465439463921856,0.49290481289194193,-0.4653874446930082,-0.46857807518262984,0.5521899273582055,2.0010293755123882,0.0,-0.0,0.0,0.0,0.0,0.0
5671,0.9716183495247039,0.1474316441982662,-3.179493391118405,-0.705115905910105,0.12085267314823264,2.000539514989091,0.0,-0.0,0.0,0.0,0.0,0.0
5672,-0.1222500964963701,0.8276389845507713,-0.8636888185623703,0.5428854074479295,0.2585273527534105,1.9996498942394367,0.0,-0.0,0.0,0.0,0.0,0.0
5673,-0.6023469509194501,-0.20294212098056072,-0.8341627332782553,-0.540537857825619,0.4904227012349175,1.9996298932117997,0.0,-0.0,0.0,0.0,0.0,0.0
5674,-0.5736051683841995,0.6412380827238949,-3.8564280574047847,0.10778628420823912,-0.7728375901224945,2.0006599993988283,0.0,-0.0,0.0,0.0,0.0,0.0
5675,-0.6254995338731382,0.3987798079395293,0.3450373973400645,0.6007068669337478,-0.7529669709440071,2.0019442326844294,-1.428259177713131e-14,-8.390906594390963e-15,4.0466327670393476e-294,-0.00032866989030845453,0.00019521674525228624,-0.0002776063116608844
5676,0.20518260260361149,0.21209101850733172,-0.9806768578104693,0.3763396045884216,0.5503808976171627,2.000640446121421,0.0,-0.0,0.0,0.0,0.0,0.0
5677,-0.610232813338572,-0.5120681832687322,-0.5053269329871996,0.8688455334379751,-0.4212128798698844,1.9998050547980901,0.0,-0.0,0.0,0.0,0.0,0.0
5678,-0.36937946797570237,-0.9254470185978401,-1.4772563307107016,-0.3027624611719737,-0.4213604499923076,1.9997499743396896,0.0,-0.0,0.0,0.0,0.0,0.0
5679,-0.5111123314973931,-0.5178759713369768,-1.1565466119803611,-0.35894134178246345,-0.46470848147296046,1.9978560323585755,0.0,-0.0,0.0,0.0,0.0,0.0
5680,-0.8600952964769695,0.3258822363912515,-2.4213066633720715,0.7784028517682217,0.5190854300986331,1.9971970085687296,0.0,-0.0,0.0,0.0,0.0,0.0
5681,0.713208264002984,0.10873381241771475,-1.0325725266371855,0.2196633408673368,-0.7075278998868912,2.00082085016874,0.0,-0.0,0.0,0.0,0.0,0.0
5682,0.5298730820638693,-0.20564400558117965,-4.317430820113318,-0.9376850852433952,-0.09419389926077901,2.0027478259844855,0.0,-0.0,0.0,0.0,0.0,0.0
5683,-0.3549336173670492,0.1874596303114379,-3.806115530763144,-0.3454975309483678,-0.37650221046748883,2.0010876522627026,0.0,-0.0,0.0,0.0,0.0,0.0
5684,-0.28958254956465324,0.40498105177811683,-0.36115759004267545,-0.8708426094236368,-0.4152971187212315,1.9980979435213897,0.0,-0.0,0.0,0.0,0.0,0.0
5685,0.406338761471646,-0.19039685353089011,-3.057983093250536,-0.3882336863087451,-0.6257138617048709,1.9989337868466257,0.0,-0.0,0.0,0.0,0.0,0.0
5686,-0.26429689850021865,0.8408901089480986,-0.8289160277507623,0.4073856534440366,0.5763271513071319,2.0053207122870647,0.0,-0.0,0.0,0.0,0.0,0.0
5687,-0.1117921066889856,0.09324673435536965,-0.2503663867982621,-0.8049188057434358,-0.5079536665115361,2.001220732852592,0.0,-0.0,0.0,0.0,0.0,0.0
5688,0.11672017155995974,-0.6357932589580011,-2.5310718230620655,0.22390986590315362,-0.6262912536904582,2.0000129982115284,0.0,-0.0,0.0,0.0,0.0,0.0
5689,-0.011789381111112019,-0.8217090157936592,-0.928739395864374,-0.365967903361993,-0.6484159879044971,1.9966068828054258,0.0,-0.0,0.0,0.0,0.0,0.0
5690,0.6424875223304656,0.7443164128595074,-1.059921049469104,-0.5882461557551248,-0.4767079442176197,1.9951403658657196,0.0,-0.0,0.0,0.0,0.0,0.0
5691,0.3997795028369566,0.10117048763975534,-3.0479308566709435,0.4687500719632301,-0.8087055400196983,2.0002527082020265,0.0,-0.0,0.0,0.0,0.0,0.0
5692,0.40058924975585947,-0.4272538482196659,-4.3701174408237,0.19307399851005497,0.4138545812117074,1.9981838278778754,0.0,-0.0,0.0,0.0,0.0,0.0
5693,-0.3527599852294069,-0.4713599081226791,-4.222379622395783,-0.8287644616592252,-0.45840858617556823,2.0019817613705166,0.0,-0.0,0.0,0.0,0.0,0.0
5694,0.28660084758829324,-0.6532156870962776,-4.153685859289735,-0.8869446731492887,0.03205050017035481,2.0028196135057352,0.0,-0.0,0.0,0.0,0.0,0.0
5695,0.31255614584323704,-0.8463295856045931,-2.4618563119439143,-0.925834268130415,0.05803931118010802,1.9977568729751327,0.0,-0.0,0.0,0.0,0.0,0.0
5696,-0.030183902485218086,0.6285666726415202,-2.591565593109687,0.02750742756604743,0.8935993831828494,1.9967675052106995,0.0,-0.0,0.0,0.0,0.0,0.0
5697,0.8448795741546135,0.16013543096869942,-2.453824483403765,-0.4588799300142535,-0.4359814223608465,2.000258527948732,0.0,-0.0,0.0,0.0,0.0,0.0
5698,0.14275126571596666,0.5213472509554157,-1.3918478260549387,-0.03465784915747751,-0.823481688048093,1.9987559933166825,0.0,-0.0,0.0,0.0,0.0,0.0
5699,-0.530007031485973,0.24603019648023874,-0.9275696208207324,-0.512131847210675,-0.7967830902052203,2.0003042409866043,0.0,-0.0,0.0,0.0,0.0,0.0
5700,0.4966564250966102,-0.6071280589511778,-4.18789310116133,0.7041517512953452,0.4643565517270641,1.9962643344126711,0.0,-0.0,0.0,0.0,0.0,0.0
5701,-0.4979647952159392,0.25263534639385954,-0.031924008560687146,-0.17321009717786173,-0.7898833846552735,2.0010104024949547,0.0,-0.0,0.0,0.0,0.0,0.0
5702,-0.05016007468483484,-0.9154634469736781,-1.2868894902228458,0.06344460457340043,0.27124886227760314,2.002843463922187,0.0,-0.0,0.0,0.0,0.0,0.0
5703,-0.5218737726154786,0.6666841401691044,-0.4881460173934909,-0.4608141630536581,-0.1230117685175218,1.9971140314966986,0.0,-0.0,0.0,0.0,0.0,0.0
5704,0.24128849755653092,0.04811989402322871,-4.257805077981309,-0.6945610478568973,0.2052123580568079,1.9998645279012779,0.0,-0.0,0.0,0.0,0.0,0.0
5705,0.34061458064736083,0.060440090119565366,-0.08267389177265795,-0.27794993908112375,0.525914815367012,1.9999286658695055,0.0,-0.0,0.0,0.0,0.0,0.0
5706,0.3068644039324192,-0.6837956063191102,-4.308147473118121,-0.2819810059784872,-0.2775712510167201,1.9991713045053328,0.0,-0.0,0.0,0.0,0.0,0.0
5707,0.4276667556109128,-0.7171970443710853,-1.9942891806688863,-0.21498398132088495,-0.6035363922969289,2.0060819901331857,0.0,-0.0,0.0,0.0,0.0,0.0
5708,0.24116756219685598,0.5617900290818522,-0.06885076066583373,-0.4427348320650566,0.7594917790549053,2.0045201948873417,0.0,-0.0,0.0,0.0,0.0,0.0
5709,0.14487542244589277,-0.7066204125600495,-0.9669837272789704,0.6076776880054369,0.519213939736433,1.9988636774418915,0.0,-0.0,0.0,0.0,0.0,0.0
5710,-0.37251334023445903,-0.30738887950486316,-4.407700833892879,0.5226430111640376,-0.21687259215420293,1.9973671630031509,0.0,-0.0,0.0,0.0,0.0,0.0
5711,0.08080377930357033,-0.19922036274460142,-3.3872243901590786,0.8191802623632165,-0.2946594857588592,2.0026124438332538,0.0,-0.0,0.0,0.0,0.0,0.0
5712,-0.5320279085304013,0.3450674166806188,-3.5047849261777735,-0.662317476073097,-0.18367366347561975,1.9998587846522258,0.0,-0.0,0.0,0.0,0.0,0.0
5713,0.1320579245673511,-0.526215163284767,-2.1779523736695663,0.5956627671669479,0.7140326594541014,1.9991686997951865,0.0,-0.0,0.0,0.0,0.0,0.0
5714,-0.044101153787625795,0.00562793225440179,-3.614714692912864,-0.598390197147217,-0.002539059146499737,2.000048936748036,0.0,-0.0,0.0,0.0,0.0,0.0
5715,-0.6223233483750995,0.37512300937588255,-1.1061929738395437,-0.25712743210476047,0.4235071914947781,2.0002270623599374,0.0,-0.0,0.0,0.0,0.0,0.0
5716,0.10583443471232715,-0.6245059879150265,-0.6265699366013661,0.3883782684501889,0.5662029558937969,2.0000285370947366,0.0,-0.0,0.0,0.0,0.0,0.0
5717,0.4031924547423196,0.028578627272619235,-4.457764039627732,-0.021079983685676873,-0.21831031711238155,1.9987148634266185,0.0,-0.0,0.0,0.0,0.0,0.0
5718,-0.738525956859931,-0.10686591768663208,-1.5318048913897258,-0.020467489755243838,0.30630639919315944,2.002150261649716,0.0,-0.0,0.0,0.0,0.0,0.0
5719,0.19442323201422743,0.5968584878306696,-3.3114103192384614,0.30433171464670894,-0.15946258781560352,1.9974389686876073,0.0,-0.0,0.0,0.0,0.0,0.0
5720,0.048771306657154005,0.9638396773456084,-2.1535088982309993,0.506563161028667,-0.006426947905235969,1.9993026675490995,0.0,-0.0,0.0,0.0,0.0,0.0
5721,0.7195259433218593,0.28923419437027037,-2.092767284579612,-0.22540541013875232,0.5327218808403835,2.000136141161097,0.0,-0.0,0.0,0.0,0.0,0.0
5722,0.2223379528962748,-0.27061787370151497,-1.7625956817253745,0.9403793630778977,-0.03402656024233831,2.002914301068047,0.0,-0.0,0.0,0.0,0.0,0.0
5723,0.755783961532446,-0.0005996889727989723,-3.7132882668059817,-0.720307662476148,-0.25092504470900473,2.0010055856730036,0.0,-0.0,0.0,0.0,0.0,0.0
5724,-0.531723590890434,-0.3865574302521245,-2.1184525174311277,0.3095143166742667,0.3495180791667464,1.9981317675204955,0.0,-0.0,0.0,0.0,0.0,0.0
5725,0.029308656892128533,-0.4288244729297296,-3.3687736458891493,-0.013605072682959216,0.2655088388444872,1.999675615583201,0.0,-0.0,0.0,0.0,0.0,0.0
5726,0.020801767706789685,-0.35801166936843626,-2.7855194503075444,0.5854213241729843,0.3413814244934288,2.0027033301712245,0.0,-0.0,0.0,0.0,0.0,0.0
5727,-0.2082085874948037,-0.006459197055026527,-3.171515734239572,-0.35091864527165617,-0.5060898950249368,1.998985311711153,0.0,-0.0,0.0,0.0,0.0,0.0
5728,0.1546284270554574,-0.8697426640968123,0.3597236713025648,-0.3258651138389113,0.47224876147834327,2.0007642987179537,-6.168133204463725e-16,2.128827559221396e-14,1.5782464288479776e-285,-9.871087052382207e-06,-0.000489449283233076,0.0002349863947994074
5729,-0.36171691110021653,0.8694620558004631,-4.258767565272283,0.3841027891335459,-0.10554282800548866,1.9986440601940472,0.0,-0.0,0.0,0.0,0.0,0.0
5730,0.06955890637455228,-0.067863015557345,-2.111089267658809,0.8068159372559732,-0.37187858603894525,1.9990426483080688,0.0,-0.0,0.0,0.0,0.0,0.0
5731,-0.7469846801735688,-0.3267648399598142,-0.37554026327340795,-0.2876645027614058,-0.22478904883679235,2.0000734700809413,0.0,-0.0,0.0,0.0,0.0,0.0
5732,-0.47915085903374627,0.035007137340483344,-0.3201880780771473,0.21129313979455633,-0.43550305732862454,2.0009539814725055,0.0,-0.0,0.0,0.0,0.0,0.0
5733,-0.7420645674441096,0.07300306835327014,-2.4701355546206116,-0.45111396463407827,0.5335201498073392,2.000360653095328,0.0,-0.0,0.0,0.0,0.0,0.0
5734,0.37211844292511953,-0.07629401970957676,-0.4870898816255325,-0.30897182321171734,0.80775078003632,1.9978371967949535,0.0,-0.0,0.0,0.0,0.0,0.0
5735,-0.7975511746897676,0.04272296406871529,-1.4206665162669914,-0.5744976377750715,0.16705051746130287,2.002052551251258,0.0,-0.0,0.0,0.0,0.0,0.0
5736,0.29414937741137026,-0.35450030931008075,-3.1753524014593193,-0.7226046295005654,-0.530323934392482,2.00067747663499,0.0,-0.0,0.0,0.0,0.0,0.0
5737,0.3563958160427717,-0.15078733627262284,-1.051868131574984,0.8499553456535702,-0.09869661423282852,2.00260513874064,0.0,-0.0,0.0,0.0,0.0,0.0
5738,0.7613528489213698,-0.16397566936966337,0.4774049358809998,-0.7167111038665454,0.35492248616869304,2.0047767402976184,1.737710360151474e-14,4.448596999575402e-15,4.3087164968761596e-218,0.0003977842679608066,-0.0001024776856146274,0.0004656543462796523
5739,-0.4236132326075768,-0.432641281685687,-1.6054422917295734,-0.46891520759847977,-0.5348059053495572,2.001500881574906,0.0,-0.0,0.0,0.0,0.0,0.0
5740,-0.07733888433596092,0.6252533336297991,-2.739263560984522,0.2145433242784371,0.723280196920293,1.998936320076401,0.0,-0.0,0.0,0.0,0.0,0.0
5741,-0.12088167084389248,0.6811707341258704,-0.5907825348314596,0.3934369204949693,0.8925649009094577,2.0015055463307,0.0,-0.0,0.0,0.0,0.0,0.0
5742,0.7548814329568381,0.28575845067956424,-1.3328265339619725,-0.6791972868270828,0.43428273763773617,2.0026699758678843,0.0,-0.0,0.0,0.0,0.0,0.0
5743,-0.12947556147508585,-0.889486492757092,-0.04347949208223351,-0.4874453382263724,-0.6103931575109705,2.000184321253717,0.0,-0.0,0.0,0.0,0.0,0.0
5744,0.011972081910073998,0.5409583213203601,-2.534258806572386,-0.6323839043573445,0.04799768804096456,2.0014115799139733,0.0,-0.0,0.0,0.0,0.0,0.0
5745,0.7402419886561763,-0.47291576861772855,0.3369671395394708,0.7804417374925314,0.05795780386775264,1.9990330009573447,1.3520038250603767e-14,8.550786326942963e-15,5.221802231885292e-299,0.00031015991232424285,-0.0001950773829610749,2.9455900735740045e-05
5746,-0.041318271409930524,0.8544886131537126,-0.983286564328301,0.21254119614471376,0.5103839318738318,2.0008164820589904,0.0,-0.0,0.0,0.0,0.0,0.0
5747,-0.4281909089434215,-0.7369773872593277,-1.87006952466141,0.680145485040223,-0.17014359401992263,2.003877736794371,0.0,-0.0,0.0,0.0,0.0,0.0
5748,-0.24353488097918882,0.8073254032983691,-0.30521183719620143,0.036262965085307575,0.5891466272223924,1.9966142645889426,0.0,-0.0,0.0,0.0,0.0,0.0
5749,0.21254235150403586,-0.1635536829391245,-2.629541475853141,-0.6156526663227482,0.33882059821250404,1.9999035229414546,0.0,-0.0,0.0,0.0,0.0,0.0
5750,0.17461024401053868,-0.49685618865334774,-1.117796643684135,-0.26224381339887837,0.5933882838352248,2.0019459029848456,0.0,-0.0,0.0,0.0,0.0,0.0
5751,-0.31364651603709104,-0.5341638486921861,-3.811625432648578,-0.09533404273434315,0.44745018906335915,1.9981046766301902,0.0,-0.0,0.0,0.0,0.0,0.0
5752,-0.04453964641354042,-0.0860412420355095,-3.0785525081776832,-0.011835758928763705,-0.5087980036455524,1.9978247662983997,0.0,-0.0,0.0,0.0,0.0,0.0
5753,-0.16864124033589442,0.21690217381864924,-1.8750233826039222,0.12154095126839004,0.3445540480701345,1.9988552854251198,0.0,-0.0,0.0,0.0,0.0,0.0
5754,-0.10462767803480849,-0.046776993768769703,-1.0792914584697684,-0.6667592465317378,0.39335531892674314,1.9997884499968215,0.0,-0.0,0.0,0.0,0.0,0.0
5755,-0.40215450815016535,-0.14520096220992196,-3.1573282563953513,-0.5691924765816655,0.46394362839014985,1.998548240273801,0.0,-0.0,0.0,0.0,0.0,0.0
5756,0.5320354240911648,-0.8091733895968319,-2.560375687455424,-0.5833105056376731,-0.3897572595996499,1.9985703602465592,0.0,-0.0,0.0,0.0,0.0,0.0
5757,-0.3991468673893489,-0.7352629900774899,-0.4556190281258205,0.665797945526315,-0.41488753918794224,1.9989320943262385,0.0,-0.0,0.0,0.0,0.0,0.0
5758,0.005115112840053926,0.8283516360132709,-0.9115948879036112,0.14511013704188774,0.29219496717240023,2.001523736387838,0.0,-0.0,0.0,0.0,0.0,0.0
5759,-0.04299045010892118,0.7972981321304937,-0.32337239977111454,-0.8903010001480787,-0.12103442726073761,1.9969086405147793,0.0,-0.0,0.0,0.0,0.0,0.0
5760,0.1942105759275113,0.2955960194037022,-0.7393436763315151,0.8162353099795819,0.1343583120619659,1.9993487547581414,0.0,-0.0,0.0,0.0,0.0,0.0
5761,0.30649773247546735,0.8392378671837376,-0.26752405255634276,0.498500579301187,-0.13219274457478977,1.99763973472514,0.0,-0.0,0.0,0.0,0.0,0.0
5762,0.08833366793812807,0.9702923310115643,-3.9438341173243883,0.3200448323244536,0.4683848959648149,2.0000047456279932,0.0,-0.0,0.0,0.0,0.0,0.0
5763,-0.03729283138965504,0.784523852195417,-0.3078848423887768,0.7607312813263353,0.1251762844952889,1.9983534072918125,0.0,-0.0,0.0,0.0,0.0,0.0
5764,-0.6263022388196336,0.5500247428777829,-3.2280452625857943,0.7966755523248221,0.12164124828740375,2.0002668628867255,0.0,-0.0,0.0,0.0,0.0,0.0
5765,0.652959755861163,-0.05526781084307439,-2.298937949764268,-0.00980587145105427,-0.48209952441464804,2.000800143231836,0.0,-0.0,0.0,0.0,0.0,0.0
5766,0.579430678764884,-0.7866005127673572,-1.9888292132969108,-0.6768250824376537,0.3379160001772996,2.001187871497572,0.0,-0.0,0.0,0.0,0.0,0.0
5767,0.4773731977719524,0.18854445942944847,-1.4964105942380435,0.016248558832469576,-0.8409943779659236,2.001573987929361,0.0,-0.0,0.0,0.0,0.0,0.0
5768,0.5035530376477657,0.4409983406674013,-4.2266909980652185,0.7714545582449909,0.4968640809905248,2.0000736038342257,0.0,-0.0,0.0,0.0,0.0,0.0
5769,-0.23285441509233956,0.3517158089235315,-2.2268887170511777,-0.4376550088114329,0.46724477597613256,2.0023858628720994,0.0,-0.0,0.0,0.0,0.0,0.0
5770,0.23127703699466112,0.5732154312591939,-2.9328989110413204,-0.6546544311574378,-0.3431037423367826,2.0049186328109667,0.0,-0.0,0.0,0.0,0.0,0.0
5771,-0.41883104456237824,-0.6608914602987354,-0.05627276989475349,0.6927546065785374,-0.018358581545848362,1.999297070482436,0.0,-0.0,0.0,0.0,0.0,0.0
5772,-0.6884615209803716,-0.05205883153098508,-3.765881284066057,0.07906533352641101,0.49672363866429714,1.9973575548029197,0.0,-0.0,0.0,0.0,0.0,0.0
5773,0.0008061127890069296,0.5265977747857227,0.4978976813106226,0.27280228461562833,-0.4977328907271131,2.002480582491819,1.7560227248655154e-15,-1.2139869329033753e-14,1.2051935166743408e-207,4.0381940257421535e-05,0.0002780142451022464,0.0005862664403820902
5774,-0.3604150359396209,-0.14855460274526885,-1.6227440862358355,-0.37999952334367215,0.040221274952347834,2.0007703929399003,0.0,-0.0,0.0,0.0,0.0,0.0
5775,-0.10572582847568836,-0.5100433149837222,-3.4603088084841596,-0.1789625838438025,-0.05062595095678839,1.9990692267339134,0.0,-0.0,0.0,0.0,0.0,0.0
5776,0.04530048455772412,-0.05871555933232076,-3.5093505883761846,0.7084853211342681,-0.09957531008764378,1.998935153375681,0.0,-0.0,0.0,0.0,0.0,0.0
5777,-0.4239307510439482,-0.15502421629002636,-3.716873476639096,0.2429486468541818,-0.550261426693101,2.000754422324875,0.0,-0.0,0.0,0.0,0.0,0.0
5778,0.04459261649268442,-0.363892233136594,-3.9609411359463165,0.4471656560831181,-0.18392521357108416,2.000139686574367,0.0,-0.0,0.0,0.0,0.0,0.0
5779,-0.7742784281131603,0.5624046760086541,-2.107796305311138,-0.11039694684413688,-0.1253704091789862,2.0032300481144545,0.0,-0.0,0.0,0.0,0.0,0.0
5780,-0.7683525066057918,0.16400426104411459,-2.74424255992928,-0.7013373049339399,0.15260986207405286,1.9982820672552468,0.0,-0.0,0.0,0.0,0.0,0.0
5781,0.5589934345004355,-0.02311054228104818,-4.394057086707457,-0.38174963319545524,0.11699568348249398,1.9997683254219372,0.0,-0.0,0.0,0.0,0.0,0.0
5782,-0.20919761549465993,-0.19678869763019002,-1.9424264291294344,-0.33275700397601016,-0.8597784231478663,1.9987452654861437,0.0,-0.0,0.0,0.0,0.0,0.0
5783,0.8166708211773747,-0.13675793023711041,-2.4327965189270984,-0.17783776630775366,0.015022969440901413,1.9965097825041265,0.0,-0.0,0.0,0.0,0.0,0.0
5784,0.06633341576940152,-0.8834098671908563,-4.458362145712212,-0.014434052311699707,0.06847725977545203,2.0016600434403786,0.0,-0.0,0.0,0.0,0.0,0.0
5785,-0.05897621136266501,0.825084220910847,-2.1786643658766383,0.3436501279582327,0.8229046673590837,1.9969368722691447,0.0,-0.0,0.0,0.0,0.0,0.0
5786,0.6247715036449424,0.03753367982275248,-3.088796119560827,0.5706238540369388,0.44228060723765844,1.9984345923017373,0.0,-0.0,0.0,0.0,0.0,0.0
5787,-0.7358146824802287,-0.0532809457336106,-4.059111600787816,-0.18372824880404812,-0.03534766829890689,2.002114200646566,0.0,-0.0,0.0,0.0,0.0,0.0
5788,0.4923360771438943,0.3257399417312007,-3.4850340363088397,-0.8863006073105998,-0.3836263537786645,2.001463984243622,0.0,-0.0,0.0,0.0,0.0,0.0
5789,0.14435454847984608,0.5923596000068656,0.22148532265543563,-0.4597495651744079,-0.3880915397423918,2.0002668250795477,6.191864068707248e-15,-1.889416029665123e-14,-0.0,0.0001422295066274482,0.0004333179975789899,-6.727295947576407e-05
5790,-0.3823664775410279,-0.36103963407173245,-0.7489720626414298,-0.7297859562759345,0.07559061050613182,1.9971799280682365,0.0,-0.0,0.0,0.0,0.0,0.0
5791,0.7186429459557053,0.15298622886481836,-0.3407022084234886,-0.9073923920026942,-0.2014624666462417,1.9989418841186393,0.0,-0.0,0.0,0.0,0.0,0.0
5792,-0.8683727445248227,-0.06669893625395039,-2.508875479004519,0.19187167084206103,0.5521159178732717,1.9988735483434854,0.0,-0.0,0.0,0.0,0.0,0.0
5793,-0.616006237235655,0.16269213067201427,-3.006002912149257,-0.4487459536133779,0.10069779023601642,1.9978089671362718,0.0,-0.0,0.0,0.0,0.0,0.0
5794,-0.5049301020099063,-0.09039934178927275,-3.6375812378619146,-0.8033458815385143,0.20501031627903624,1.9996423471523028,0.0,-0.0,0.0,0.0,0.0,0.0
5795,0.40763841321605476,-0.23771807969139522,-0.8119120361028456,0.4621197382747311,0.02881964041148666,2.001708644182097,0.0,-0.0,0.0,0.0,0.0,0.0
5796,0.15423300971243492,0.09562547007042006,-0.5727562564814217,0.05403536016037388,-0.7673042593326636,2.0032431351652797,0.0,-0.0,0.0,0.0,0.0,0.0
5797,-0.3519100145935548,-0.8203329683314807,-3.1207829868178463,0.14314132914623637,-0.19924485437856232,2.000816899864844,0.0,-0.0,0.0,0.0,0.0,0.0
5798,-0.003521687826407991,0.34161864159226785,-3.134325667561264,0.09000541849526907,-0.04375572487821042,1.9990222871161574,0.0,-0.0,0.0,0.0,0.0,0.0
5799,0.9728764250748825,-0.28232902754912226,0.08708783167345842,0.8013522205523915,-0.04692646010037443,1.9979148430153484,2.5081681757692657e-14,6.855236991635782e-15,-0.0,0.0005734223716658984,-0.00015953206272732796,-0.0001880892240003759
5800,0.8680356447543526,-0.1368801384724255,-2.5808944329522667,0.012786388111957125,0.1685775839959536,1.9959228903511408,0.0,-0.0,0.0,0.0,0.0,0.0
5801,-0.9096772000400848,0.022157812646573592,-1.8666315980286332,0.3187256092973551,0.00314290893201637,2.001690017364024,0.0,-0.0,0.0,0.0,0.0,0.0
5802,-0.4115141730103822,0.48451923042093353,-1.5594919259446964,0.9389606747222544,0.13340224082417426,1.997585775618916,0.0,-0.0,0.0,0.0,0.0,0.0
5803,-0.7091080594007401,0.6896843170069085,-2.0555507096676626,-0.43048593690629944,0.5975769858746245,2.003836752109739,0.0,-0.0,0.0,0.0,0.0,0.0
5804,0.03817290571295907,0.6262797762954809,-4.405853746804755,-0.9148467037222396,0.28957911030940836,2.0024348643645578,0.0,-0.0,0.0,0.0,0.0,0.0
5805,0.08058909976787094,-0.6241459891005576,-0.9283312714164197,0.7668071100048146,0.15439174311805665,1.9982720307641093,0.0,-0.0,0.0,0.0,0.0,0.0
5806,-0.41260234870777107,0.5281549397133263,-3.4695106032484957,-0.061103758726157587,0.2639324071884851,1.9980848646180656,0.0,-0.0,0.0,0.0,0.0,0.0
5807,-0.21114287807801554,0.7859657445694122,-3.536185458615616,-0.3136252212582021,0.5847848836406686,2.000518278036847,0.0,-0.0,0.0,0.0,0.0,0.0
5808,-0.28253089175456375,0.6787522778261449,-1.5843347287508436,-0.36185027109396173,0.6696833191080774,2.000790642916256,0.0,-0.0,0.0,0.0,0.0,0.0
5809,-0.4217884320323824,0.6418204276195896,-4.091550285309752,-0.04244319441938966,0.34418159599329307,1.9978273724046394,0.0,-0.0,0.0,0.0,0.0,0.0
5810,-0.9750604428539419,-0.012805727429055972,-1.4799277682625498,-0.09940205534288887,0.5867096594255655,1.9975193079811473,0.0,-0.0,0.0,0.0,0.0,0.0
5811,-0.6242801154372051,-0.5446970958375483,-4.278000579161508,-0.2115764881671756,-0.7769475371072238,2.001278834793379,0.0,-0.0,0.0,0.0,0.0,0.0
5812,0.47784270634879344,0.41876211298416405,-3.1098267590396587,0.5723895044989931,0.5044949087933793,2.0012747538592963,0.0,-0.0,0.0,0.0,0.0,0.0
5813,0.6712359667395723,0.07528234937541263,-0.062389906222248895,-0.587608937249208,0.17125275851998512,1.998710928867692,0.0,-0.0,0.0,0.0,0.0,0.0
5814,0.36914628560464674,-0.697839300637045,-3.0015670003289285,0.165894915132776,-0.23500301127284576,1.9987759724714655,0.0,-0.0,0.0,0.0,0.0,0.0
5815,-0.6761162419045957,-0.148533222800519,-1.1346100806871942,0.3473646914775934,0.4809880966686213,1.9994285045511575,0.0,-0.0,0.0,0.0,0.0,0.0
5816,-0.037559832437133955,0.25014098212352753,-0.046182169240534456,-0.45721174883601634,0.1191299956603569,1.9972952892494646,0.0,-0.0,0.0,0.0,0.0,0.0
5817,-0.25317706215390867,0.7327951192018133,-2.7541577355275035,-0.632007228958234,0.35804396752865286,1.9972944422863217,0.0,-0.0,0.0,0.0,0.0,0.0
5818,-0.2476024195986552,-0.16764212021433414,-4.0347120462108546,0.2835094594177137,-0.6130627756996975,1.998738625943518,0.0,-0.0,0.0,0.0,0.0,0.0
5819,0.7276304717802733,0.6161408906782515,-4.415129866321065,0.6068242263518348,0.2220512127580627,1.999994068975959,0.0,-0.0,0.0,0.0,0.0,0.0
5820,-0.8659547571531937,0.44254726169561875,-2.5787199494687627,-0.18967770495759043,-0.019374506976413863,1.9990946170817452,0.0,-0.0,0.0,0.0,0.0,0.0
5821,0.8210969503685922,0.2239924365447494,-4.159396248504433,0.37671512835136783,-0.32261323914695295,1.997627240458724,0.0,-0.0,0.0,0.0,0.0,0.0
5822,0.5316616121086178,-0.5351921138856887,-2.3692557052514958,-0.06518131744335288,-0.8993498351687955,1.9980505843230267,0.0,-0.0,0.0,0.0,0.0,0.0
5823,0.44212789343308406,-0.17832697052893878,-0.5731272912684283,0.7135468789208541,0.36789421138915596,2.0007701632713877,0.0,-0.0,0.0,0.0,0.0,0.0
5824,0.1981480851661357,-0.9528779476712016,-1.974590540283576,-0.7443410160055978,-0.5261804299828534,2.004350753608794,0.0,-0.0,0.0,0.0,0.0,0.0
5825,0.8429193336932186,0.41159624622327257,0.2937897510654307,-0.6548764634213814,0.6718354198383133,2.0039962986732958,2.6586018898758103e-14,-9.359905486195412e-15,0.0,0.0006068985658598618,0.00021546415197211272,8.856856226703687e-05
5826,-0.5351935070829683,-0.5402054883792542,-2.27323457082443,0.34255308991795014,0.25770608767117636,1.997505189341936,0.0,-0.0,0.0,0.0,0.0,0.0
5827,0.3067224187412851,0.5973988138329269,-1.13222840838668,0.7545889486705049,-0.22100794830572668,2.0012339239237966,0.0,-0.0,0.0,0.0,0.0,0.0
5828,0.12363355301872464,-0.1476748211641655,-4.154751957976845,0.9567740761959201,-0.10241923455057933,2.001043019581991,0.0,-0.0,0.0,0.0,0.0,0.0
5829,0.5635512721227861,-0.2900689319716424,-2.256188023275103,-0.3859196508480931,-0.46147497934821274,1.9987212738418145,0.0,-0.0,0.0,0.0,0.0,0.0
5830,-0.8768465496118542,-0.4105684431823537,-3.2543340950069015,-0.5512414569180633,0.12131931746686196,1.9963135926231008,0.0,-0.0,0.0,0.0,0.0,0.0
5831,-0.6678030770408295,0.5730899639184787,-3.819229510535651,-0.09062524909575143,0.35927552388050327,2.0016577199168797,0.0,-0.0,0.0,0.0,0.0,0.0
5832,0.4737166792889582,-0.436161091012889,-1.393890359910475,-0.4390648113801666,-0.25207345712618,2.0006848865699154,0.0,-0.0,0.0,0.0,0.0,0.0
5833,0.8956419562637953,-0.011754511494002794,-4.408897000410317,-0.035020383513110515,-0.8596355367852964,1.99600759602026,0.0,-0.0,0.0,0.0,0.0,0.0
5834,0.3547433171012723,-0.6485540839099787,-1.8376635688442324,-0.587859388460775,0.8008882819008587,2.001683447775267,0.0,-0.0,0.0,0.0,0.0,0.0
5835,0.6083469395086347,0.38710048496328753,-4.486519005919304,0.2532854446338531,0.42462447647098744,2.0029325671050873,0.0,-0.0,0.0,0.0,0.0,0.0
5836,-0.1431805720763412,0.8283241623788834,-1.4365010669704383,0.36524432962819914,-0.8436028255741002,1.99713413746124,0.0,-0.0,0.0,0.0,0.0,0.0
5837,0.7022199503253477,-0.4004414219245003,-3.0435663921669796,-0.4320476790638158,0.7652596391739869,2.000080564627376,0.0,-0.0,0.0,0.0,0.0,0.0
5838,0.6061422021154709,-0.18566103053784208,-2.625731320456501,0.9021286374723975,-0.26613945788732174,2.0004599998714196,0.0,-0.0,0.0,0.0,0.0,0.0
5839,0.3285196207904389,-0.3295256252889215,-2.7382497550730087,-0.13142652867141563,0.218261316072633,1.9976741453436386,0.0,-0.0,0.0,0.0,0.0,0.0
5840,0.04873776894054197,-0.9984009434877738,-0.9683865585036626,-0.14246474855511584,0.24812033598688052,1.9980414954871089,0.0,-0.0,0.0,0.0,0.0,0.0
5841,-0.007595532150036943,-0.7985621538701003,-1.426702367217922,-0.5248604753794545,-0.29138576500765234,2.0014107921843474,0.0,-0.0,0.0,0.0,0.0,0.0
5842,0.6740202112029225,-0.27491667270593,0.1367015635064989,-0.6325456027652514,0.7552334544489337,2.001078527861738,1.3769691649879151e-14,1.041463131811321e-14,-0.0,0.0003156945729054562,-0.00024731104574485794,-0.00026990794360742733
5843,-0.7884106660713907,0.6073303291200253,-0.5739502496404778,-0.26938634588972815,0.312390922386353,2.001015491213911,0.0,-0.0,0.0,0.0,0.0,0.0
5844,0.5511594346637754,0.2942816974081245,-3.263762619919607,-0.27786728721921433,0.2858567743319304,1.9997789635359609,0.0,-0.0,0.0,0.0,0.0,0.0
5845,0.5575209162871285,-0.4830568004224303,0.15190808266710873,0.8518991951349324,0.12465127428032513,1.9990636824123666,1.3553269144480618e-14,2.388045848809941e-15,-0.0,0.0003180000917720176,-5.0295864326652065e-05,-0.00018077093787616954
5846,-0.4044668222780801,0.05745807634142469,-0.5759811005044619,0.2587656751459668,-0.17209393941457296,2.001817808886564,0.0,-0.0,0.0,0.0,0.0,0.0
5847,0.1861127979651904,0.8755815093060201,-2.3771342292077606,0.2323900070047258,0.43102044179587007,1.999954884554948,0.0,-0.0,0.0,0.0,0.0,0.0
5848,-0.3488625623923217,0.140637965525737,-3.5867099974884242,-0.7224393987000054,0.6167178600414965,2.0002889317067263,0.0,-0.0,0.0,0.0,0.0,0.0
5849,-0.6504430566092892,-0.4029840708736278,-0.8878449148421499,-0.10400941036408523,-0.7194840470816743,2.0011126840573956,0.0,-0.0,0.0,0.0,0.0,0.0
5850,0.7870479397956706,-0.3068308672152609,-1.5001913824674342,-0.23434843691567206,-0.23030101760686722,1.9977490739800257,0.0,-0.0,0.0,0.0,0.0,0.0
5851,0.7502380312986934,0.17327065153297425,-1.714898296303755,0.15744583073283466,-0.004550032096477613,1.9970890512502193,0.0,-0.0,0.0,0.0,0.0,0.0
5852,0.32421548496003383,-0.7910557890966408,-2.6218082528360562,-0.3808284189760504,-0.21173074460724906,1.9969664892910246,0.0,-0.0,0.0,0.0,0.0,0.0
5853,0.6775774752646114,-0.007929695210155092,-1.9927385743825594,-0.7658263147095034,0.27942306931556415,2.002114359079577,0.0,-0.0,0.0,0.0,0.0,0.0
5854,0.47028932213886987,-0.6985659357328448,-1.1990188650292208,0.7253543680521123,0.14879900399416363,2.0001671064750837,0.0,-0.0,0.0,0.0,0.0,0.0
5855,-0.013110968301573859,-0.7582458010561354,-2.2278529391210053,-0.2774850799329991,0.40139689398124745,2.000086698040979,0.0,-0.0,0.0,0.0,0.0,0.0
5856,0.10152670481155295,0.8589992528611389,-0.19011885809462012,0.016535004200849107,0.45299593315091835,2.0012754849628953,0.0,-0.0,0.0,0.0,0.0,0.0
5857,0.6997083932158987,0.6293718670675187,-1.6735237790057456,-0.69155677594215,-0.3953258187361922,2.002329845291168,0.0,-0.0,0.0,0.0,0.0,0.0
5858,-0.8232111580385951,0.14825880563756644,-0.8192899027993832,-0.7655693620428742,-0.3898581356562163,2.0011059422106294,0.0,-0.0,0.0,0.0,0.0,0.0
5859,-0.06351796792942677,-0.11455629984993698,-4.104441354935848,0.2819047139894166,0.5265786069045163,1.9991834603106144,0.0,-0.0,0.0,0.0,0.0,0.0
5860,-0.5838133620845447,0.01843781101028987,-2.9478266690254973,0.35025957892742876,0.09859229897484757,1.9992042487807833,0.0,-0.0,0.0,0.0,0.0,0.0
5861,0.043304949876924924,-0.5907299584907968,-3.857738851789043,0.3472666601074141,-0.1420917291355932,1.998996649511782,0.0,-0.0,0.0,0.0,0.0,0.0
5862,0.004190356200179832,0.6334535909079826,-1.2750359410039025,-0.47046754178744066,-0.5567556430826783,1.9997968828055057,0.0,-0.0,0.0,0.0,0.0,0.0
5863,-0.6787056534060525,0.13581990261448676,-0.6551216776494624,-0.13291279060330888,-0.2955085220107374,1.9995627377910665,0.0,-0.0,0.0,0.0,0.0,0.0
5864,-0.3246847609920779,0.8453892110703086,-0.14173487219715608,-0.3182711573215021,0.008717449205360541,1.9997432840089258,0.0,-0.0,0.0,0.0,0.0,0.0
5865,0.03374741581470095,-0.6455571991041016,-3.4652806573542887,0.24363507149302507,-0.4549010353808775,2.001991598727412,0.0,-0.0,0.0,0.0,0.0,0.0
5866,-0.9737512252136501,0.011306131856629332,-3.687424626362332,-0.42718346170743593,0.7388840659918757,2.0032503276408167,0.0,-0.0,0.0,0.0,0.0,0.0
5867,-0.8230610368723772,-0.25298310798875506,-0.5890841971211036,-0.21061042564675206,0.15879057338520286,1.996049414586897,0.0,-0.0,0.0,0.0,0.0,0.0
5868,-0.5008543757677402,0.5846644707737145,-0.2496897254022945,0.601934939344843,-0.04899852563390832,2.0009160490803097,0.0,-0.0,0.0,0.0,0.0,0.0
5869,-0.8500320523398233,-0.09803624330101765,0.1190032637915539,0.21911209691628977,0.26275691539449647,1.998813863710581,-2.1686554878726957e-14,3.4500146257922843e-15,-0.0,-0.0004980965031675542,-7.948723824321481e-05,-0.00029329990152587003
5870,-0.650692595740495,-0.44996371094395965,-2.919324246746691,-0.7607481507199486,0.13834300548064657,2.001196265847627,0.0,-0.0,0.0,0.0,0.0,0.0
5871,-0.9025114555332953,0.2725868169399065,-2.7620964979951643,-0.3250064589421228,-0.8296816675361659,2.0008969859225263,0.0,-0.0,0.0,0.0,0.0,0.0
5872,-0.6208419786377904,0.6056036357301615,-2.4256653105412047,0.5505671309362958,0.8130645411270869,2.001260465265083,0.0,-0.0,0.0,0.0,0.0,0.0
5873,-0.021095891443370773,0.742646480522381,-3.6868215760247978,-0.9531317257742105,0.1918699692419788,2.001208154058773,0.0,-0.0,0.0,0.0,0.0,0.0
5874,0.06334451844014928,-0.14747591257652423,-0.13999571834875868,0.5795962228254955,-0.2626893369349251,2.0018141761168917,0.0,-0.0,0.0,0.0,0.0,0.0
5875,0.0037676338182810387,0.7033977433238681,-3.8432566972218507,-0.6400572335251826,-0.5396528748697464,1.9979714326148434,0.0,-0.0,0.0,0.0,0.0,0.0
5876,0.492736190292642,-0.3015654923736272,-3.7279615487846827,-0.8062747927364474,-0.5803716621535291,1.9963830671655338,0.0,-0.0,0.0,0.0,0.0,0.0
5877,-0.5897459237117096,-0.7024194520040893,-3.8719898501991503,-0.48293875054286256,0.16132908004468668,2.000935381463128,0.0,-0.0,0.0,0.0,0.0,0.0
5878,0.09334780253898659,0.4287759282074399,-1.585114577421954,0.02839769067347208,0.21934709215805331,2.001801531295837,0.0,-0.0,0.0,0.0,0.0,0.0
5879,-0.3996033193759701,0.3447988792574366,-0.9140101284623718,0.9492806359918818,-0.22174018942059706,2.002016743113491,0.0,-0.0,0.0,0.0,0.0,0.0
5880,-0.7668273624717324,0.4720335807632219,-1.9822197596699431,-0.40969828216589865,0.36516302926637373,2.001130608511841,0.0,-0.0,0.0,0.0,0.0,0.0
5881,-0.25190007532040665,-0.7566095662395,-2.4333758316015883,0.7390229534179258,0.3922520596123206,2.0007358761100837,0.0,-0.0,0.0,0.0,0.0,0.0
5882,0.11697667067904438,-0.4043418692810149,-0.9538690947556342,-0.8139660315034878,0.45565780501395564,1.9987694208203286,0.0,-0.0,0.0,0.0,0.0,0.0
5883,0.03688963189978431,-0.06128767937701019,-2.9578202906189652,-0.3768667425341609,0.02431673928503137,1.9957937410178905,0.0,-0.0,0.0,0.0,0.0,0.0
5884,0.2986575224548549,-0.07758999101636,-2.01605563813764,-0.19830076673250166,0.025094537581184222,1.9995507080112223,0.0,-0.0,0.0,0.0,0.0,0.0
5885,0.6053695335033229,-0.314753636958913,-2.363923233510944,-0.1519850625865584,0.009922769826706104,1.9995058893844604,0.0,-0.0,0.0,0.0,0.0,0.0
5886,0.8258274815999731,0.2550358077466444,-3.0673351573550804,0.8134274669712742,-0.30793306811554344,2.000679498361381,0.0,-0.0,0.0,0.0,0.0,0.0
5887,0.26833835684026913,0.4801138362602079,-3.212708189862258,0.46181759307252723,0.3386421544385908,1.9976194368312015,0.0,-0.0,0.0,0.0,0.0,0.0
5888,-0.7173924390029911,-0.2070708513450116,-2.2368466964054017,-0.26396737545869686,0.36876047635718434,2.0006926225737507,0.0,-0.0,0.0,0.0,0.0,0.0
5889,-0.27786977407518726,-0.5743073422268232,-3.885970199834937,-0.8340191779676023,-0.18966072882580526,2.0034312108767898,0.0,-0.0,0.0,0.0,0.0,0.0
5890,-0.6669177893838781,-0.6456294611378716,-1.938388357530182,-0.31871415208267184,-0.14175738883627434,2.001756074956115,0.0,-0.0,0.0,0.0,0.0,0.0
5891,0.9390643497681613,0.3004042197218191,-0.3188694528774762,0.9479395468482256,-0.11763384059721918,1.999559232468694,0.0,-0.0,0.0,0.0,0.0,0.0
5892,-0.3627364291638549,0.06858449830370232,-0.12260122396111825,0.3825745605588451,0.6094873099424851,2.001622459986989,0.0,-0.0,0.0,0.0,0.0,0.0
5893,-0.14330603447272672,0.33192806152941856,-4.430178330165777,-0.4310018438443649,-0.5134949072013161,1.998246690101906,0.0,-0.0,0.0,0.0,0.0,0.0
5894,-0.14774832763069057,0.6773460896331523,-2.569850246937149,0.5778910126073986,-0.27813581688412636,2.0024745053409423,0.0,-0.0,0.0,0.0,0.0,0.0
5895,-0.022512320559069095,0.9982063916365761,-4.39006768786407,-0.4027263502385801,0.2142242533233623,2.0022961836526503,0.0,-0.0,0.0,0.0,0.0,0.0
5896,0.5352648175372966,-0.22401602966863926,-3.8135408685030843,-0.7195689098618281,0.5448189760286036,2.001118596105037,0.0,-0.0,0.0,0.0,0.0,0.0
5897,0.9475099727096697,-0.24759194710161847,-3.7852844821990255,-0.20317634489037892,-0.8561957902133712,1.9995771439546857,0.0,-0.0,0.0,0.0,0.0,0.0
5898,0.6049139706612584,0.37603273628926226,-0.6849628738994586,-0.359551750653067,0.7645164760605669,1.9995508107042061,0.0,-0.0,0.0,0.0,0.0,0.0
5899,-0.8654742726857164,0.6049001402818293,0.49151238098984856,-0.639935706533081,-0.05336483923927429,2.0015073989877337,-1.5094302764370003e-14,-1.4007606322513319e-14,8.480915487685139e-210,-0.00034628426529464235,0.0003215416996180451,0.0002750576129749024
5900,-0.20058225880904276,-0.5050553126093005,-4.2802234227265785,0.5409523706414777,-0.6405715660754578,1.9983909762943304,0.0,-0.0,0.0,0.0,0.0,0.0
5901,0.012811109973406766,0.08841106870567994,-0.8089310321800695,0.7378700838310895,0.2609529753722498,2.0035023397443408,0.0,-0.0,0.0,0.0,0.0,0.0
5902,0.13058847192087097,0.6527747161793659,-4.002035428767372,-0.16574635147536007,-0.8429219161902749,2.0019019379231966,0.0,-0.0,0.0,0.0,0.0,0.0
5903,0.34891813732161503,0.90812326772664,-4.302603808107118,0.20737745462752408,-0.10241167261948882,2.0006850614468417,0.0,-0.0,0.0,0.0,0.0,0.0
5904,-0.39089227742541766,-0.2186333794075549,-4.1349452186005395,0.3266909432444622,-0.28665453752945613,2.0008094814888353,0.0,-0.0,0.0,0.0,0.0,0.0
5905,0.21829958084576515,0.6160202266131923,-3.210556968462437,-0.48485583600446835,0.5526496005715894,1.997018563453663,0.0,-0.0,0.0,0.0,0.0,0.0
5906,-0.3466303477291924,0.16613073374523218,-3.1143899159454524,0.46801996835664794,-0.4126550052545411,2.00084789639,0.0,-0.0,0.0,0.0,0.0,0.0
5907,-0.35848853597885644,0.6178872850094507,-1.9975474892916485,0.7366888385751627,0.6750620998053469,2.0017114353837977,0.0,-0.0,0.0,0.0,0.0,0.0
5908,0.08264637441560824,0.23000715857838136,-3.1465995827737308,-0.05874008983585182,0.41623779011733575,1.9993876559037664,0.0,-0.0,0.0,0.0,0.0,0.0
5909,0.43205811779145414,-0.7217466328186256,-4.41294677938909,0.14692205501447833,0.8654716505276142,2.0012614769622625,0.0,-0.0,0.0,0.0,0.0,0.0
5910,-0.13127805945485457,0.5734243581604032,-2.866142585133446,-0.6070649364500731,-0.27075070059736805,1.997013464826052,0.0,-0.0,0.0,0.0,0.0,0.0
5911,0.6166296278970105,0.3209690818339192,-2.032922374073063,-0.7925639293244156,0.4375909143207815,1.9993652374067903,0.0,-0.0,0.0,0.0,0.0,0.0
5912,0.4249196643066951,0.09643933300602436,-3.1426744610659543,-0.42949732690469394,-0.48540728079898804,1.999268163862352,0.0,-0.0,0.0,0.0,0.0,0.0
5913,-0.8091762156538234,-0.32256919088658625,-3.8431379812075397,0.257443363816215,-0.11191470441857566,2.0002522637337306,0.0,-0.0,0.0,0.0,0.0,0.0
5914,-0.4308733199362284,0.8326420306449532,-2.5117515192384263,-0.017383377531429555,0.3150431219445003,2.000010701589047,0.0,-0.0,0.0,0.0,0.0,0.0
5915,-0.046690452184618265,0.5163048514292955,-0.1957394561218859,-0.1394084545948005,0.23134967961151975,2.0036639289547598,0.0,-0.0,0.0,0.0,0.0,0.0
5916,0.35947424624537744,0.7231501652945675,-0.9350649030709941,-0.04871614486521189,0.09602710157105952,1.996215300843405,0.0,-0.0,0.0,0.0,0.0,0.0
5917,-0.7730283209776491,-0.42363966575017364,-0.6344746255384642,0.2733922061340754,0.5452561907508285,2.0001191119240023,0.0,-0.0,0.0,0.0,0.0,0.0
5918,0.3237466771129332,-0.10956852923408943,-1.4430566567655623,-0.7246665694834767,-0.48313685155718655,2.0000350934743825,0.0,-0.0,0.0,0.0,0.0,0.0
5919,0.09364116614343773,-0.1975376975180357,-1.1318752489593231,-0.9648995600913997,-0.14430785314558295,1.9989298715935857,0.0,-0.0,0.0,0.0,0.0,0.0
5920,0.18855017991717296,0.9412548078689437,-1.9665123313345,0.06941110225128849,0.1416673110605638,1.9948064684522555,0.0,-0.0,0.0,0.0,0.0,0.0
5921,-0.5521515463781275,-0.14234214398256118,-4.143239471705483,0.7920221869057145,-0.08906667249008926,1.9982448220078948,0.0,-0.0,0.0,0.0,0.0,0.0
5922,0.6422077534556276,-0.21317746067431248,-4.210005663858883,0.4659485486139623,0.6006857818767617,2.000083330573799,0.0,-0.0,0.0,0.0,0.0,0.0
5923,0.3811855633673882,0.09253743424782757,-1.6270545506875125,0.2668708164557838,-0.04515094725549125,2.000956933711389,0.0,-0.0,0.0,0.0,0.0,0.0
5924,-0.2898248637161751,0.7578707228572096,-1.792461535019714,-0.0006166307480851452,-0.4174735372932352,2.0021184928730573,0.0,-0.0,0.0,0.0,0.0,0.0
5925,0.2676968408636999,1.0416870076403664,0.3477854245487254,-0.379062368205983,0.7183234474460948,2.003193850434454,6.6380626209732334e-15,-2.0659573936122062e-14,2.133780850909221e-292,0.00015231755842414299,0.00047350053018715803,6.192680197378937e-05
5926,-0.3254361254756798,0.21855634289748901,0.1329549804679501,-0.6161595160021802,0.5567773228704306,1.9990726063328805,-6.1806456884413244e-15,-4.0348917218886e-15,-0.0,-0.000141876651828331,9.300706413914556e-05,-0.00033335033827322524
5927,0.46932387820509797,0.5355845458680945,-4.290912478406493,-0.7341019722458645,-0.06802953807069187,2.003036398017723,0.0,-0.0,0.0,0.0,0.0,0.0
5928,-0.6017149625097654,-0.5765451886919977,-2.551067542021488,-0.21345202035565464,-0.03426852989369405,1.9996852650914676,0.0,-0.0,0.0,0.0,0.0,0.0
5929,0.903880512323277,0.07356155954613727,-3.444084321865033,-0.6036090032057527,-0.23043225950410187,2.000404006534225,0.0,-0.0,0.0,0.0,0.0,0.0
5930,-0.1603425920459937,-0.7534370913111057,-0.7356665134403024,0.0185780930055806,0.930709949360399,1.9988679306993213,0.0,-0.0,0.0,0.0,0.0,0.0
5931,0.3484395906678045,0.778613632248797,-1.648682758159689,0.05473432025351551,-0.9730962851414081,2.002947690857661,0.0,-0.0,0.0,0.0,0.0,0.0
5932,0.5111756083147336,-0.6402177562267669,-2.5729771947890607,0.2319127432424405,-0.6580477125076962,2.00061893748504,0.0,-0.0,0.0,0.0,0.0,0.0
5933,-0.57441815454454,0.03401281928067455,-1.4267476375587584,-0.009680837339398358,0.4214226815375244,1.997708768416416,0.0,-0.0,0.0,0.0,0.0,0.0
5934,-0.823254626249799,-0.1915670161520881,0.26241654740069287,-0.22551510371631017,0.9667883032920667,2.0036105680079968,-2.4160695518403313e-14,2.6825002625866134e-15,-0.0,-0.0005502643031397651,-5.901806293733647e-05,-0.00019228816742448054
5935,0.3230919649824204,0.28496138943563537,-2.902837842320055,0.6768298268724238,-0.5405274918180827,1.999732271589655,0.0,-0.0,0.0,0.0,0.0,0.0
5936,0.3572539032984895,-0.15097166884101396,-4.215047682580378,-0.1452366161133296,0.6820038629937754,2.000718947969687,0.0,-0.0,0.0,0.0,0.0,0.0
5937,0.1584062990268221,0.5500059354048107,-2.456852409796584,-0.026148934031278007,-0.6894942609591399,1.9991522450530526,0.0,-0.0,0.0,0.0,0.0,0.0
5938,-0.4926927369874772,0.556399991603974,-2.4709739162326767,-0.004949158720895913,-0.4912399740784415,2.0011838783032663,0.0,-0.0,0.0,0.0,0.0,0.0
5939,-0.3206988123629255,-0.8969948442199499,-3.9112030158000928,-0.4428226964725565,-0.6479146298378949,1.9994143507296906,0.0,-0.0,0.0,0.0,0.0,0.0
5940,0.08701162292766697,-0.31593559849892927,-1.0576598095760137,0.8591170460861929,-0.4055829319552347,2.0016251298741734,0.0,-0.0,0.0,0.0,0.0,0.0
5941,-0.2676259381899765,-0.890294791061843,-1.6146355727838622,0.8168350314538579,-0.05448583372194984,2.0026997605876,0.0,-0.0,0.0,0.0,0.0,0.0
5942,0.17176996844591583,-0.7477618157231741,-1.4705249545663222,0.15628708660299645,-0.8182739242293863,2.000469706170866,0.0,-0.0,0.0,0.0,0.0,0.0
5943,0.5230869143896136,0.7023670968001045,-2.5619919336009502,-0.4366590773620879,0.6408037955493006,2.0003839598405238,0.0,-0.0,0.0,0.0,0.0,0.0
5944,0.22117371442948847,0.6022748941889335,-3.1868929609901535,-0.8930786153610452,-0.018560446866117134,2.0012368383440733,0.0,-0.0,0.0,0.0,0.0,0.0
5945,0.5148141617695441,-0.6579863591366025,-0.25289137447927673,0.7686551432490519,-0.5209222743103278,2.001274513644521,0.0,-0.0,0.0,0.0,0.0,0.0
5946,0.2452588164123234,0.3627781321397791,-0.016997145821019036,-0.7093845293762164,0.5877279279237663,1.999223322322652,0.0,-0.0,0.0,0.0,0.0,0.0
5947,0.0008932794966433735,-0.22363881789787773,-2.2069131614561357,0.8879583020588708,0.05446294516711526,1.9983398199396891,0.0,-0.0,0.0,0.0,0.0,0.0
5948,0.6302902399216322,-0.23054492534441356,-2.457230675621988,-0.3466864837879334,0.4994204747020178,2.0000010307095955,0.0,-0.0,0.0,0.0,0.0,0.0
5949,0.23034362091604468,-0.5639949849286552,-1.283667723907878,0.30173803344008343,0.18083081668237969,2.0028147681321435,0.0,-0.0,0.0,0.0,0.0,0.0
5950,-0.09693814329195814,-0.8840231491199946,-4.385663541516887,-0.092128269843811,-0.616508616986578,2.0015999812266783,0.0,-0.0,0.0,0.0,0.0,0.0
5951,0.4262792258159153,-0.11497610646239285,-3.8006434564587295,0.4080841600370522,0.2874718461276727,1.9984604277370872,0.0,-0.0,0.0,0.0,0.0,0.0
5952,-0.6270312656131183,-0.3526868318794574,-2.9154974915952043,0.3358077960580405,0.4246696097400236,2.0009872374439777,0.0,-0.0,0.0,0.0,0.0,0.0
5953,-0.7895522147993176,-0.46927297805134904,-2.5272497623198875,-0.8624039584221402,0.35600870945298035,2.003799962098218,0.0,-0.0,0.0,0.0,0.0,0.0
5954,-0.21972032975528472,0.34572533686918083,-3.35752902543375,0.25890662743197634,0.8127011205714738,1.9944923515115367,0.0,-0.0,0.0,0.0,0.0,0.0
5955,-0.4389326813293228,-0.7070056483310962,-0.019263281399130548,-0.20248323410811242,-0.7317116443323943,2.003105524355426,0.0,-0.0,0.0,0.0,0.0,0.0
5956,0.18275052294749697,0.6484291268753888,-4.31690382233241,-0.46034984036949245,0.6690329095087366,1.9998660913233937,0.0,-0.0,0.0,0.0,0.0,0.0
5957,-0.1520869899899934,0.21506704829064835,-0.905551549855114,0.5370678967027386,0.6844931061095527,2.001027844410605,0.0,-0.0,0.0,0.0,0.0,0.0
5958,-0.846499222215512,0.23803162102151582,-1.897203929854213,0.8333692114961841,-0.19213568236482592,2.003166785447788,0.0,-0.0,0.0,0.0,0.0,0.0
5959,0.3075739081968428,-0.7065009909894163,-3.5403869652546027,0.90924503707044,0.05206536805824603,2.0021351265642435,0.0,-0.0,0.0,0.0,0.0,0.0
5960,0.39810525845021033,0.0664186921280421,-0.33337984788171415,0.9283117707668527,0.30727442391172544,1.9999100271919177,0.0,-0.0,0.0,0.0,0.0,0.0
5961,0.8922713019312202,0.3978022740802303,-1.5238457384917332,0.05868640591922768,0.577970739746205,1.9969245655573458,0.0,-0.0,0.0,0.0,0.0,0.0
5962,0.799293829736832,-0.3911778991559621,-1.606901403151828,-0.47676397798173276,0.07312893792039678,1.9984973815214673,0.0,-0.0,0.0,0.0,0.0,0.0
5963,-0.34998436258770077,0.6312199021642882,-2.9234576218004182,-0.10309235656641155,0.8530210944252362,2.000756005516223,0.0,-0.0,0.0,0.0,0.0,0.0
5964,0.45244875677937935,0.012559837350595685,-0.04729372028235615,0.7077595325374709,0.019592348538269282,1.998568200010814,0.0,-0.0,0.0,0.0,0.0,0.0
5965,-0.5205755953572244,0.6042740108378305,0.13506462286041593,0.25756615469992317,0.26984745455674597,2.000598564391034,-1.0030420374403197e-14,-1.7571326151917456e-14,-0.0,-0.00023010918279190378,0.000403059253879072,-0.0004120840627085488
5966,0.9113612291105856,0.060001252796248024,-2.908503529366021,-0.4506781972295658,-0.3004577500246818,2.004162796249138,0.0,-0.0,0.0,0.0,0.0,0.0
5967,0.6971199931017465,0.2872082120015908,-1.2754537177859822,0.9031368488530384,0.2573394321262062,1.9996202430274588,0.0,-0.0,0.0,0.0,0.0,0.0
5968,0.4353148832150413,0.3395807891579473,-2.9890289203275793,-0.06511089433766996,-0.5658481112039402,2.002918031370381,0.0,-0.0,0.0,0.0,0.0,0.0
5969,-0.10464457696847651,0.5827860203590978,-0.2494674864587952,-0.09029477601779566,-0.16329529043245505,2.004275573871333,0.0,-0.0,0.0,0.0,0.0,0.0
5970,-0.10184995583227675,-0.6443411426975456,-0.10927226953501254,-0.7056087031396135,0.4084331697631695,2.00108384086008,0.0,-0.0,0.0,0.0,0.0,0.0
5971,-0.6179155008354756,-0.2344077794926457,-0.693830617600738,0.0707951999330714,-0.30322645561095557,1.9989757873622207,0.0,-0.0,0.0,0.0,0.0,0.0
5972,0.435814361693454,-0.7572927898126666,-2.6026067595335225,0.6455135797425371,-0.11745078517202927,1.997778711749986,0.0,-0.0,0.0,0.0,0.0,0.0
5973,0.23936644115688654,0.15418115303233157,-0.7747156617438199,-0.561985673115557,-0.6283819021848419,1.997052513484284,0.0,-0.0,0.0,0.0,0.0,0.0
5974,-0.16416491115261092,-0.6590287150732471,-2.9756031977400905,0.8437176866883378,0.2173841117429759,1.9991606991810833,0.0,-0.0,0.0,0.0,0.0,0.0
5975,0.39103132114900024,-0.4085582946705956,0.12485819486778654,0.7205394978787665,0.4791727953912617,1.9997643950420492,7.555902735948378e-15,1.1679639757130645e-14,-0.0,0.00017793179808458213,-0.00026852913880651326,-0.00026496385769311006
5976,0.6852262645051761,0.03449125005144551,-1.9343113246548704,-0.978781264580597,0.045694898154155214,2.0006671974316443,0.0,-0.0,0.0,0.0,0.0,0.0
5977,-0.6337949884127915,-0.446680921333374,-4.362590697953476,0.13828430917744908,0.1411258280373586,1.999072148443737,0.0,-0.0,0.0,0.0,0.0,0.0
5978,0.6866450554371277,0.14074552286637354,-4.270685074452089,0.37695985302467755,-0.7705257032179985,1.998153063492419,0.0,-0.0,0.0,0.0,0.0,0.0
5979,0.12438399366210358,0.6103320598897168,0.4197525048991341,-0.24357898879746798,0.8428754853155418,1.9978154476313257,1.941246084085212e-14,-1.6190169816732538e-14,1.267635448737649e-251,0.0004395284732156196,0.00036617490272149503,0.0005481727635474548
5980,0.4040011361047445,0.375965870105309,-1.1603745382267796,0.4675738045444155,0.6843826604803013,1.9977417373917015,0.0,-0.0,0.0,0.0,0.0,0.0
5981,-0.33544068938772753,-0.5985252774392966,-3.87962699608406,0.19172441988609548,0.5819992801062591,1.9940343425457707,0.0,-0.0,0.0,0.0,0.0,0.0
5982,0.7591202149830432,0.6311493073324655,0.4425293556393063,0.5608301131536407,-0.12180165538463594,2.001649535902889,1.5294507183521522e-14,-1.17232729601166e-14,-7.022964489905306e-238,0.0003509936312674563,0.00026873917614587067,0.00021125451120148354
5983,-0.29550032702340645,0.4080870299213042,-3.831816389154165,-0.0015840369487491739,-0.2415406602596849,2.0041831215971446,0.0,-0.0,0.0,0.0,0.0,0.0
5984,0.4948753218073562,0.46312701740554024,-2.0672284973785047,0.7565411831817389,-0.6273134760146635,1.997893447057334,0.0,-0.0,0.0,0.0,0.0,0.0
5985,-0.2377625237132825,-0.15821493385049584,-3.4449721242556537,0.4565386888223422,0.7995260349607421,2.000515543736013,0.0,-0.0,0.0,0.0,0.0,0.0
5986,-0.618112392223402,0.004503282784617688,-2.0228587390214265,0.7398739588405226,-0.021429769068415965,1.9979511160066097,0.0,-0.0,0.0,0.0,0.0,0.0
5987,0.8299523919010353,0.007579875293244951,-1.1618081129982583,-0.8255345668977269,0.10994701335504455,1.9989583823727062,0.0,-0.0,0.0,0.0,0.0,0.0
5988,-0.4738930583329729,0.23564372904612138,-2.6076489874483526,0.9321636741367739,-0.18176028556416177,1.9997917083157914,0.0,-0.0,0.0,0.0,0.0,0.0
5989,0.5321520998382995,-0.3764527988441929,-1.6075259592269358,0.855292753386267,-0.326447925401961,2.001646351068645,0.0,-0.0,0.0,0.0,0.0,0.0
5990,0.5225290354288873,-0.09958770381019413,-4.1331992272879665,-0.7508854488760295,-0.32657246920250566,1.999380016884209,0.0,-0.0,0.0,0.0,0.0,0.0
5991,0.697088276419385,-0.3740581076288375,-2.1169943199021013,-0.9017502222570827,0.1470969808982902,1.9981337257045677,0.0,-0.0,0.0,0.0,0.0,0.0
5992,0.7684211857275014,-0.17091443335722964,-2.9241504976271364,0.4401051224087106,0.5407245642165297,1.9981008494442472,0.0,-0.0,0.0,0.0,0.0,0.0
5993,-0.8703399199116424,0.451872021347052,-2.404936575596025,-0.5055995244895841,-0.30874641146141735,1.9984023373980362,0.0,-0.0,0.0,0.0,0.0,0.0
5994,0.3725379898569161,-0.27907623822549116,-0.5676112073843298,-0.04969519636357374,0.8134650072849449,1.9966960775642575,0.0,-0.0,0.0,0.0,0.0,0.0
5995,0.056622864668470274,-0.3839081712672707,-3.8234707701925292,-0.011187576622252468,-0.9250880922937686,2.000701774277929,0.0,-0.0,0.0,0.0,0.0,0.0
5996,0.2888615907670918,-0.6921473328960376,0.38218849315643594,0.3790620913740711,-0.5816475860615107,2.0013211905306587,9.32126012107297e-15,1.1611294688942557e-14,-1.0688591986182807e-272,0.00021454179570998415,-0.0002657743683017534,0.00026191200529405474
5997,-0.46392844071787576,-0.12271205728196025,-2.610121870849872,0.6843691976179512,-0.007652541082994373,2.001027103365585,0.0,-0.0,0.0,0.0,0.0,0.0
5998,-0.30281073660309793,-0.6944903234901364,-0.1886667297496991,0.5949587612428499,0.06923632019462073,2.000035738245433,0.0,-0.0,0.0,0.0,0.0,0.0
5999,0.27303176503105137,-0.1692626505009031,-0.2932231170229676,-0.38549038740826724,0.3224838844988933,1.999453447302456,0.0,-0.0,0.0,0.0,0.0,0.0
6000,0.3592121920115668,0.5515482667291108,-2.4668615868223975,-0.7598766616449266,0.1176606160262181,2.00165242611783,0.0,-0.0,0.0,0.0,0.0,0.0
6001,-0.9203078526538876,0.1534562084073754,-2.4702382651334283,0.651662002933932,-0.23621070230208985,1.9997764291520244,0.0,-0.0,0.0,0.0,0.0,0.0
6002,0.6451831692025509,0.4341067324873337,-4.0168915159342475,0.23249382556157083,0.7074258210419692,1.9976225465318747,0.0,-0.0,0.0,0.0,0.0,0.0
6003,-0.5306010568516855,0.6121921997909091,-4.386012611864992,-0.6042314959873316,0.6337318781614619,2.00072875749147,0.0,-0.0,0.0,0.0,0.0,0.0
6004,-0.8562974894174933,-0.19150764696716502,-2.1731224755074,-0.21551550128070412,0.16824147933410583,1.9992965456634866,0.0,-0.0,0.0,0.0,0.0,0.0
6005,-0.3333603446777689,-0.42485694932367735,-3.933837055219634,-0.3258500086627465,0.44445371450828913,1.9939802447027437,0.0,-0.0,0.0,0.0,0.0,0.0
6006,-0.8664875422847496,0.25731977563379627,-0.5568159230257884,0.05934709177452073,-0.5164584330522836,1.995659025680456,0.0,-0.0,0.0,0.0,0.0,0.0
6007,0.3149884116783322,-0.4063348482841809,-3.3763736701463336,-0.12979028018267455,0.06852175732182988,1.998932469702176,0.0,-0.0,0.0,0.0,0.0,0.0
6008,0.542466211470199,-0.4339180112514134,-3.5597613729652475,0.01769391636349839,0.381246625880965,2.0012905358611426,0.0,-0.0,0.0,0.0,0.0,0.0
6009,0.45057509156539366,0.12356389447695869,-0.6030171971780697,-0.20503057326303786,0.6315143675096997,1.9994479182548879,0.0,-0.0,0.0,0.0,0.0,0.0
6010,0.7577666955944299,0.20661138545343247,-3.111330111883143,0.06340292523621001,-0.37142463640156687,2.0016663252904827,0.0,-0.0,0.0,0.0,0.0,0.0
6011,0.41216762964551573,0.3751273888501898,-1.262682201694704,0.5349158381304202,-0.3666105402221153,2.000288473026851,0.0,-0.0,0.0,0.0,0.0,0.0
6012,0.596535833200333,0.1470345401099205,-0.3281441317029445,-0.6377752588006147,0.7355924748416621,2.003000525954698,0.0,-0.0,0.0,0.0,0.0,0.0
6013,0.7612108640805094,0.005884985069746458,-1.0674785206371924,0.2554779083250413,-0.6535232530413032,1.9995874570754772,0.0,-0.0,0.0,0.0,0.0,0.0
6014,0.3063733157967203,0.4305012967194834,-3.8951420650433333,-0.23439073856509574,-0.09544614052802383,2.000473202414343,0.0,-0.0,0.0,0.0,0.0,0.0
6015,0.904115410191607,-0.32338155080112063,-2.685370982559098,0.7807418525468651,-0.590946138565289,1.9971377582150867,0.0,-0.0,0.0,0.0,0.0,0.0
6016,-0.1993168304736921,0.9400039406536581,-3.236927649222967,0.6544860794048402,0.26759845272486443,2.000490601106387,0.0,-0.0,0.0,0.0,0.0,0.0
6017,-0.7769718771248612,0.41047550609547817,-3.1592636410456874,-0.4105392170000006,0.677087400364142,2.0013374641452577,0.0,-0.0,0.0,0.0,0.0,0.0
6018,-0.09910620990286455,-0.07168665518026739,-0.312905772860144,0.3689206088114156,0.7272937952664954,2.001659613186175,0.0,-0.0,0.0,0.0,0.0,0.0
6019,-0.5461191476991526,0.32182512906645566,0.20390287498068813,0.20881064364161286,-0.7709916600298711,1.99915094220486,-1.5779474939322088e-14,-4.0458419342906625e-15,-0.0,-0.00036337947724268145,9.364056513713248e-05,-0.00020808046594999807
6020,-0.3183423602155255,-0.24054475215884072,-4.0359858152141035,-0.7142943096625777,-0.6435574618494943,2.002400889782143,0.0,-0.0,0.0,0.0,0.0,0.0
6021,-0.41937984709510684,0.585890946040726,-2.750049285370806,0.2151222416800728,-0.8600212715376596,2.00005263859952,0.0,-0.0,0.0,0.0,0.0,0.0
6022,-0.46959796440193874,-0.8619850392653898,-4.03581389878441,-0.6852984698007707,0.011771443867826902,1.9994154331805594,0.0,-0.0,0.0,0.0,0.0,0.0
6023,-0.011796939405359884,-0.47323821645129144,-1.6964940952203844,-0.5173746562973665,-0.3952655645269275,1.9996871623210926,0.0,-0.0,0.0,0.0,0.0,0.0
6024,0.37104226271217217,0.5692959956131923,-0.02672163342605868,-0.7019129663121558,-0.17985991460095455,2.0025020172905807,0.0,-0.0,0.0,0.0,0.0,0.0
6025,0.8524346198655856,-0.39851157530668624,-1.12804262358505,0.3241022287510586,0.26045395475512473,2.0022923768582612,0.0,-0.0,0.0,0.0,0.0,0.0
6026,-0.5356457925146226,0.6083376486594276,-3.6631725244784286,0.30353972889786396,-0.5947422419004895,2.002624487704673,0.0,-0.0,0.0,0.0,0.0,0.0
6027,0.15981295645725935,-0.14227153020716876,-2.5428061533992037,0.9027565803170086,-0.4272938201523462,1.9967913378449011,0.0,-0.0,0.0,0.0,0.0,0.0
6028,0.49456906070777756,-0.45416542791786696,-0.8902263996545607,0.5475587003029856,-0.6653617462365096,2.0000740491178184,0.0,-0.0,0.0,0.0,0.0,0.0
6029,0.4418584265928684,0.2273607668750963,-4.40929236914347,0.0959683520234909,0.8655743513830201,2.004127041711329,0.0,-0.0,0.0,0.0,0.0,0.0
6030,0.9149940922084274,-0.04659536479835074,-1.9581175908921484,-0.020061646807336266,0.7867334717482669,1.997617584607705,0.0,-0.0,0.0,0.0,0.0,0.0
6031,0.3974698894342195,0.14773711639066872,-3.6042963879235805,0.4610931445076331,-0.3111009679670446,2.0023516781693376,0.0,-0.0,0.0,0.0,0.0,0.0
6032,0.7060840748948243,0.6614822758896943,-3.2423719139382094,-0.45053587325160255,-0.22943289632191424,2.002285791165357,0.0,-0.0,0.0,0.0,0.0,0.0
6033,-0.04341148764165245,0.8398912633245739,-0.39458817025761694,-0.23348907096336569,0.5775262716696052,1.9994926705456164,0.0,-0.0,0.0,0.0,0.0,0.0
6034,-0.4410532397539794,-0.5407419635741385,-2.9248686339422436,-0.16493474965726723,0.3350286309442717,2.0001096812551005,0.0,-0.0,0.0,0.0,0.0,0.0
6035,0.490895151677485,-0.36032855692104965,-2.7463362713433175,0.6395056183338137,0.3682052837079661,2.0012428188099394,0.0,-0.0,0.0,0.0,0.0,0.0
6036,-0.630360787661225,-0.36925890467420325,-1.9120707283287302,-0.12762348874638244,-0.8446296116066576,1.9983259032127705,0.0,-0.0,0.0,0.0,0.0,0.0
6037,-0.6502362122767192,-0.16376148313590796,-0.7919747393730651,0.13973641025960226,-0.7647079563837959,2.0009736605248243,0.0,-0.0,0.0,0.0,0.0,0.0
6038,0.8926259438365532,-0.16836384621008318,-3.4715206113829153,0.9280649627887376,0.21975219889456502,1.9961472675388754,0.0,-0.0,0.0,0.0,0.0,0.0
6039,-0.8552300967020705,0.13553480743810314,-3.0273275076128394,0.7188305543817831,0.06950961665403085,2.0028679837870955,0.0,-0.0,0.0,0.0,0.0,0.0
6040,-0.7273211775370905,-0.3153682713260723,0.22873059439694843,-0.5764110420445246,-0.6600030760447005,2.000578473769098,-1.0734449397071437e-14,1.8167133253381392e-14,-0.0,-0.0002455659643013645,-0.0004172004026199815,-7.388376899278977e-05
6041,0.26579899861939327,0.9371748393586353,-0.20643046161266565,-0.24879973235437264,0.7874887949531764,2.0023863873752545,0.0,-0.0,0.0,0.0,0.0,0.0
6042,-0.11119473793701734,-0.8385536848104698,-2.653137951935091,0.8022712732858873,-0.2827481928031078,2.0001440487962228,0.0,-0.0,0.0,0.0,0.0,0.0
6043,0.15650121791175495,0.9634581633378363,-0.12920557107174047,-0.06578692306134253,-0.8240122733908849,2.0015198241730006,0.0,-0.0,0.0,0.0,0.0,0.0
6044,0.8465460420592318,0.088205509329764,-2.7244954732696742,0.3110518972171141,-0.8920292161299094,2.000215566760447,0.0,-0.0,0.0,0.0,0.0,0.0
6045,0.25847529929678714,0.5283376516992028,-1.3339440548669343,0.2848777691703266,-0.19449151742916648,1.999523356057272,0.0,-0.0,0.0,0.0,0.0,0.0
6046,-0.38134087362427316,0.22408528167158404,-3.3204106899437504,-0.49382002407573566,-0.01894329514116226,2.0020146517686235,0.0,-0.0,0.0,0.0,0.0,0.0
6047,-0.4715194239157126,-0.6519093139981532,-3.71373446606434,-0.30020591065645424,-0.5517255246605572,1.998132870312104,0.0,-0.0,0.0,0.0,0.0,0.0
6048,0.9847012709065084,-0.046377981899169,-3.202178549269521,0.39514991632934016,-0.8603913268844539,2.0023274445769075,0.0,-0.0,0.0,0.0,0.0,0.0
6049,-0.17156311104775465,0.9779934550060454,0.3494461261404072,-0.5864734094196956,0.34594724940490107,2.0013964366488946,-1.8497335822391682e-15,-1.4826485591414448e-14,4.391491312295253e-291,-3.886919866431004e-05,0.0003398556398096835,-2.3066215136421948e-05
6050,-0.21380502158806203,-0.391448410979885,-2.883209151585961,0.4238698272684936,-0.5689592468174062,1.9988310945689423,0.0,-0.0,0.0,0.0,0.0,0.0
6051,-0.6715885945189789,0.112786084760453,-3.978003534378851,0.02431311443404582,-0.511680605567016,1.9976722500486879,0.0,-0.0,0.0,0.0,0.0,0.0
6052,0.5189996387467297,-0.25055816359086,-4.501413821022214,0.7440500099824188,-0.24130242709828495,1.9992935529983407,0.0,-0.0,0.0,0.0,0.0,0.0
6053,-0.09137844620718905,0.8472043990201856,-1.0402329054876254,-0.5502497814615707,0.6251005588347622,1.9975511484595425,0.0,-0.0,0.0,0.0,0.0,0.0
6054,-0.729290468434963,0.4392163067343353,-1.9848503310815284,0.8242080904154424,-0.03459181091333331,1.9984630168206228,0.0,-0.0,0.0,0.0,0.0,0.0
6055,-0.40003060573914195,0.18390212904276582,-2.1264375381991116,0.46169644840615714,-0.14706755111788103,2.0009942537588965,0.0,-0.0,0.0,0.0,0.0,0.0
6056,-0.06596419151742235,-0.293670254484525,0.46677613414135205,-0.4445821284717646,-0.4010419479337943,2.0030185163319256,5.273372483929852e-15,-8.31011226594271e-15,-2.718680984425378e-225,0.00012026962271057849,0.0001795562527670797,0.0005929908927644656
6057,0.08137342548132159,-0.9234522849614916,-0.7713940943482696,0.6938279505132839,0.23002045533026858,2.000883828873982,0.0,-0.0,0.0,0.0,0.0,0.0
6058,0.857621066638221,0.07663255128426893,-0.03499717369265128,0.9477504595097125,0.31600669438794965,2.0021227496518246,0.0,-0.0,0.0,0.0,0.0,0.0
6059,-0.26950561761719605,-0.6610828970423186,-0.9133387963282215,-0.17666679097796986,0.16520044781055676,2.0034570665143416,0.0,-0.0,0.0,0.0,0.0,0.0
6060,-0.19723293168859055,0.4346444397370656,-3.7655819380744266,0.2151892495482695,0.350084267849518,1.9984612625208078,0.0,-0.0,0.0,0.0,0.0,0.0
6061,-0.48883949804130916,0.0004893435757369868,-0.14128956348120858,-0.6634833821214565,0.41340815809778836,1.999614193546055,0.0,-0.0,0.0,0.0,0.0,0.0
6062,-0.6032335270299907,-0.0027709193049914507,-2.1387272676199687,0.161936314808406,-0.6907080166521592,2.002393067534598,0.0,-0.0,0.0,0.0,0.0,0.0
6063,0.9937520729751741,0.07448790654613065,-1.1987072543852635,0.4329484592242626,0.5526787981437298,1.9970597244473107,0.0,-0.0,0.0,0.0,0.0,0.0
6064,-0.18057387249743143,-0.2912756754140389,-1.4901983768825473,0.5538889724634003,0.2408198605115189,2.000881239572837,0.0,-0.0,0.0,0.0,0.0,0.0
6065,-0.6988893255424572,0.3485779712215733,-1.4870083848444104,0.16214344693804975,-0.8359989008152753,2.002435232809152,0.0,-0.0,0.0,0.0,0.0,0.0
6066,0.3202398408567445,0.5218003447708135,0.24488867991860624,0.7339730958215797,-0.43433936755884656,1.9993103004369368,3.283710579878247e-15,-1.5747750149950998e-14,0.0,7.730817884091217e-05,0.00036301731853152574,0.00020477360234511546
6067,0.1881894372649925,0.14607017661488453,0.1153945694985935,-0.9264024502928633,-0.2590662090295305,1.9979246912988171,5.510847089956225e-15,-7.07084329674896e-16,-0.0,0.0001256452510868027,1.2837725907157366e-05,-0.00028452788758253207
6068,0.5921593520857573,-0.23392916232045038,-1.1474449882864743,-0.9552652522126052,-0.18012009174738763,2.000798149716944,0.0,-0.0,0.0,0.0,0.0,0.0
6069,-0.38910873845001465,-0.38460037343930903,-2.0710060269414776,0.015432131200463115,-0.7383341340201308,1.999322757422873,0.0,-0.0,0.0,0.0,0.0,0.0
6070,-0.8403973550844157,0.03440033987040679,-1.542766491785734,0.22134257767471568,0.554052772873288,1.9990099050982044,0.0,-0.0,0.0,0.0,0.0,0.0
6071,-0.3651939273420526,0.7676645839730388,0.18899861783013802,-0.6541937216626972,0.3279709263799755,2.0028841810179077,-5.08903231873488e-15,-2.543303292048204e-14,-0.0,-0.00011399859145797834,0.0005732107933736352,-0.0008305031782872813
6072,0.7526697103858111,0.11530462484836712,-3.284839094196232,-0.4824201273587571,-0.29718797371213934,1.9991177939011122,0.0,-0.0,0.0,0.0,0.0,0.0
6073,0.7345409532346847,-0.5061798051386802,-0.8629365926843479,0.6656379572319849,-0.28632293209546167,2.0021600199735685,0.0,-0.0,0.0,0.0,0.0,0.0
6074,-0.8089508016889698,-0.2841549429633665,0.230109173869779,-0.20314226444325936,-0.4562477345802884,1.9967246732927832,-2.2579660356866867e-14,1.810924586942256e-14,-0.0,-0.0005191242656587626,-0.00041691503074981444,-0.00013185630997134432
6075,0.71864703686634,-0.3916404214517515,-1.5162440355947855,-0.7233772496387566,0.3437893258384401,1.998200898907843,0.0,-0.0,0.0,0.0,0.0,0.0
6076,-0.019615450326116685,-0.1398532259006465,-4.289002194453496,0.2393499756797437,0.648023697316141,1.9998234721911665,0.0,-0.0,0.0,0.0,0.0,0.0
6077,0.30898137493778766,0.4683969771838219,-3.5811676904918586,0.6667676124866354,-0.6053913629667553,1.997709095887446,0.0,-0.0,0.0,0.0,0.0,0.0
6078,0.8990515140571596,0.34960158978072886,-0.07332592230942134,-0.16787113449440172,0.02180475891994634,2.0034192980148138,0.0,-0.0,0.0,0.0,0.0,0.0
6079,0.5263854722411878,0.6782062223842263,-1.4185920708683117,0.20056536169737074,0.07879976239264085,1.9982630356087527,0.0,-0.0,0.0,0.0,0.0,0.0
6080,0.4898881261500685,0.24077690767961188,-0.016665823780674,-0.4691903064267174,0.27988622006716857,1.9994901741940048,0.0,-0.0,0.0,0.0,0.0,0.0
6081,-0.038602916128849155,0.7388062794337134,-3.1813595825233674,-0.27829364469303314,0.8047393774569095,1.9982673373080346,0.0,-0.0,0.0,0.0,0.0,0.0
6082,0.24422532326919733,0.7548491588790844,-2.4187042299071506,0.4736149566299581,-0.5596820080346959,2.0014788863163577,0.0,-0.0,0.0,0.0,0.0,0.0
6083,0.6960548484081064,-0.5029123788078337,-1.7039794876377674,-0.5161282554764918,-0.3539305732029851,2.0012173289187913,0.0,-0.0,0.0,0.0,0.0,0.0
6084,0.8686371822129153,-0.30608861790890474,-2.896945243617995,0.8029053680598394,0.07544070520013113,2.0022849644066802,0.0,-0.0,0.0,0.0,0.0,0.0
6085,0.056308312004635167,-0.3328890745899692,-2.403413989349603,0.5761004192467071,0.14241256277600078,2.0008509955793192,0.0,-0.0,0.0,0.0,0.0,0.0
6086,0.5372946467332841,-0.3238133949902825,0.23838915726404622,-0.40099157050871054,-0.7967353631776348,2.0015565509602427,1.2899321712626356e-14,8.767277219836655e-15,0.0,0.0002990124636594822,-0.00020219799681120843,5.3381883903648235e-06
6087,-0.3398240611042534,0.48425445741903955,-2.297303444435597,-0.7087919975302791,0.2379506636514753,2.0007344295200515,0.0,-0.0,0.0,0.0,0.0,0.0
6088,0.832979846702523,0.4469546702650309,-4.278318536587224,0.36806408480209546,-0.7591969142920444,1.9992297298398982,0.0,-0.0,0.0,0.0,0.0,0.0
6089,-0.0814577541104528,0.20574321952280802,-0.8386409935059554,0.18730782817685201,-0.8298193432443532,2.0000703086494633,0.0,-0.0,0.0,0.0,0.0,0.0
6090,0.15060639073196674,-0.2731365216506565,-2.429060348307284,-0.616770160034467,-0.08780174287817216,2.000374382536589,0.0,-0.0,0.0,0.0,0.0,0.0
6091,0.46121439871796016,-0.28324403771276013,-4.450258043099932,0.5754276895938575,2.4273602639075554e-06,2.001093818145431,0.0,-0.0,0.0,0.0,0.0,0.0
6092,0.7415544312209041,-0.27191388857464466,-2.089705254178399,0.2828608476584827,-0.7243805824935136,2.001545597221414,0.0,-0.0,0.0,0.0,0.0,0.0
6093,-0.8179057159690898,-0.12704144295432984,-2.4967789524462254,-0.4311731957769539,-0.7879489843149939,2.000432003512583,0.0,-0.0,0.0,0.0,0.0,0.0
6094,-0.5472849701302752,-0.19508945275313613,-4.407568219348973,0.8492699943250797,0.4131244119000268,1.999233445332539,0.0,-0.0,0.0,0.0,0.0,0.0
6095,0.23654464280438925,0.010142911388660934,-1.3121783769118236,-0.019060526936268946,-0.22425819618453036,2.00162811829605,0.0,-0.0,0.0,0.0,0.0,0.0
6096,0.22127841608715743,-0.07899866200243154,-4.047010853680458,0.3925327888545194,0.4327135137160908,1.9972981815306246,0.0,-0.0,0.0,0.0,0.0,0.0
6097,0.19866568565519044,0.16473045901138697,-4.262068476226097,0.8748338398399721,-0.16655938056818298,2.0032268121396237,0.0,-0.0,0.0,0.0,0.0,0.0
6098,-0.76098279943542,0.5385404784466744,-0.6134126174909154,-0.674613502690933,0.6196719011523327,2.0002077505232263,0.0,-0.0,0.0,0.0,0.0,0.0
6099,0.5201611557768894,0.7049714280330494,-2.129352999764149,0.25781978176221054,0.24391707090491008,1.998277256015155,0.0,-0.0,0.0,0.0,0.0,0.0
6100,-0.5944491131245792,-0.11460103027559626,-0.7760892550156906,-0.21835388845113377,0.7727393096032666,1.9982566314627253,0.0,-0.0,0.0,0.0,0.0,0.0
6101,0.2855128888760272,-0.9242353403219339,-0.5366782844403917,-0.15246398544183887,0.7666093985782328,2.0002025192165047,0.0,-0.0,0.0,0.0,0.0,0.0
6102,0.6902213705947405,-0.6959366423792072,-0.8217633307244272,-0.8739415373415249,-0.1630540923817356,1.999535253520479,0.0,-0.0,0.0,0.0,0.0,0.0
6103,0.7524050510265697,0.2751248375363056,-3.175335158831309,-0.5494347936021926,0.7463073542501456,1.9978018460631919,0.0,-0.0,0.0,0.0,0.0,0.0
6104,0.669277211766796,0.12264386050744243,-3.0379050699406234,0.5636765285905897,0.3553801780256277,1.9961413259040992,0.0,-0.0,0.0,0.0,0.0,0.0
6105,-0.062191797826561875,-0.45742118151421296,-2.8282923776927453,0.05835066554295435,0.7727252463996828,2.000085932173103,0.0,-0.0,0.0,0.0,0.0,0.0
6106,0.3447015890804735,-0.14695753576738133,-0.5687376227881105,0.6313827665486887,-0.6382104659112332,1.9991586196935804,0.0,-0.0,0.0,0.0,0.0,0.0
6107,0.7648167970429642,0.49319958094428146,-0.09195681714658313,0.5932703752167806,0.05936626179855021,2.000471719195235,0.0,-0.0,0.0,0.0,0.0,0.0
6108,0.5186741079973178,0.595155892941045,-3.785821518793888,0.11347234180591032,0.9313179347171864,1.9990411430114563,0.0,-0.0,0.0,0.0,0.0,0.0
6109,-0.5276325924413462,0.8159759297926937,-2.054279251337906,0.1533344741673371,-0.18306351478282468,2.0022888204793623,0.0,-0.0,0.0,0.0,0.0,0.0
6110,0.08971557966061862,0.9473628792907111,-0.43029372082224343,-0.6692566565221922,0.07377035573223605,2.001119109899956,0.0,-0.0,0.0,0.0,0.0,0.0
6111,-0.6873868545663968,-0.14698767717254113,0.4222877011961715,-0.9162081369855529,0.22202150085795053,1.9997861460595934,-4.3769071536726525e-15,3.0332512983597865e-15,-1.0567348889027448e-249,-9.938970609716643e-05,-6.948808304797497e-05,0.0005338814344473201
6112,0.7397783457583074,-0.3656991758403999,-2.5565364118536644,0.2974110244102053,0.5967317618338082,2.000081136942563,0.0,-0.0,0.0,0.0,0.0,0.0
6113,0.016308013046005886,-0.11546694175536057,-1.7719215452322405,0.8203558640019554,0.11935811620462763,1.9972109144369712,0.0,-0.0,0.0,0.0,0.0,0.0
6114,-0.5666643171330191,0.48322655995319913,-1.5985437333950883,0.5035925376615106,-0.548446598360374,1.9964164766328039,0.0,-0.0,0.0,0.0,0.0,0.0
6115,0.13841333378535411,0.8947431141945427,-4.106204735634454,0.04435455481779741,0.37728382264793797,1.9966191741695272,0.0,-0.0,0.0,0.0,0.0,0.0
6116,-0.34828199383129654,-0.2567325795382223,-0.6972992579348551,-0.40306959980669677,0.8697573609619874,1.997152285974678,0.0,-0.0,0.0,0.0,0.0,0.0
6117,-0.42076419107093144,0.14460677316007498,-2.1586928409864194,-0.5954060726544748,-0.558629785487989,1.9977180706511437,0.0,-0.0,0.0,0.0,0.0,0.0
6118,0.3190007507113724,-0.13142538576068163,-1.3757862933527818,0.5329795728625359,0.5104157199981507,2.002208296488818,0.0,-0.0,0.0,0.0,0.0,0.0
6119,-0.8057132296316062,0.07833168435715449,-1.8767439255502556,-0.35794035243568884,0.8579963075017183,2.00220672100749,0.0,-0.0,0.0,0.0,0.0,0.0
6120,0.13322087738068214,-0.523391876973371,0.15709775918876076,0.5073593538440051,-0.10593073792278808,1.9982741879609098,1.848229841221255e-14,8.064149647390926e-15,-0.0,0.0004287449715350782,-0.0001839071164378082,-0.00020792440606305147
6121,0.13921612701764335,-0.30470502241127473,-1.4003446201044278,0.5428277270116996,0.5937809124397002,1.9999899860974704,0.0,-0.0,0.0,0.0,0.0,0.0
6122,-0.03755185421093532,0.9693769698608588,-3.3816027281055843,0.03956429164869958,0.5837574146209783,2.0017349390849417,0.0,-0.0,0.0,0.0,0.0,0.0
6123,0.010819146602544264,0.7840901442018384,-1.5052163840948358,0.02302783690561216,-0.4030491604242272,1.9996416677613502,0.0,-0.0,0.0,0.0,0.0,0.0
6124,0.7244685577720309,-0.29360763521185046,-4.044959918275826,0.26695985259094984,-0.44201292181395585,1.9986863974655256,0.0,-0.0,0.0,0.0,0.0,0.0
6125,-0.787037421368862,-0.02697685366124344,-1.2945080461140381,-0.2656560000230948,-0.5106463765267133,1.9997617808264583,0.0,-0.0,0.0,0.0,0.0,0.0
6126,0.4842801923660533,-0.7159733357300133,-2.106567091392394,0.5331884387395217,-0.2140697265453955,2.0006031925775387,0.0,-0.0,0.0,0.0,0.0,0.0
6127,0.2659507704872262,0.3517718080415655,-2.902965486147555,-0.001739187345339671,0.6682311785930868,2.0007528439457936,0.0,-0.0,0.0,0.0,0.0,0.0
6128,-0.09263769868656428,-0.6234757037287384,-0.04562366295627659,-0.1814966801519128,0.13696186181684813,2.0016758798114545,0.0,-0.0,0.0,0.0,0.0,0.0
6129,0.557495714055208,0.1887644915899442,-2.095186813578877,0.032689727973051516,-0.7818659165828862,1.999228081513864,0.0,-0.0,0.0,0.0,0.0,0.0
6130,-0.5907333896439217,-0.11531156027286037,-0.28101133589871896,0.2511593787297609,-0.270561989540242,2.0028819527259487,0.0,-0.0,0.0,0.0,0.0,0.0
6131,-0.47774556949112124,0.11424805975445408,-3.9458110622293256,0.10895796305089663,-0.8100905769636156,2.00088070902635,0.0,-0.0,0.0,0.0,0.0,0.0
6132,-0.17588361931473526,-0.9010314907543286,-0.22259016363469314,0.20336242076132202,-0.7688142336103615,2.000576477912041,0.0,-0.0,0.0,0.0,0.0,0.0
6133,0.31636772132842855,-0.910754666346249,-4.087502565280037,0.6565273056270018,0.25936295189405534,2.0007984665121317,0.0,-0.0,0.0,0.0,0.0,0.0
6134,0.8953789161177614,0.15231743325640348,-1.3029562191647885,-0.2774798943501848,0.4939118166671633,1.997810616408013,0.0,-0.0,0.0,0.0,0.0,0.0
6135,-0.09541536556280619,-0.7446110818421643,-2.8853513470009697,0.2291244601361634,-0.30542464379936995,2.0005882799108345,0.0,-0.0,0.0,0.0,0.0,0.0
6136,0.657698757861895,0.0033336088546366397,-3.16969118270009,-0.7984350652264437,-0.14063939474802342,2.000455565673377,0.0,-0.0,0.0,0.0,0.0,0.0
6137,0.5580175295463604,0.2602812027803909,-1.4982640343173752,-0.6904654739111921,0.24292983085070138,1.999925206829435,0.0,-0.0,0.0,0.0,0.0,0.0
6138,-0.19808104633141824,0.4278211037118452,-1.6179024210590678,-0.18249610804999747,0.2588530902300483,1.9978713169335163,0.0,-0.0,0.0,0.0,0.0,0.0
6139,0.8755882074174617,-0.10492355470549103,-2.949637945214039,0.32832305103964354,0.2004463895944145,1.9952905302425958,0.0,-0.0,0.0,0.0,0.0,0.0
6140,0.3161215418413308,0.7115216266180837,0.21253605075067347,-0.36073351383711466,-0.8467069538520237,2.0000407185565807,3.2625518444318488e-15,-1.4787244643487103e-14,-0.0,7.379949623799287e-05,0.00033597962381897437,-8.529298566239657e-05
6141,0.716938575521449,0.5517519031512363,-0.20774947205476157,0.8036030642612835,-0.2668094200573003,1.9991784133021646,0.0,-0.0,0.0,0.0,0.0,0.0
6142,-0.09237099407449115,0.4243872554332041,-0.6339908128580886,-0.18034703029860447,-0.750517335510444,2.0008139369168085,0.0,-0.0,0.0,0.0,0.0,0.0
6143,-0.4189102876948489,0.2931346465456082,-3.4836378599605458,0.5929735164006813,-0.6133952779420073,1.999960786096487,0.0,-0.0,0.0,0.0,0.0,0.0
6144,0.740393476983048,0.5055230864964164,-0.16767082027413766,0.5913592590089733,0.023244273910196126,1.9988083902572649,0.0,-0.0,0.0,0.0,0.0,0.0
6145,-0.6797188578938271,-0.6745446669563383,-3.433379332546857,0.1676594487883131,0.9111511003488136,2.0009827285301784,0.0,-0.0,0.0,0.0,0.0,0.0
6146,0.5545588387512048,0.4156144247013699,-3.3043848841301675,-0.5705560888883375,0.19275602162735564,1.997036653120637,0.0,-0.0,0.0,0.0,0.0,0.0
6147,-0.7669389758438677,-0.4196832252882096,-1.8209070235379397,0.8544417763933078,0.3026836256783313,2.000222884646469,0.0,-0.0,0.0,0.0,0.0,0.0
6148,0.5441162039487758,-0.07243751618921178,-3.2212253176132952,-0.5597909217492969,-0.6966447283046324,2.000651093391217,0.0,-0.0,0.0,0.0,0.0,0.0
6149,-0.46035264794185843,-0.014730469386389462,-0.3634155335021395,-0.4451949752778506,-0.5623392047582062,1.9952852766423328,0.0,-0.0,0.0,0.0,0.0,0.0
6150,-0.0995248190985837,-0.44341177682875227,-0.3968135565999204,-0.5784562093259209,0.24467000218388005,1.9976215673164603,0.0,-0.0,0.0,0.0,0.0,0.0
6151,0.6372209896645449,0.28013486295177026,0.2836435725929558,-0.34966484512829243,0.47277070020543377,1.999551318864747,1.549406590407527e-14,-1.0017287497013368e-14,0.0,0.00035618763745696416,0.00022936496773371081,7.819819457115242e-05
6152,-0.3445652709911051,0.26711407649021485,-2.496614449736474,0.19873653890933143,-0.624363454766237,2.001677809324119,0.0,-0.0,0.0,0.0,0.0,0.0
6153,0.07661872454502378,0.20358440934678712,-0.45476978054716655,-0.40374925339140205,-0.35651460051403167,1.996665801872895,0.0,-0.0,0.0,0.0,0.0,0.0
6154,0.02485508240953477,-0.7576980381274178,-4.467512740875454,-0.5566923998046728,-0.07954411705132698,1.9998528156935529,0.0,-0.0,0.0,0.0,0.0,0.0
6155,0.18641236212866372,-0.5492201693304087,-3.3263794384889316,-0.5872093085651023,0.5353765004814155,2.0016431677348203,0.0,-0.0,0.0,0.0,0.0,0.0
6156,-0.4375953389333977,0.20619623337241272,-0.24935433895733325,-0.6312446263992618,-0.4981343210692086,1.9987796829110611,0.0,-0.0,0.0,0.0,0.0,0.0
6157,-0.6481621645183242,-0.2204225302235121,-1.955274027441301,0.37801770645049115,0.5454950538403656,2.0004771158096144,0.0,-0.0,0.0,0.0,0.0,0.0
6158,0.33499261858313234,0.3018889052075961,-4.431078458896902,-0.821948919808309,-0.5322870720547433,1.9968118062698617,0.0,-0.0,0.0,0.0,0.0,0.0
6159,-0.05741358022364898,0.33525525293700714,-3.186824607054598,0.47775230817404074,-0.6026359892119053,1.9985981138059443,0.0,-0.0,0.0,0.0,0.0,0.0
6160,-1.0242776835089389,-0.0749616365699393,0.42401590381173754,-0.7085341110790382,-0.39453900725919716,2.000696943764235,-2.4217486182549552e-14,1.6092129285517605e-15,-8.058504152541909e-249,-0.0005560002504960557,-3.6836896023165676e-05,0.00023673689992924823
6161,-0.502408955616699,-0.21921486258901943,-2.885920412906125,-0.9859752091697809,-0.13849791816835152,1.9976162073113204,0.0,-0.0,0.0,0.0,0.0,0.0
6162,0.16451000453201875,0.5968509740398096,-3.703810798408456,-0.16927306949336854,-0.7762877606784331,2.001110973431085,0.0,-0.0,0.0,0.0,0.0,0.0
6163,-0.43776402375405665,-0.47879957358670283,-3.9465636814894722,0.40915085428758174,0.8011822510575266,2.001067273739327,0.0,-0.0,0.0,0.0,0.0,0.0
6164,-0.6454650058636323,0.15422180376025407,0.3957206511394581,-0.2408126838998991,0.1348804035483936,2.0018615556363013,-1.8382897267551013e-14,5.028280718296889e-15,3.7607599221958587e-265,-0.0004218367602002107,-0.0001175108709219126,0.0002670529547305997
6165,-0.7507161361382855,-0.059221341807896365,-1.8274652463598287,-0.6794462788751576,-0.4393648318331351,2.0032540280025,0.0,-0.0,0.0,0.0,0.0,0.0
6166,-0.5247946107135166,0.5059836267848937,-1.1183955373151468,-0.8582567268567896,-0.22498141140955888,2.0033601062123085,0.0,-0.0,0.0,0.0,0.0,0.0
6167,0.5217348900346019,0.06467516834549508,-1.675721239984401,-0.4981966484377128,0.010358162423589758,1.9982616961988529,0.0,-0.0,0.0,0.0,0.0,0.0
6168,0.7301847162456618,0.6039688191279535,-1.4216169386931945,-0.421859096176749,0.09523155108468849,1.998910003168265,0.0,-0.0,0.0,0.0,0.0,0.0
6169,0.09190710582302057,0.6073366794409992,-3.863242555361904,0.626125361673174,-0.545556698491192,1.9975483315650915,0.0,-0.0,0.0,0.0,0.0,0.0
6170,-0.4794091827719802,-0.8669251786229111,-1.5418832303110757,-0.29126223459309225,0.4960661688550892,2.0017776824286986,0.0,-0.0,0.0,0.0,0.0,0.0
6171,-0.43514606105367787,-0.3803970259743671,-1.4060119977471308,-0.10853928202707325,0.2514877094968844,1.9997428121875571,0.0,-0.0,0.0,0.0,0.0,0.0
6172,0.21107177499897026,-0.31034519057652604,-3.9974751579883328,-0.14067103372433046,-0.7564357380044336,2.0012142160129884,0.0,-0.0,0.0,0.0,0.0,0.0
6173,0.9632965805122954,-0.15892864331435605,-4.052678905047585,0.6020329421948843,-0.6555925786335812,2.002411816212045,0.0,-0.0,0.0,0.0,0.0,0.0
6174,-0.1451663395807473,-0.3846472895934329,-0.9971133454586849,-0.8233392997162268,-0.5245407264581443,2.0020505817869183,0.0,-0.0,0.0,0.0,0.0,0.0
6175,0.09588170286351799,0.38303540751870785,-0.6688384406853666,-0.548383721159957,-0.2535200744794136,2.000247357885973,0.0,-0.0,0.0,0.0,0.0,0.0
6176,-0.4805487804831011,0.1935636168892942,-1.0529854301060122,0.6292479821648751,0.39692686199445937,1.996889632426336,0.0,-0.0,0.0,0.0,0.0,0.0
6177,-0.8444575748898192,0.017576733155444856,-2.39272204759286,0.10979570212658006,-0.24094916453733384,1.9966370526824957,0.0,-0.0,0.0,0.0,0.0,0.0
6178,-0.5347165481398278,0.7960795396656,-3.6492339225609283,0.6695906571238246,0.6098092844176143,2.0006705000591443,0.0,-0.0,0.0,0.0,0.0,0.0
6179,-0.058206349475541104,-0.11325391891150305,0.13296471769224338,0.5418099802032104,-0.2401386492636218,1.9998912561408921,-5.082917061740387e-15,3.999560301501193e-15,-0.0,-0.00011415248466252138,-9.273819407731645e-05,-0.0003361011081788136
6180,0.4251331208550785,0.6404218439905955,-1.3095226188287747,-0.735935425462175,-0.4976477753322091,1.9998258036651944,0.0,-0.0,0.0,0.0,0.0,0.0
6181,0.09421414683806377,0.684370861755185,-3.113163091839471,-0.292477068622697,0.7099211119684313,1.9987895574473893,0.0,-0.0,0.0,0.0,0.0,0.0
6182,0.8807000253768614,-0.5519084884524238,0.4288902034034428,0.7270875104979677,-0.44656305852736633,1.9996986347891066,2.179164742395106e-14,1.1105650226050451e-14,-2.306686462532438e-247,0.0005001426542504483,-0.0002547334226915862,0.000285763947375888
6183,-0.6870357167111154,-0.11472488431779514,0.2120291591336674,-0.6218393242966289,0.6635846794289217,1.9973232522308049,-1.4705925814066813e-14,-9.2713793286727e-15,0.0,-0.0003368590360303022,0.00021460765629234207,0.00013949724338580422
6184,0.2859655597060847,0.35505225922763456,-1.235085077632455,0.5677126759864609,0.23919930871344647,1.9995438839662567,0.0,-0.0,0.0,0.0,0.0,0.0
6185,-0.2748410728642223,0.7728807677167424,-3.97665136807383,-0.44804567005507484,-0.6256724763946876,1.9978795498762056,0.0,-0.0,0.0,0.0,0.0,0.0
6186,0.5168072253739866,0.552317512634846,-4.200717992871805,0.46589055445167304,-0.6439413301904039,1.9962042535508058,0.0,-0.0,0.0,0.0,0.0,0.0
6187,0.5887113205518195,0.518709921039485,0.26823154899631724,0.461548910193199,0.7447430201992965,2.004203949723431,2.0543792160830455e-14,-1.1911535356273419e-14,0.0,0.0004707509484089373,0.0002720570853278502,4.440778950096562e-05
6188,0.6946843299484774,0.10211354100272065,-1.6930287579943295,-0.6542386908322142,-0.6444254822623376,2.0022173181823786,0.0,-0.0,0.0,0.0,0.0,0.0
6189,0.48529859765656236,0.570733617365497,-2.320502674972177,0.6453200703578517,0.4980126827144768,2.0027926668787273,0.0,-0.0,0.0,0.0,0.0,0.0
6190,0.8754245238551394,0.36775749484957365,-0.2303933892445619,0.48277144169627606,-0.6788692180241584,1.9994585618535465,0.0,-0.0,0.0,0.0,0.0,0.0
6191,0.31036873265976406,0.18471149607856902,-0.5616548847316031,0.3591951579527393,-0.1849211923170905,2.001489912849862,0.0,-0.0,0.0,0.0,0.0,0.0
6192,-0.39551469347213264,-0.2135825934661604,-0.736885186161396,-0.5427053101922644,0.3125552130345953,2.0032424592533076,0.0,-0.0,0.0,0.0,0.0,0.0
6193,-0.43158783036459275,0.813241518077892,-3.863192417984314,-0.1571962191240274,-0.38286766199678646,1.9985408127920807,0.0,-0.0,0.0,0.0,0.0,0.0
6194,-0.0587562402889823,0.07434628331698374,-1.6185680919290264,0.12831553679536806,0.5995655824976354,2.0004386554236766,0.0,-0.0,0.0,0.0,0.0,0.0
6195,-0.51090894805485,-0.5456988149923042,-0.03500440357300495,0.9086753671617646,0.2403576920656486,2.001753393233551,0.0,-0.0,0.0,0.0,0.0,0.0
6196,-0.6292606285538399,0.5740688737361006,-3.3423080400180285,0.9516669644864322,-0.17422610313877193,1.9993303048046427,0.0,-0.0,0.0,0.0,0.0,0.0
6197,0.7373151853007577,-0.09452811861954485,-4.144259445739483,0.8292998033475041,0.4497134645566044,2.0008919931910003,0.0,-0.0,0.0,0.0,0.0,0.0
6198,-0.04616625004724876,0.9365310029690556,-2.8258698179219253,0.052052825124781765,0.8766771438920375,2.000215217357513,0.0,-0.0,0.0,0.0,0.0,0.0
6199,0.29667123773426396,0.33107937728101555,0.09533342331494903,-0.5788726305347316,-0.7130861957827628,1.9991561086038834,8.857205705807997e-15,-9.179138867322715e-16,-0.0,0.0002026988176231442,2.024907001769337e-05,-0.0004190025401631544
6200,-0.35621764664165884,-0.33039966683981375,-2.267006792651666,0.031102142587730874,0.47476310886628315,1.9978179871163384,0.0,-0.0,0.0,0.0,0.0,0.0
6201,-0.6663694879372509,-0.021949142568661317,-4.49027830603305,0.1571251786053974,0.8347271969599253,2.000970981747639,0.0,-0.0,0.0,0.0,0.0,0.0
6202,0.792754000725854,-0.46979398411865503,-1.1888338303135584,0.24233691476055383,-0.4983194032677392,2.0007117338567024,0.0,-0.0,0.0,0.0,0.0,0.0
6203,-0.549724440558224,0.45715201378572856,-4.13865499241879,0.603952660321522,0.6980563682116115,1.9991444082964358,0.0,-0.0,0.0,0.0,0.0,0.0
6204,0.8086170835988811,-0.20096986262865563,0.1185743293013385,0.1888679677157954,0.7939160726684207,1.9957439973283588,2.0328340839620668e-14,-2.3154174123389526e-15,-0.0,0.00046381308708080463,4.794923574634379e-05,-0.00024413866283556692
6205,0.2624132876588988,-0.9338243324797605,-3.0041008689666953,0.20323821657209284,0.9596017445625731,1.9998310095594092,0.0,-0.0,0.0,0.0,0.0,0.0
6206,-0.9416826920835069,-0.020641824603129032,-2.7636241529438563,-0.09051057656546206,0.5945837802854208,1.9965487219817024,0.0,-0.0,0.0,0.0,0.0,0.0
6207,0.232953711285578,0.370814985816266,-1.4720585869569731,-0.12479027162883032,0.5102818215601778,2.0002117688108023,0.0,-0.0,0.0,0.0,0.0,0.0
6208,0.013089077733242324,0.00428445975381277,-0.614496014035334,0.0356538319373149,0.9112410340038855,1.997593196829959,0.0,-0.0,0.0,0.0,0.0,0.0
6209,-0.12156839851600258,0.6232420459299578,-4.456754225144667,0.7908788399191742,0.4641103974270269,1.9989976298678154,0.0,-0.0,0.0,0.0,0.0,0.0
6210,-0.9122179444103353,0.11333023215287313,-2.804480047659053,-0.08344138666383596,0.39854075063046285,2.0053411364979157,0.0,-0.0,0.0,0.0,0.0,0.0
6211,0.787900079303427,0.08350996302994698,-3.61866533967564,0.317575797523292,-0.08439392542265702,1.9965117551092304,0.0,-0.0,0.0,0.0,0.0,0.0
6212,0.3439196714798591,0.607343671167952,-3.610305446100276,0.45214321463647394,-0.737374786922752,1.9993586376635406,0.0,-0.0,0.0,0.0,0.0,0.0
6213,-0.6737380628087285,-0.710524451084783,-1.0436120200224488,0.136918571103841,-0.7361952041200095,1.9963928314299084,0.0,-0.0,0.0,0.0,0.0,0.0
6214,-0.4747136914635831,0.13429159390154302,-1.5700947227358633,0.393750117181827,-0.06863666241353567,2.001409249092215,0.0,-0.0,0.0,0.0,0.0,0.0
6215,-0.7478975022629866,-0.583832137730894,0.43456378553395825,-0.1938831759937458,-0.3682622656004772,2.0002800337115847,-1.6484350478887774e-14,1.2664559969034301e-14,-1.730471733997116e-242,-0.0003782889897178323,-0.00029136218205052,0.0002392956060968406
6216,0.5352562577847428,-0.3972523277168578,0.1061580797763349,-0.3140454216962454,0.3737668813488353,1.9994717000970919,1.0088657142690549e-14,1.108066137196441e-14,-0.0,0.00024322583207629888,-0.00025320478052066664,-0.00030277491610571365
6217,-0.5090074315640598,-0.5807875407053228,0.04116055970228828,-0.2590597540456291,-0.42416508936111585,2.0001441734851384,-8.22960670279064e-15,1.107649343727574e-14,-0.0,-0.00018840678097024622,-0.00025455215682580924,-0.0003823690446257364
6218,-0.8008145079897904,0.3705096049519963,-1.9096898342576485,0.5249003929517766,-0.3672716537299487,1.9986222407292042,0.0,-0.0,0.0,0.0,0.0,0.0
6219,0.3726966816581242,-0.04437797735222237,-4.129969606272792,-0.482878418390772,-0.3356967017725059,1.999237460015764,0.0,-0.0,0.0,0.0,0.0,0.0
6220,-0.14887383087823064,-0.49504906736424326,-3.2427895740463,0.13091986447548923,0.721264848783207,1.999109593567162,0.0,-0.0,0.0,0.0,0.0,0.0
6221,-0.9516698577039003,-0.14621624960380986,-2.497913620571516,-0.8846854920519529,0.43384064032059644,1.9973828295742972,0.0,-0.0,0.0,0.0,0.0,0.0
6222,-0.9181035395314981,-0.05437044097345713,-2.907027466236616,-0.6044433477110024,-0.6238156244589043,2.002046082089535,0.0,-0.0,0.0,0.0,0.0,0.0
6223,-0.10899742194479325,0.033085133047218336,-0.9498230963458637,0.22639494155480636,-0.34972511436111003,2.0001826162743574,0.0,-0.0,0.0,0.0,0.0,0.0
6224,-0.2770028425444283,0.8619360380353346,-1.1934213790665948,0.4521658296234334,0.8466342596881518,2.0038853877321223,0.0,-0.0,0.0,0.0,0.0,0.0
6225,-0.012229511005256044,-0.9973936521852403,-0.474136592660397,-0.4934649318320978,-0.5155343765071346,1.9979271496619897,0.0,-0.0,0.0,0.0,0.0,0.0
6226,-0.646495368075607,-0.2343685057997668,-2.2574574420396694,-0.3719197565350537,-0.7445629554072709,2.003921191876626,0.0,-0.0,0.0,0.0,0.0,0.0
6227,-0.4440807494148298,-0.27987374186307235,-4.266081528843976,-0.30967164624136345,0.6227487145036612,2.00268122413958,0.0,-0.0,0.0,0.0,0.0,0.0
6228,-0.6394326525945903,-0.007492651521218678,-0.6333956678503345,0.7387719183820922,-0.5716385656372227,2.0019942716913355,0.0,-0.0,0.0,0.0,0.0,0.0
6229,-0.10053697482239335,-0.7818488563284837,0.37461432230332947,0.14046609139344782,-0.9169410804847651,2.000599042827426,-1.6336600628158932e-14,2.5808739555081568e-14,-5.387266307550906e-277,-0.00037951952225321494,-0.0005926697401757562,0.0003902201686583479
6230,-0.8343563829485281,0.46695861548556866,-1.7843771809154347,0.7616264321561422,0.48324564719416485,2.0004460657087075,0.0,-0.0,0.0,0.0,0.0,0.0
6231,0.23964524254220693,-0.03255671437454785,-2.9907766908819635,-0.13600044800365624,-0.15942680754836555,2.0011492272034612,0.0,-0.0,0.0,0.0,0.0,0.0
6232,-0.6426406887060426,-0.7372702882071249,-1.3020860208532183,0.5674998641268111,0.21515721645243657,1.9982539319217711,0.0,-0.0,0.0,0.0,0.0,0.0
6233,0.7320090780244477,-0.021324761016850494,-3.4055543359247866,0.0627973875246102,-0.9190621614455637,2.00083138063592,0.0,-0.0,0.0,0.0,0.0,0.0
6234,0.15418941644763232,-0.7407485333518269,-2.5973643337999603,-0.6759416755825882,0.4453879144821601,2.000953918621987,0.0,-0.0,0.0,0.0,0.0,0.0
6235,-0.2507715807471248,0.8823911298650478,-0.4524997100922176,0.9150743166908214,0.2477587760360678,1.9974493213841014,0.0,-0.0,0.0,0.0,0.0,0.0
6236,-0.7850817451124286,-0.3773348627056247,-1.9243312259009409,-0.26113114685225514,-0.18613030319514354,2.0001571665894944,0.0,-0.0,0.0,0.0,0.0,0.0
6237,0.7136087601780405,-0.587148233448059,-2.183660880021164,-0.09561012541312015,-0.5667565453278536,2.001652852433255,0.0,-0.0,0.0,0.0,0.0,0.0
6238,0.4442410004788022,-0.29920321255439264,-2.7149235609652522,-0.2635536694433388,-0.15186708387979442,1.9983194383232363,0.0,-0.0,0.0,0.0,0.0,0.0
6239,0.5950331561893838,0.06263335559064322,-4.465926034992111,-0.30478815006494786,0.5480728208752546,2.001719059205045,0.0,-0.0,0.0,0.0,0.0,0.0
6240,-0.11593777745959352,-0.190940826938213,-3.6611791702707883,0.2441076579569722,0.0691095814011087,2.003497855656104,0.0,-0.0,0.0,0.0,0.0,0.0
6241,0.060645441920574875,-0.9296096730483145,-3.6033249556986227,0.1333117768769885,-0.8654464102944921,2.0010274933654157,0.0,-0.0,0.0,0.0,0.0,0.0
6242,-0.7682172149278607,0.15490447812199343,-1.575690022646865,0.0994360224089708,-0.5897617321927101,1.9983597573342444,0.0,-0.0,0.0,0.0,0.0,0.0
6243,0.7120770429639711,-0.5727364449076143,-4.110315956795928,0.7194341135620779,-0.06437996895095977,1.998123689895462,0.0,-0.0,0.0,0.0,0.0,0.0
6244,0.8495280601348653,0.4685879560407966,-3.94044014853619,0.1378467163359726,-0.44196811117022855,2.0002961274106705,0.0,-0.0,0.0,0.0,0.0,0.0
6245,-0.6273650768040506,0.24337084169998757,-3.493255559041502,0.841316303945927,-0.029860679973643105,1.9994671790670342,0.0,-0.0,0.0,0.0,0.0,0.0
6246,-0.013401684085537224,0.07340060433668352,-4.438225698756991,0.13055940085484755,0.6097387237233981,1.9993906969687552,0.0,-0.0,0.0,0.0,0.0,0.0
6247,0.6566044368702062,0.21127416770277785,-2.571150571259294,0.22805077280928482,0.2622808756651026,1.9986973107588144,0.0,-0.0,0.0,0.0,0.0,0.0
6248,0.2528844998867157,0.28529741986507456,-2.631913253313062,0.20262120193068442,0.8780293611013789,1.9988089772815238,0.0,-0.0,0.0,0.0,0.0,0.0
6249,-0.16199376356706274,-0.465480447551118,0.08409709094350973,-0.48284545994404426,0.2794746617746987,2.0030710072950155,9.651936195597145e-15,4.753102598344962e-15,-0.0,0.00021958315172415044,-0.00010966042981778743,-0.0005875903391800065
6250,-0.04103865729437848,0.9477136284073412,-3.991592445109385,0.3168356349090724,0.3562211434133065,1.9977701358841256,0.0,-0.0,0.0,0.0,0.0,0.0
6251,-0.20805844864497883,0.6864658036058708,-4.07204381743212,0.5636366176795778,-0.17458820135145153,2.000020098328817,0.0,-0.0,0.0,0.0,0.0,0.0
6252,-0.02167090697808803,0.38720264947365224,-2.7777843273558753,0.14714072179444154,0.9408636922421705,1.9997910642782268,0.0,-0.0,0.0,0.0,0.0,0.0
6253,0.3257524475881746,0.177631712438927,-2.9876674329791872,0.03819749049039058,-0.7002775955802084,2.000063636241122,0.0,-0.0,0.0,0.0,0.0,0.0
6254,0.49275595605393835,0.4530918287670086,-2.981073276016025,-0.7074039248012332,0.5111746254181788,1.9985135537254006,0.0,-0.0,0.0,0.0,0.0,0.0
6255,-0.8714035284690503,-0.2992672113436881,-2.7033991986746417,0.8482078828417121,0.3839490546796174,2.0013732555241344,0.0,-0.0,0.0,0.0,0.0,0.0
6256,0.9206979052364168,0.21297644335972626,-3.5581945918177205,-0.31727633148042533,0.7029948051050098,1.999996103771371,0.0,-0.0,0.0,0.0,0.0,0.0
6257,-0.8497898363181033,-0.23842533424389878,0.25507609086910343,-0.12645418393652555,-0.40090543570771536,1.9988580243666894,-3.150626871946972e-14,1.3044090760866082e-14,-0.0,-0.0007270090429133786,-0.0003008289857205805,-0.0002575236182174783
6258,-0.5308371115012801,-0.6555711594834296,-3.1589328921314848,0.4572783656087754,-0.561614867852601,1.9973392176879834,0.0,-0.0,0.0,0.0,0.0,0.0
6259,-0.3389828060386637,0.4205860652907213,0.08779491241104714,-0.2846809532902707,-0.8506058957099651,2.0011959250166034,-1.1627748256184635e-14,-9.807524193667136e-15,-0.0,-0.00026700310718998186,0.00022397389637273803,-0.00032782304971122747
6260,0.34726939528154716,0.25715785409284003,-4.280049812329636,-0.6974330057899288,-0.1639400470216714,2.0007494026642276,0.0,-0.0,0.0,0.0,0.0,0.0
6261,-0.3812004983211169,-0.8915759685814248,-1.6097425263176344,-0.2888998304296908,-0.17991728626360395,1.997099594430978,0.0,-0.0,0.0,0.0,0.0,0.0
6262,-0.17543043803763417,-0.22963214744888844,0.17426566258708437,-0.8330323088385907,-0.4301494576054092,2.0016643492792827,-5.243569478326184e-15,5.467245494671985e-15,-0.0,-0.00012056238513309344,-0.00012618849835425107,-0.0003336199732185071
6263,0.10714972997752678,0.1051334765377447,-2.9667706837127255,0.46577111298201024,-0.5518159832723901,1.999646219885478,0.0,-0.0,0.0,0.0,0.0,0.0
6264,0.3543965556932123,0.5872951203692256,-4.463593682203686,0.864938440140519,-0.26465040322864813,2.000204309715385,0.0,-0.0,0.0,0.0,0.0,0.0
6265,0.5413287637474554,-0.24657563490149226,0.03290977913799795,-0.3443568793303287,0.4514452744608614,2.001582797362871,6.189984828563862e-15,2.0928590848500963e-15,-0.0,0.0001508684299615919,-5.359093324555023e-05,-0.0005718557735257564
6266,0.4321881007273812,-0.21983690001672956,-1.497933511343284,0.5310990964418516,-0.7289113665462839,1.9998663273842472,0.0,-0.0,0.0,0.0,0.0,0.0
6267,0.8248586991095683,-0.26128324652882723,-3.330214403481405,-0.8387404426918194,-0.5182168674539291,2.0059209032130227,0.0,-0.0,0.0,0.0,0.0,0.0
6268,-0.7437533966733826,0.5837228026999057,-1.9217237630397936,0.6300419325005099,0.14471290644616266,1.9964428224106938,0.0,-0.0,0.0,0.0,0.0,0.0
6269,0.15401976440098322,0.544375728972618,0.036927253861078216,0.8587415255227231,-0.2629976354736604,1.9999642527587098,5.3402724557902925e-15,-1.9607137153100278e-14,0.0,0.0001203464957156849,0.000448219210803233,5.694571711268009e-05
6270,-0.394269278686778,-0.36745668030292494,-1.3043075825474997,0.7078153932871286,0.5011872861319231,2.0015647921931685,0.0,-0.0,0.0,0.0,0.0,0.0
6271,0.9314750410653372,-0.04243235371396922,-2.6477517309855685,-0.36386010988902795,-0.9262078382300625,2.000549183944747,0.0,-0.0,0.0,0.0,0.0,0.0
6272,-0.7143020098239595,0.46404042744142304,-3.7756034242401224,0.7468916218597434,-0.6556441788223235,1.9979770132810761,0.0,-0.0,0.0,0.0,0.0,0.0
6273,0.2811303548219262,-0.010835376831918441,-1.5499775803675442,-0.5042053821020765,-0.36161738461149484,1.9976275933492469,0.0,-0.0,0.0,0.0,0.0,0.0
6274,-0.036042302849348694,-0.8353121010312241,-2.299245851091185,0.07401355241900699,-0.1398569230552021,1.9999188441017506,0.0,-0.0,0.0,0.0,0.0,0.0
6275,0.7382819524692883,-0.2806065584541467,-3.0744353506637716,-0.5224924690397938,0.33246399117273684,2.0007049433611517,0.0,-0.0,0.0,0.0,0.0,0.0
6276,-0.8133806926209394,-0.5238415187851442,-1.3439395206647442,0.20751985681622478,0.7122100064724078,2.002294286192388,0.0,-0.0,0.0,0.0,0.0,0.0
6277,0.10513215401760011,0.39443293844795957,-3.7352947299481327,0.25488819268993745,-0.7663748502006863,1.9955277363262816,0.0,-0.0,0.0,0.0,0.0,0.0
6278,-0.27120242471163153,0.7168817068754743,-3.1185124433252263,0.6106636749968016,-0.35174650053697165,1.9992344323125772,0.0,-0.0,0.0,0.0,0.0,0.0
6279,0.08209454164802533,0.8209407341072205,-0.9554222495665902,0.6276354415609863,-0.022305379670647902,2.001091663241513,0.0,-0.0,0.0,0.0,0.0,0.0
6280,-0.45824638783571076,0.825894379744961,-3.2525171151679255,0.27633736064416653,-0.5641272537665966,1.9978117934918465,0.0,-0.0,0.0,0.0,0.0,0.0
6281,-0.5797938394466727,0.1137965662060192,-2.898377517677697,0.04519322702304829,0.05698849258044308,1.998347008735973,0.0,-0.0,0.0,0.0,0.0,0.0
6282,0.24149407090314862,0.891845580888243,-3.5778570365877553,0.09887300663587026,-0.3870663451601474,2.003787269797173,0.0,-0.0,0.0,0.0,0.0,0.0
6283,-0.6180514248787269,-0.148912729997196,-0.5323358499575064,0.34562809737437844,-0.010541824402887326,1.9988527798013973,0.0,-0.0,0.0,0.0,0.0,0.0
6284,-0.6223923857657154,0.10902968403320741,0.46227825197905137,-0.03891805360845982,0.9868229036182381,1.9999221923701926,-1.4087973373072718e-14,3.3008106130867658e-15,-6.466196847514091e-227,-0.0003250484414738472,-7.563623598722711e-05,0.0005007117152517736
6285,0.13622138219410818,-0.12326212153763262,-4.049347974746519,-0.26816317114695504,-0.11425103682870928,1.995785765843335,0.0,-0.0,0.0,0.0,0.0,0.0
6286,0.2669136779575877,-0.3260084415452249,-2.7021573036056665,-0.31451330887555906,-0.8436332332577171,2.00203742153447,0.0,-0.0,0.0,0.0,0.0,0.0
6287,-0.7595517742459984,0.1758963132474103,-1.424815869920432,0.36776872161560126,0.6412751708318578,2.001377105795694,0.0,-0.0,0.0,0.0,0.0,0.0
6288,0.8257267097813362,0.07385028789837021,-0.3322145737383876,-0.5264334025174341,0.8275018304471966,2.002782290413126,0.0,-0.0,0.0,0.0,0.0,0.0
6289,-0.14095837720309676,-0.8457424134564254,-0.565581938580273,0.11125359776018773,0.11390177230415441,1.9991500586895066,0.0,-0.0,0.0,0.0,0.0,0.0
6290,0.20792831472044504,-0.09623295344678373,-3.0113437064843147,0.32486056283310183,0.7429625076403819,2.002158151337725,0.0,-0.0,0.0,0.0,0.0,0.0
6291,-0.8264332191952538,0.31453333545052437,-1.777490923636266,0.19247641008854716,0.06238085875090387,1.9999199626286275,0.0,-0.0,0.0,0.0,0.0,0.0
6292,0.29998122934018123,0.5672546178699351,-3.2088544733440387,0.23850252098657715,0.05199775409379429,2.0004217292715327,0.0,-0.0,0.0,0.0,0.0,0.0
6293,0.8129256160947369,-0.06809415448184711,-4.467584890202589,0.4603227152967506,0.3296070959556658,1.9986003459302621,0.0,-0.0,0.0,0.0,0.0,0.0
6294,-0.5463790584834923,-0.7006494993584448,-4.189390398983255,-0.5612928846412113,-0.7763185593145814,2.004030433072158,0.0,-0.0,0.0,0.0,0.0,0.0
6295,-0.15417001606963807,-0.07779946701653845,-2.6645087294585457,-0.025860958803151122,-0.4514045044578509,1.9975916820841215,0.0,-0.0,0.0,0.0,0.0,0.0
6296,-0.19415579274091652,-0.3023892393251652,0.38397255293518284,0.3647076856138937,0.32607804773501387,1.9994417650713145,-1.4812436985215813e-15,2.2021002277627534e-15,-3.3934004583622773e-273,-3.363386254849402e-05,-5.195713888121423e-05,0.0005351388679130571
6297,0.43579161604257943,0.3085164773954515,-2.9578685359915653,0.5387559098865878,0.18452991612157826,1.998605814070772,0.0,-0.0,0.0,0.0,0.0,0.0
6298,-0.9767486359905073,-0.2064188278665827,-1.3970192510205033,-0.18148886156366992,-0.24215004926216888,2.0020991112673867,0.0,-0.0,0.0,0.0,0.0,0.0
6299,0.9427502400363528,-0.13585928539599135,-3.8127695786695734,-0.6777082351651372,-0.24868975605512927,1.9992140110880703,0.0,-0.0,0.0,0.0,0.0,0.0
6300,0.22206821516674446,0.058121069666763496,-0.2701445158571812,-0.07940512550119422,0.9464474671157577,1.9992015162421974,0.0,-0.0,0.0,0.0,0.0,0.0
6301,-0.5154217791258204,-0.48796906891134073,-4.170465474431517,-0.338737204911265,0.9401882053592583,1.9986770492101715,0.0,-0.0,0.0,0.0,0.0,0.0
6302,-0.4804835401885373,0.7686360096366507,-2.5740002396120967,0.5778444355886341,0.17856223732786997,1.9992518657282585,0.0,-0.0,0.0,0.0,0.0,0.0
6303,-0.6015108722277157,0.537896713736646,-2.559215005005427,0.5260107733547822,0.08320239559613508,1.9999195000105052,0.0,-0.0,0.0,0.0,0.0,0.0
6304,0.17388125528229648,-0.3987713970852579,0.32814540186775226,0.021339506141008137,-0.11850575115312866,2.003146937960658,5.261087989043894e-15,6.17611902611528e-15,-3.125508352372931e-304,0.00012171559700384047,-0.00014188661576338142,0.00026484299663066867
6305,-0.9436095075951769,0.1608791873594287,-2.0739055660444383,-0.30088675900319845,0.9338954475199353,2.0007345699551857,0.0,-0.0,0.0,0.0,0.0,0.0
6306,0.9051893789915811,0.09864890939822202,-2.339823578623662,0.7411876874864869,0.5810834296207812,2.0026804224855645,0.0,-0.0,0.0,0.0,0.0,0.0
6307,-0.9721070452080696,0.13625146167026764,-0.6146555091102243,0.2205699380277998,-0.07388731764044995,2.0015411517555974,0.0,-0.0,0.0,0.0,0.0,0.0
6308,0.9203757200049965,0.06459373751248251,-3.7869389322325286,-0.1366648219121658,0.588383625736117,1.9995807306795577,0.0,-0.0,0.0,0.0,0.0,0.0
6309,-0.05053141657836469,-0.7118598034419328,-3.2990630330380593,-0.482664652366689,0.2979143631314811,2.000080797060616,0.0,-0.0,0.0,0.0,0.0,0.0
6310,0.05864206115466579,-0.29082445030174087,-3.3630871989595477,0.6390206963101029,-0.3069256876511264,2.00023496118178,0.0,-0.0,0.0,0.0,0.0,0.0
6311,-0.40761407080334877,-0.5950267289585635,-1.797917586196028,-0.18308748866444605,-0.40984005012991953,1.9997361151274362,0.0,-0.0,0.0,0.0,0.0,0.0
6312,-0.5749960842373184,0.8039468826137595,-1.7089153128180015,-0.13507652217936209,0.7546659062832324,2.0014407672339085,0.0,-0.0,0.0,0.0,0.0,0.0
6313,-0.5488840332580879,-0.23541740529204633,-1.7457214490408193,-0.82039706309125,0.34288302985776414,1.997009514318476,0.0,-0.0,0.0,0.0,0.0,0.0
6314,0.653615394927869,0.21988193310179185,-4.3312153820450146,-0.29087314298197126,-0.523658867744442,1.995046263381185,0.0,-0.0,0.0,0.0,0.0,0.0
6315,0.33231506280543993,0.8504296671463741,-0.842719093836674,0.7477681170272235,-0.6203022638934009,1.9992383385785863,0.0,-0.0,0.0,0.0,0.0,0.0
6316,-0.27613122442445803,-0.823128999675932,-0.6298307639581655,0.7620165182761981,-0.4557610021295209,1.998828026023858,0.0,-0.0,0.0,0.0,0.0,0.0
6317,0.28127281308802105,-0.3775895334033875,-3.4967418933558885,-0.7249398330154564,-0.5409774169148843,2.0018946650166853,0.0,-0.0,0.0,0.0,0.0,0.0
6318,0.18449739403993098,0.540404279292423,-1.9568894741242568,0.5382662161419498,0.1982631205353099,1.9999701250998632,0.0,-0.0,0.0,0.0,0.0,0.0
6319,0.28296246852377993,-0.3794926394315184,-2.0414800730057396,-0.6562175744395646,-0.402397772738875,1.9964767068215217,0.0,-0.0,0.0,0.0,0.0,0.0
6320,0.08629836978075887,-0.39090983380478095,-1.526165395357801,0.33347153026159937,-0.20269789735093627,2.000577958342537,0.0,-0.0,0.0,0.0,0.0,0.0
6321,-0.6397528745749852,0.4202385792362684,-3.9438973954603473,-0.18673085464152653,-0.15730005511421183,2.0038114043172732,0.0,-0.0,0.0,0.0,0.0,0.0
6322,0.4006368636137661,0.7760052233683769,-4.357624459058837,-0.9460730281558224,0.2547932069602037,1.9981953606383165,0.0,-0.0,0.0,0.0,0.0,0.0
6323,-0.5297071985185277,-0.0383796167244001,-1.4518743480357494,0.3021196845162024,0.46509633751907786,1.9993580991156945,0.0,-0.0,0.0,0.0,0.0,0.0
6324,0.01744822747897203,0.07611181371681709,-3.161576691371501,0.32830631451771175,-0.6457929633657769,2.0031075858409673,0.0,-0.0,0.0,0.0,0.0,0.0
6325,0.136444004510071,-0.1568279432661774,0.23102930772030308,0.8621591209101155,-0.02337568706695318,2.000467481730632,4.8913821348429644e-15,-3.200735669180028e-16,-0.0,0.00011372885072025828,7.216868016310636e-06,-7.93535666876258e-05
6326,-0.48104086054788064,-0.8416237534650474,-2.9261966395634387,-0.35077907145694026,0.34050529301145793,2.0001715410371057,0.0,-0.0,0.0,0.0,0.0,0.0
6327,-0.3217204171959937,0.4507392535800694,-0.931199815457606,0.07511139209122825,0.2628689060170137,1.997525713253306,0.0,-0.0,0.0,0.0,0.0,0.0
6328,-0.7437235180482658,0.5736568574337934,-2.507687691442943,-0.34952482229113163,0.7574166834770665,1.999542059648707,0.0,-0.0,0.0,0.0,0.0,0.0
6329,-0.5145189622223696,-0.5028647510591728,-0.9523397206339511,0.5376239020947491,-0.7755346822980598,2.0013111321775954,0.0,-0.0,0.0,0.0,0.0,0.0
6330,-0.2244001739095415,0.22518737890269389,-2.162833320214312,-0.21311791335896071,0.3647937400149888,2.004038166030134,0.0,-0.0,0.0,0.0,0.0,0.0
6331,0.13473051912378212,-0.17678839661834014,-3.98866439214749,-0.6185374652268661,-0.2733313056720971,1.998404394869038,0.0,-0.0,0.0,0.0,0.0,0.0
6332,-0.18399918669795784,0.8714660007292269,-3.384768066101745,0.23029163372887698,0.6781170708237696,1.9997147720255941,0.0,-0.0,0.0,0.0,0.0,0.0
6333,-0.1774316258370213,-0.8400762910675542,-3.6417301633520034,-0.5524477121530751,0.697757396722115,2.0019296015205392,0.0,-0.0,0.0,0.0,0.0,0.0
6334,0.8862026510706288,-0.04217971640356739,-2.623047632200818,-0.11817557268638959,0.8545985386434916,2.0042957098571876,0.0,-0.0,0.0,0.0,0.0,0.0
6335,0.09274520678424282,-0.521201303119808,-3.8016289343420113,-0.175029691454445,-0.17179187940378032,2.000165418177974,0.0,-0.0,0.0,0.0,0.0,0.0
6336,0.09299601041696398,-0.5537535314304316,0.36505295942882793,0.4465721284564236,0.021794268168789883,1.99959585194726,3.263584046398636e-15,1.4966646529440175e-14,4.129112852271312e-283,7.577185502127411e-05,-0.00034360573413604934,0.0003685667410375992
6337,0.3722324342244143,-0.8610429315491323,-1.2418615468072949,-0.8905657472181516,0.36605715424984064,1.9975157649670043,0.0,-0.0,0.0,0.0,0.0,0.0
6338,-0.03329158042461758,-0.8982928463241611,-1.418774734561855,-0.08985593654823433,-0.9020037664912043,2.000432752423138,0.0,-0.0,0.0,0.0,0.0,0.0
6339,0.6035111051402943,-0.2160321876076567,-3.6230823471494085,-0.22612682806111672,0.7741546639921554,1.9970605534512578,0.0,-0.0,0.0,0.0,0.0,0.0
6340,-0.4348198266052976,0.5417175262395326,-0.15476528083211338,0.4945312567499447,-0.39258497385557023,2.0019524632552446,0.0,-0.0,0.0,0.0,0.0,0.0
6341,-0.17294813407475243,0.19572871446762088,-1.689295840800233,0.4953115801564685,-0.6417418090897223,1.9966605533645838,0.0,-0.0,0.0,0.0,0.0,0.0
6342,-0.39928501304585073,-0.1551208142532753,-0.3630519288892786,0.36065179061820163,-0.8296761382237788,1.9984410760426374,0.0,-0.0,0.0,0.0,0.0,0.0
6343,0.6145689827314317,0.753040378238256,-0.22436605282293784,0.10771901684214501,0.3967005549171427,1.9998936877287616,0.0,-0.0,0.0,0.0,0.0,0.0
6344,-0.791606406837756,0.5857130253363885,-2.1302849459925137,-0.1320412033661749,-0.7992456604034531,2.000347962605423,0.0,-0.0,0.0,0.0,0.0,0.0
6345,-0.36495632292747787,0.8947422166825256,-0.1722232727390194,-0.28848215320947546,-0.39842434343918254,2.000496878028864,0.0,-0.0,0.0,0.0,0.0,0.0
6346,-0.5845128001981054,0.6789936700997666,-2.861631594176959,0.8916902547283599,0.423164751803664,1.9973169719473602,0.0,-0.0,0.0,0.0,0.0,0.0
6347,-0.5321542403013785,0.6945443284746444,-4.011334431915386,-0.8567423547583497,0.02550455704659692,2.000941693699555,0.0,-0.0,0.0,0.0,0.0,0.0
6348,-0.08065291312393957,0.39253512458025475,-0.7554460563686342,0.9259982047058392,-0.2691136133272879,1.9995186914274388,0.0,-0.0,0.0,0.0,0.0,0.0
6349,0.6560539851292976,-0.25170141433497456,-3.728620325197278,0.6761091034185903,-0.680434484336653,1.9985441194395888,0.0,-0.0,0.0,0.0,0.0,0.0
6350,0.6676890383625804,-0.043815240010268534,-2.06999355249944,-0.3616486635114471,0.5577232389046807,2.000043454242882,0.0,-0.0,0.0,0.0,0.0,0.0
6351,0.5220833636564659,-0.5445909309463318,-2.2251227224441408,0.7711305628957072,0.4546212310725601,1.9967980868698334,0.0,-0.0,0.0,0.0,0.0,0.0
6352,0.059078492904895925,-0.36012540982470737,-2.0973923717920715,-0.5126569716019828,-0.19576136438591646,1.99945981759859,0.0,-0.0,0.0,0.0,0.0,0.0
6353,0.6108380154700882,-0.30263615355129325,-1.2745202541086242,0.6665603835014262,0.4574626560712084,1.9946413492085326,0.0,-0.0,0.0,0.0,0.0,0.0
6354,0.3769916113751438,-0.6491854387703235,-0.8921620975301932,0.8904801328878741,-0.37431216449769245,2.0042297985267052,0.0,-0.0,0.0,0.0,0.0,0.0
6355,0.010943141083012333,-0.9891567944060432,-3.5276341404162044,-0.008110480788089956,0.07308199215573569,1.9952085146981953,0.0,-0.0,0.0,0.0,0.0,0.0
6356,-0.5543076164663535,0.2045144079266906,0.26738589730288626,-0.1706662521953847,0.8426131912200054,2.000393764787177,-9.765701931847769e-15,1.780026784886011e-15,-0.0,-0.00022422320768706477,-4.0650018663941485e-05,-1.1975930819802243e-05
6357,0.4755440577299475,-0.8616731429661934,-2.8872494711190804,0.11850258871877468,-0.5566969335985162,1.9990467717413043,0.0,-0.0,0.0,0.0,0.0,0.0
6358,-0.16444056398501203,0.4907844280501012,-0.14646288221478074,0.1491969208342716,-0.0461276599497047,2.0011342651912396,0.0,-0.0,0.0,0.0,0.0,0.0
6359,0.14966423882479699,-0.24245533644416564,-3.531578664541862,-0.34994492894130474,0.3269486408828605,1.9992785642782926,0.0,-0.0,0.0,0.0,0.0,0.0
6360,0.8629840962144725,0.014251058048132531,-1.0887268796777747,0.20490851381577263,0.5036565829871006,1.9966785667280047,0.0,-0.0,0.0,0.0,0.0,0.0
6361,-0.5410813701854542,-0.6082275730200064,-3.647247260684793,0.7110175024890962,0.02388330294331418,2.0012582149108935,0.0,-0.0,0.0,0.0,0.0,0.0
6362,-0.5839890886916139,-0.6639942233010303,-4.448951991277609,0.42866670237748516,0.5391927199873251,2.000281062964379,0.0,-0.0,0.0,0.0,0.0,0.0
6363,0.8326589167042387,0.14698004566943693,-4.063828898562811,0.02083619639361441,-0.024344993547136377,2.0002573071211036,0.0,-0.0,0.0,0.0,0.0,0.0
6364,-0.03907148245453006,-0.22073387739799,-2.9696849644826155,0.4099482258962533,-0.8672184252838464,1.998970983171814,0.0,-0.0,0.0,0.0,0.0,0.0
6365,-0.2654221328719007,-0.7321062338771043,-1.2553678441789047,-0.7062611193768699,-0.09217177312367934,1.9980232285497392,0.0,-0.0,0.0,0.0,0.0,0.0
6366,-0.048108070706771124,-0.5622702228430839,-0.24607853966905952,-0.4821025736878044,-0.8470607123255772,1.9998119591507633,0.0,-0.0,0.0,0.0,0.0,0.0
6367,0.19983631655109083,0.6716499352375437,-2.365192488241474,-0.4274440244223715,0.05757515778615822,1.9979846561540895,0.0,-0.0,0.0,0.0,0.0,0.0
6368,-0.17545487645848573,0.027805287467909487,-0.1861088350481025,-0.6620537765078162,-0.6060777132701641,2.0022134217409,0.0,-0.0,0.0,0.0,0.0,0.0
6369,-0.6006498848405428,-0.49149755498356956,-4.134186975906009,-0.5857235095377382,-0.7065447360373067,2.002908245748635,0.0,-0.0,0.0,0.0,0.0,0.0
6370,0.5355494410823242,-0.1206878556687203,-3.3646698815608542,0.7071873333404962,-0.1314255201871195,1.9982298015499744,0.0,-0.0,0.0,0.0,0.0,0.0
6371,-0.9748059438831811,-0.02531568972671511,-0.4952683564525374,-0.16508938317853003,-0.3392500537194336,2.000937929098873,0.0,-0.0,0.0,0.0,0.0,0.0
6372,0.7071971424266394,0.17001157396776628,-3.981250436311199,0.057079974182298286,0.7726750266300367,2.000963410272307,0.0,-0.0,0.0,0.0,0.0,0.0
6373,0.008873990812826553,-0.1958261677181144,-0.822094864938449,-0.11130342983541787,0.37450293890693925,2.000870794608565,0.0,-0.0,0.0,0.0,0.0,0.0
6374,-0.49145223993174353,-0.4941476622467139,-2.0253249426909514,-0.6090725530917935,0.6800738430078725,2.0011611127285804,0.0,-0.0,0.0,0.0,0.0,0.0
6375,0.510429376243401,0.7383675709496393,-3.0238503701804293,0.6318197532430563,0.08319940748753767,2.00198498168756,0.0,-0.0,0.0,0.0,0.0,0.0
6376,-0.08498264183643674,0.747706213663005,-1.7766474291189644,0.23201608254652978,-0.20101911719857987,2.000662941986526,0.0,-0.0,0.0,0.0,0.0,0.0
6377,0.8809370889441683,0.09853488054506682,-2.341868199000866,-0.054842766226398144,-0.7529604997388049,2.001942549065962,0.0,-0.0,0.0,0.0,0.0,0.0
6378,0.7538936129258265,-0.2734941775888843,-1.0966039605823004,-0.4891967418113889,0.22802049381620315,2.000036160268484,0.0,-0.0,0.0,0.0,0.0,0.0
6379,0.5368310074670471,0.3372938935477587,-0.18613267682451465,-0.5952977985114281,-0.1323989026773572,1.9994446004210662,0.0,-0.0,0.0,0.0,0.0,0.0
6380,-0.08777000567365359,-0.25313647718094423,-0.43927642231133707,0.46513503428080605,-0.5200785326246942,1.9995215342143702,0.0,-0.0,0.0,0.0,0.0,0.0
6381,-0.819756861551258,0.19248820796389962,-3.3221191741331024,0.27019218961738045,-0.45840952369869975,2.0003798582701555,0.0,-0.0,0.0,0.0,0.0,0.0
6382,0.05966232421056664,-0.4827930695501172,-0.36481115841468625,-0.034466979542377874,-0.15285069146154384,1.9964585240915702,0.0,-0.0,0.0,0.0,0.0,0.0
6383,0.05925086036744167,-0.8868984391518951,-3.5647438578309463,-0.14045689229096817,0.009717671554924073,2.001317021190608,0.0,-0.0,0.0,0.0,0.0,0.0
6384,-0.06254765070117262,0.07031422523543136,-0.5699736164971736,0.8987626049736627,0.3723319293413578,2.0002011663299157,0.0,-0.0,0.0,0.0,0.0,0.0
6385,-0.25107647005363704,-0.3387987111905328,-0.14459815410790156,0.42364357880740805,0.5126573368841081,2.000187006675467,0.0,-0.0,0.0,0.0,0.0,0.0
6386,-0.5730036986881103,-0.293069610336889,-3.619659832549543,0.9031573388981546,-0.13502343079320883,2.0005598031323593,0.0,-0.0,0.0,0.0,0.0,0.0
6387,-0.5248092411021883,0.4242465312613868,-0.47100297429808113,0.23777365422294217,0.6605700666427325,2.000442183551884,0.0,-0.0,0.0,0.0,0.0,0.0
6388,-0.7440020112884098,0.6088997535855629,-1.673335123608879,-0.8085773377101849,-0.14786655826628553,1.9968430928583152,0.0,-0.0,0.0,0.0,0.0,0.0
6389,-0.5390484368198212,0.32785466564737237,-4.418552387662567,0.5431228079974776,0.3284011408472904,2.000853871695949,0.0,-0.0,0.0,0.0,0.0,0.0
6390,0.5583094301135855,-0.11140361505900205,-0.23162894705223622,0.7331150354049166,-0.3076529317719549,2.002816278367974,0.0,-0.0,0.0,0.0,0.0,0.0
6391,-0.49253465173026784,0.2673211623248043,-1.6404352804942426,0.09633745039458366,0.01621844750959,1.9989156204266922,0.0,-0.0,0.0,0.0,0.0,0.0
6392,0.7616051630643964,-0.1676282548085093,-0.22177518499623936,0.2085031125681234,0.4354072718414598,1.9972800439961749,0.0,-0.0,0.0,0.0,0.0,0.0
6393,-0.7095050097255069,0.5757515466525034,-4.208700505595705,0.6937438746849222,-0.19745827296021332,1.9973071196753707,0.0,-0.0,0.0,0.0,0.0,0.0
6394,-0.7381577806738898,-0.2547344182441872,-2.23877863048439,-0.3620557481646029,0.4593992262222628,1.9976520536516655,0.0,-0.0,0.0,0.0,0.0,0.0
6395,0.823933738099003,-0.00805787337668541,-0.9475863771114538,-0.4139358168809373,0.6002589956558537,1.9974366940599753,0.0,-0.0,0.0,0.0,0.0,0.0
6396,-0.46485946224874247,-0.7048112460234116,-2.285620267593595,-0.6553626694545265,0.43830759147547216,2.0008176070207964,0.0,-0.0,0.0,0.0,0.0,0.0
6397,0.6868199365139858,-0.6350183576887087,-0.509474766401603,0.3086115311399868,-0.08794671105307163,2.002875484087643,0.0,-0.0,0.0,0.0,0.0,0.0
6398,-0.7106991408300982,-0.34015495395039463,-4.259692348773081,0.230272519138633,-0.8096692918725661,1.9989622919408818,0.0,-0.0,0.0,0.0,0.0,0.0
6399,-0.4222750765158772,-0.6278333923366526,-4.255589958553644,0.19768218151202088,-0.17298848518883525,2.0012461832525217,0.0,-0.0,0.0,0.0,0.0,0.0
6400,-0.10234676984113561,0.4994753765349506,-0.1429567418542614,0.031271838437033996,0.6813377948607501,1.996518219508445,0.0,-0.0,0.0,0.0,0.0,0.0
6401,0.86404695640455,-0.08544957042169715,-2.921506300175185,0.7464370148886406,-0.12449476464284998,2.0019336352516346,0.0,-0.0,0.0,0.0,0.0,0.0
6402,0.5197182820921208,0.07653026745667738,-2.832033337310818,0.19266703799034995,0.8580756912433147,1.9977066059586552,0.0,-0.0,0.0,0.0,0.0,0.0
6403,-0.6016861839290765,-0.2846739818070605,-0.6704602574397449,-0.8496309841985533,-0.42457039293679655,1.995289707316198,0.0,-0.0,0.0,0.0,0.0,0.0
6404,0.4968816322342402,0.3160002149487116,-2.6059166525480335,0.49547991765753874,0.5534137799026272,2.003810798562421,0.0,-0.0,0.0,0.0,0.0,0.0
6405,-0.20460226931982803,0.3656852415821665,-2.2864931583845025,0.9273600367576706,-0.16220107515791757,1.9952066125986858,0.0,-0.0,0.0,0.0,0.0,0.0
6406,-0.9014897006273037,-0.044654449844922124,-3.236551120450643,0.6540640726286836,0.6077598857358981,2.0004654038223846,0.0,-0.0,0.0,0.0,0.0,0.0
6407,-0.025568036502612197,-0.3108234000424446,-1.918463133982743,0.00014530362560281201,0.7848878274085963,1.997841372767063,0.0,-0.0,0.0,0.0,0.0,0.0
6408,0.43467332610222376,0.34296550008582655,-4.254964448994609,-0.6244243115999909,-0.4902058948350704,2.0033125933155547,0.0,-0.0,0.0,0.0,0.0,0.0
6409,0.3079859576845387,-0.8910862732477515,-0.6963423446133892,-0.040187498478704495,-0.3240703180586854,1.9977371272288953,0.0,-0.0,0.0,0.0,0.0,0.0
6410,-0.49995663576885124,-0.4546816618406852,-1.2462490000056439,-0.2694296332399111,0.6971022989582224,2.0009574789958338,0.0,-0.0,0.0,0.0,0.0,0.0
6411,0.36489611859522236,-0.06661986858442791,-2.0199169864901876,0.2479224740058437,0.5209647470087224,1.9948807086541402,0.0,-0.0,0.0,0.0,0.0,0.0
6412,-0.049116442614264955,0.4406418835103931,-1.829783127530002,-0.439639139303126,0.7773161810312137,2.001636419817164,0.0,-0.0,0.0,0.0,0.0,0.0
6413,0.5427375554644924,0.35215207774935414,-3.5801728268332664,-0.28742907872060136,0.07749391066931534,2.0011527808688165,0.0,-0.0,0.0,0.0,0.0,0.0
6414,0.44671988329610324,-0.04909925272704447,-2.0679568919830653,-0.16215489645846176,0.33739416517052595,2.0011361735396025,0.0,-0.0,0.0,0.0,0.0,0.0
6415,-0.5635246336665659,0.2053168384323511,-0.5017122828375488,-0.853540659881592,0.018243917246867643,1.996164749086598,0.0,-0.0,0.0,0.0,0.0,0.0
6416,0.12823758175764396,0.19709920070811165,-3.462455233963449,-0.22089839204045195,-0.9207933092592134,1.9989154386337185,0.0,-0.0,0.0,0.0,0.0,0.0
6417,-0.6744159261314199,-0.3303384447899047,-1.8172887920973948,-0.6516371585764182,0.45841651237520453,2.0024587855528364,0.0,-0.0,0.0,0.0,0.0,0.0
6418,0.18699717138577784,0.4689933717834338,-2.357803397295862,-0.5007143213809593,-0.47404917120544005,2.000851573255733,0.0,-0.0,0.0,0.0,0.0,0.0
6419,0.010043039476295625,-0.41586039821841836,-0.019727451825204186,-0.3751555181515319,0.5990223948831481,1.997640870888903,0.0,-0.0,0.0,0.0,0.0,0.0
6420,0.15851951070513315,0.6518523435919029,-4.0790481223736625,0.003350130527615506,-0.18899713005964072,1.998812072110044,0.0,-0.0,0.0,0.0,0.0,0.0
6421,0.2704157189558049,-0.42038259140584,-0.7777572172792124,0.32058821304389906,0.7157256919228892,2.0005711889230136,0.0,-0.0,0.0,0.0,0.0,0.0
6422,-0.5341054216740971,0.7018419991253136,-1.3401776221657093,0.714305035869047,0.11552027064151814,1.996800612689303,0.0,-0.0,0.0,0.0,0.0,0.0
6423,-0.5830921613339876,0.024109077973470484,-3.212345966982483,-0.08952977062625313,0.7165755865561501,2.000480172978645,0.0,-0.0,0.0,0.0,0.0,0.0
6424,0.8946489615298878,0.1995330358529761,-3.7750303444003537,0.22922334852553314,-0.19467417063814432,2.0002857743032263,0.0,-0.0,0.0,0.0,0.0,0.0
6425,0.2583581200280107,-0.45547289070231756,0.29201217811130276,0.023327721996840564,0.7559995467799694,1.999840594116858,4.2963179782801977e-14,1.7969378897823204e-14,-0.0,0.0009820261771103223,-0.0004326890472406418,-0.00028750137814296026
6426,-0.16759287783141974,0.7999499353461473,-1.8013599700487068,0.6103756809838806,0.23386180352123045,1.9996835664177768,0.0,-0.0,0.0,0.0,0.0,0.0
6427,-0.6627140610621471,-0.33187795917780066,-2.1091736901052904,0.6810479674655306,0.685427128188685,2.003704295782831,0.0,-0.0,0.0,0.0,0.0,0.0
6428,-0.1555380967164096,0.7160383098215465,-0.6300998402099526,0.3597541355088475,0.11456156757496457,1.999176075182246,0.0,-0.0,0.0,0.0,0.0,0.0
6429,-0.2767096989586361,-0.1475996156014066,-1.738678258772613,0.42577425834711724,0.4401984122456254,1.9986851866003537,0.0,-0.0,0.0,0.0,0.0,0.0
6430,0.851287670615563,-0.34213626719753004,-3.4515845738779825,0.3911870691234429,-0.010429421646616012,1.9984671426710185,0.0,-0.0,0.0,0.0,0.0,0.0
6431,-0.8784052477904579,-0.16688447221740157,-0.9695037462511276,0.6074891637097874,-0.5523443855574027,1.9983948437186803,0.0,-0.0,0.0,0.0,0.0,0.0
6432,0.06874873933382815,-0.333002918040556,-4.260901516959848,-0.9523742747434449,0.23706062019932214,2.00134840605584,0.0,-0.0,0.0,0.0,0.0,0.0
6433,-0.9245152418153336,0.22205600691122648,-0.0862649147858105,-0.5635508029809783,-0.6851303302645564,1.997745298844646,0.0,-0.0,0.0,0.0,0.0,0.0
6434,-0.4561096226822901,-0.2863874323797258,-2.019052569239784,-0.8597499837444009,-0.1624586242652084,1.9976144188689915,0.0,-0.0,0.0,0.0,0.0,0.0
6435,-0.7291239722319234,0.014628540688193546,-0.8662088346302853,-0.769234275315219,0.1807162492623992,2.001860923203199,0.0,-0.0,0.0,0.0,0.0,0.0
6436,0.1689946853523493,0.1491108748884718,-3.333704949701729,-0.20961666125655024,-0.09278242386432874,2.00034779868111,0.0,-0.0,0.0,0.0,0.0,0.0
6437,0.07430921292519335,0.39753419493206354,-3.989625867495943,-0.028034903394171955,0.8438002626996746,2.0007544946538713,0.0,-0.0,0.0,0.0,0.0,0.0
6438,-0.36252626725252474,-0.5879767433608851,-3.103265137594493,0.1247367630910269,0.6992280962593316,2.001673999445271,0.0,-0.0,0.0,0.0,0.0,0.0
6439,0.18378738148376822,0.5592566709651446,-2.572420202062252,-0.8782467758337379,-0.1353431545305512,1.9964061742813195,0.0,-0.0,0.0,0.0,0.0,0.0
6440,-0.6397049004280332,-0.5369617671316177,-1.9940833294822193,-0.4355110107027132,0.20839447291567678,2.0013447449515107,0.0,-0.0,0.0,0.0,0.0,0.0
6441,0.8666323930869443,-0.041416727986135375,0.46000437543691614,-0.12967398901030824,-0.7993212337277024,1.9974917641236607,2.0839029628988604e-14,3.2371287730266416e-15,-2.0034374539211196e-228,0.0004789698585253964,-7.499646764825986e-05,0.0004183986223581603
6442,-0.462233274980533,0.8183516791069526,-1.9692206118906441,0.3042856673439659,-0.23163194839126575,1.99899919745191,0.0,-0.0,0.0,0.0,0.0,0.0
6443,0.37980118257566486,-0.06963289885650546,-1.2325325001599756,0.7313828431765136,0.5668467057155187,2.0018245380075887,0.0,-0.0,0.0,0.0,0.0,0.0
6444,0.2854322112322573,-0.6855294760414882,0.21338213864381933,0.4910253822953128,-0.7699485084403791,1.9968375482188991,8.659239981455522e-15,1.2326594175691105e-14,-0.0,0.00020060884038295887,-0.0002825114104353071,-0.0001458561876361503
6445,-0.1674907180726242,-0.2170657888934481,0.015764079816247303,-0.6042362077672938,0.3595967198163984,2.0008463426204295,-5.959116538104353e-15,1.4906796786798589e-15,-0.0,-0.00013633708575855203,-3.437196991421958e-05,-0.0005431434014940183
6446,-0.16377178233682585,-0.7717399777723478,-1.7185431151025257,-0.3106595503985473,0.8453850674686395,1.9995910787177955,0.0,-0.0,0.0,0.0,0.0,0.0
6447,0.07777665214342945,-0.8082696936646662,-0.2040056835316458,0.2772616759660387,-0.8058598761462198,1.9976793899758336,0.0,-0.0,0.0,0.0,0.0,0.0
6448,0.07555529106987002,-0.11148251957589639,-2.565317407715424,-0.6453340780245619,-0.2414300504537478,1.9972265011962933,0.0,-0.0,0.0,0.0,0.0,0.0
6449,-0.6271828155174629,0.34420914737053837,-1.2437800402787613,0.1660927351300983,0.09217987468171274,2.0013622390072157,0.0,-0.0,0.0,0.0,0.0,0.0
6450,-0.7637371448773377,-0.2598253301629065,-2.002225588841834,-0.7698333140872318,-0.5603345205304371,1.997995211630677,0.0,-0.0,0.0,0.0,0.0,0.0
6451,0.11152306242592314,0.6334020758195431,-2.4482108058615557,-0.2546179548125201,0.1652240916345445,2.0032135988202175,0.0,-0.0,0.0,0.0,0.0,0.0
6452,0.057313363818129306,-0.10393854567643306,-3.341874080900384,0.13196595843138081,-0.4904200362763978,2.0036010389167735,0.0,-0.0,0.0,0.0,0.0,0.0
6453,-0.21749638207470273,-0.9034771922317134,-0.6259729511635045,0.8284118845779598,0.23604715967106757,2.001711529574157,0.0,-0.0,0.0,0.0,0.0,0.0
6454,0.4247217266932664,-0.37297077533653406,-1.985866852817046,-0.048733911694212255,0.376872116121062,2.002215610693189,0.0,-0.0,0.0,0.0,0.0,0.0
6455,0.26148560126399356,-0.21257634617770965,-0.0887047398891328,0.04304100702457503,0.19140339191732364,2.0019666580382594,0.0,-0.0,0.0,0.0,0.0,0.0
6456,-0.16422523674852674,-0.6955562416382072,-2.1153689188053515,-0.8940830406038777,-0.3257298006505987,2.0004191310841746,0.0,-0.0,0.0,0.0,0.0,0.0
6457,-0.0006428128282826631,-0.667421255314387,-3.3145412580836697,-0.5331432706663525,0.5846415726157274,1.9972622809848843,0.0,-0.0,0.0,0.0,0.0,0.0
6458,0.33160239968747035,0.34334978745573796,0.31496072639370476,-0.03762465391838866,0.3612347104868092,2.001208508063646,1.668171274811698e-14,-2.8414193324616093e-15,4.09207173377e-313,0.00038313329315042615,6.488752717531006e-05,0.00024490630341283894
6459,0.6968984352544302,0.5780072635581484,-3.6081503098549437,-0.2672332584717161,-0.008296988423373768,1.999253922648231,0.0,-0.0,0.0,0.0,0.0,0.0
6460,-0.1563740489962156,0.0840026589289013,-1.2731296464552724,-0.328806313454099,-0.3705426357831194,1.997930946414098,0.0,-0.0,0.0,0.0,0.0,0.0
6461,-0.44364394699835547,-0.7832262789522366,-0.47431374232172324,0.863298314284435,0.13047339900577332,1.9987306453615565,0.0,-0.0,0.0,0.0,0.0,0.0
6462,0.11927237372849557,0.5377481404187998,-0.24868999955917828,-0.8976610618020366,-0.01048232836446688,1.9989269278878212,0.0,-0.0,0.0,0.0,0.0,0.0
6463,0.46243180761637803,-0.7172884045588982,-3.4238141711217462,-0.1690273345135242,0.5213421182721316,1.9978432324843407,0.0,-0.0,0.0,0.0,0.0,0.0
6464,-0.5473241418073955,-0.23185506433908615,-1.789660977872967,0.9662477152519607,-0.1991242144933563,1.9996289527564153,0.0,-0.0,0.0,0.0,0.0,0.0
6465,-0.8097558971296697,-0.3947618774881323,-3.7298470140701787,0.35119401774728387,-0.34193974970676916,1.9967037609778067,0.0,-0.0,0.0,0.0,0.0,0.0
6466,0.05474811422191426,-0.8401915112158966,0.05448209727773599,0.8646261517056739,-0.1273837558518433,1.9991982590928168,1.787568411996365e-14,3.278593447771427e-14,-0.0,0.00041707547902095906,-0.0007609611222279825,-0.0005115573412247739
6467,-0.792685498152543,0.4379784960969054,-3.3356947377891,-0.35590881395150853,-0.25994582065982624,1.9995893454181728,0.0,-0.0,0.0,0.0,0.0,0.0
6468,0.0580196523335223,0.026989066060021973,-3.795453371639636,-0.9795912326560701,-0.07756234234129963,2.002642209158026,0.0,-0.0,0.0,0.0,0.0,0.0
6469,0.26510522582927526,0.4055464105647038,-4.426224318478719,0.34456650109738546,0.4929161410620595,2.003178419544739,0.0,-0.0,0.0,0.0,0.0,0.0
6470,0.32470817827308773,-0.4207770715099598,-1.0021099815289676,0.09007413665686369,-0.03395408350683423,1.9994695595630785,0.0,-0.0,0.0,0.0,0.0,0.0
6471,0.06761690022209668,0.861379898325035,-1.0904748188107818,0.013852508947500177,-0.86501368161311,2.000289105787982,0.0,-0.0,0.0,0.0,0.0,0.0
6472,-0.2595640752271953,-0.7269994441979781,-1.5913842888819034,0.46268092433384056,-0.07278584562056736,2.0011639776648575,0.0,-0.0,0.0,0.0,0.0,0.0
6473,0.09309297995029858,0.49140933887015603,-3.8925356795841273,-0.25146718387726624,-0.24843606152797632,2.0012244248409257,0.0,-0.0,0.0,0.0,0.0,0.0
6474,0.47660405660818894,-0.24014218940493015,-3.9026081564925286,-0.40331986237920703,-0.28062869773401655,2.0016389515283124,0.0,-0.0,0.0,0.0,0.0,0.0
6475,0.0017458646449206344,-0.6626690473096982,-1.4769327508505365,-0.0156962432924933,-0.2276882435126468,2.000905606812869,0.0,-0.0,0.0,0.0,0.0,0.0
6476,-0.3168778312863802,-0.7115069918108253,-2.7971622233829274,0.08753016457697668,0.7544670333213133,2.000232267845991,0.0,-0.0,0.0,0.0,0.0,0.0
6477,0.8039138198896268,0.10391689382057599,-1.7006594670800965,-0.6347053391518639,0.052110024848587386,2.0024779950690808,0.0,-0.0,0.0,0.0,0.0,0.0
6478,0.11085687234356158,-0.6581067737097143,-1.5399171948423371,0.6900896863449708,0.3413756591024286,2.0013053412399344,0.0,-0.0,0.0,0.0,0.0,0.0
6479,-0.9364620945231549,-0.025422062012708968,-3.889915975735581,0.1921805746193376,-0.6594277948577659,2.00202558984801,0.0,-0.0,0.0,0.0,0.0,0.0
6480,-0.6411238784228056,-0.24683843834854874,-2.134269356675446,0.011827257933648326,0.5763550752841858,2.000452823746817,0.0,-0.0,0.0,0.0,0.0,0.0
6481,0.894763298236051,0.16288264441827946,-3.480821676248435,0.7632136710911789,0.25196093659563157,2.000500022083377,0.0,-0.0,0.0,0.0,0.0,0.0
6482,-0.6450812144718984,0.2165679243746027,-0.23107989136646445,0.8842729027258673,0.03572782174626599,1.999155257126884,0.0,-0.0,0.0,0.0,0.0,0.0
6483,0.5311331707758098,0.7809382732875234,-0.42659919396228146,0.2174679573844415,-0.8158373562443664,1.9986000506015318,0.0,-0.0,0.0,0.0,0.0,0.0
6484,0.6092707673767391,0.5506494748110008,-2.7408097352547967,0.22026376103090975,0.044833855483452686,1.9997526955335803,0.0,-0.0,0.0,0.0,0.0,0.0
6485,-0.6539858573242723,-0.7063307816465906,-2.835655286701341,0.7231549208438356,-0.3331931552130205,1.9992737820387114,0.0,-0.0,0.0,0.0,0.0,0.0
6486,-0.7225833560132674,-0.5965607091068135,-3.4384999412669246,-0.8376798974344262,0.3882599456873988,1.9985343936414528,0.0,-0.0,0.0,0.0,0.0,0.0
6487,-0.2764526568272978,-0.3558291955696742,-2.387032808168892,0.6829520180936921,-0.1705439440262023,2.0007428885656515,0.0,-0.0,0.0,0.0,0.0,0.0
6488,0.6357295808724193,0.7363585493270999,-4.075247846559924,0.2536913406219451,0.5602548264038989,2.0007640535187714,0.0,-0.0,0.0,0.0,0.0,0.0
6489,-0.3768977070944466,0.004483024645619594,-2.178207157334847,0.45630483348244355,0.8234666305691113,2.000598858330388,0.0,-0.0,0.0,0.0,0.0,0.0
6490,0.26610645629408913,-0.33676811335489515,-0.060829331988014636,0.4969028148264565,-0.09639823993465121,1.9990002329184056,0.0,-0.0,0.0,0.0,0.0,0.0
6491,0.37438002761899736,-0.6219331990724561,-2.311067064289217,-0.7760598121036039,-0.43797121160086827,2.0005170456840355,0.0,-0.0,0.0,0.0,0.0,0.0
6492,0.2228163842462988,0.6912276747797437,-1.2222255139374198,-0.04522398506704191,0.4349302611601434,2.0000184918112325,0.0,-0.0,0.0,0.0,0.0,0.0
6493,-0.2984593247465671,-0.1605492659559031,-3.7916351461881983,0.37503349090668575,-0.7527865424506495,1.9962121134524209,0.0,-0.0,0.0,0.0,0.0,0.0
6494,0.6067184556553357,0.65515973488434,-1.8353914427920455,-0.03958203395733746,0.981535267021172,2.0003203510234604,0.0,-0.0,0.0,0.0,0.0,0.0
6495,0.3039249748905365,0.6300056403279555,-0.3905063448299341,0.7353370875116078,-0.5462310154791953,2.0020830893065287,0.0,-0.0,0.0,0.0,0.0,0.0
6496,-0.8275043307753948,-0.16802519164377858,-4.3412336635691675,-0.1905806029529835,0.9291591109260892,1.9992603363643817,0.0,-0.0,0.0,0.0,0.0,0.0
6497,0.31224387186606817,-0.30106741400827247,0.274770184937742,-0.7643704335226214,0.26043473847615617,1.9986217308020982,9.819245263499043e-15,1.0488541843941855e-14,0.0,0.00022433985228444503,-0.00023898783086683025,6.776681702080343e-05
6498,-0.14111917349319028,-0.2798952588886453,-0.8751525013060008,-0.369705373645551,-0.2081114835026286,1.9977748035308327,0.0,-0.0,0.0,0.0,0.0,0.0
6499,0.09211359565219791,-0.01975680259679232,-4.400400958496701,0.025735810886283073,0.1553221733762662,1.9962912506803598,0.0,-0.0,0.0,0.0,0.0,0.0
6500,-0.6636070376990915,0.15559638522204428,-3.542912860710283,0.5968804845176237,0.38170022237639767,2.0030318012546173,0.0,-0.0,0.0,0.0,0.0,0.0
6501,0.5497470941094561,-0.6268214495834556,-0.4335968580860464,-0.24593168970586055,-0.3433718848011344,1.9984441890638442,0.0,-0.0,0.0,0.0,0.0,0.0
6502,-0.35410264263538854,-0.327177401343702,-3.296397710162812,-0.011654367834987986,0.170958901400896,1.9999391533450295,0.0,-0.0,0.0,0.0,0.0,0.0
6503,-0.8364924885966599,0.38249433607554817,0.09688256148418445,-0.5863884422855495,0.6056013658846529,1.9985574276315303,-1.2625631010640957e-13,-8.414357148008862e-14,0.0,-0.0029108796450465183,0.0020045207412611545,5.420382154831563e-05
6504,-0.002726656032096082,0.37384879933654563,-2.9260441931631096,-0.6668848881328314,0.27072295677541314,1.999879565503629,0.0,-0.0,0.0,0.0,0.0,0.0
6505,-0.11468960130714861,0.7782232318859024,-4.412140572072947,0.5834576595765898,-0.7231866043319101,1.9997642595792033,0.0,-0.0,0.0,0.0,0.0,0.0
6506,-0.5106074878965305,-0.3590055259848776,-4.333868831386663,0.8872606618852199,-0.015454541063020516,1.9986385558972755,0.0,-0.0,0.0,0.0,0.0,0.0
6507,-0.6640362165500574,0.47554378143751436,-0.20709995466271225,-0.054168191532938795,0.6099997091161302,1.999950692968613,0.0,-0.0,0.0,0.0,0.0,0.0
6508,-0.5038677595266651,-0.10043151431417889,-4.2986164251490715,0.1833538025325073,-0.7201948966167513,1.9981612184652737,0.0,-0.0,0.0,0.0,0.0,0.0
6509,0.5298736209003062,-0.11342126006145067,-1.9938217457162366,-0.060234840951255204,-0.7978303049836146,2.003393625113541,0.0,-0.0,0.0,0.0,0.0,0.0
6510,-0.07362149624939658,0.7955530075904075,0.040482372206294984,0.09916855246733912,-0.12208610408432304,2.000813489587319,-2.1715778902143075e-15,-2.1499205045361166e-14,-0.0,-4.9798075346266986e-05,0.0004885550183991182,-0.0005336021858918707
6511,0.40792197220271836,-0.12892858748135083,-1.860796463700859,0.9437028573877521,0.17081637081774498,2.0016091383220047,0.0,-0.0,0.0,0.0,0.0,0.0
6512,0.6574588723426021,-0.15369452992267504,0.3606063030663891,-0.45771650155764515,-0.4348587901297345,1.9998576373592059,1.700681189514558e-14,4.20043221307925e-15,-4.1389585325755384e-285,0.00039154576772485117,-9.80276174936191e-05,0.00018724411887616096
6513,0.8826507316088492,-0.44797270813859325,-3.505289302699428,0.40650737501861445,0.2143037509408077,1.9999344932076355,0.0,-0.0,0.0,0.0,0.0,0.0
6514,0.8971043504550925,-0.2696490513331566,-1.0315523697648354,0.3494149257103391,0.6651919427522354,2.0014541370656356,0.0,-0.0,0.0,0.0,0.0,0.0
6515,0.4587211928948535,0.38549206723431917,-4.022591752401455,0.6420186876545264,0.1645668588781895,1.9991036869946717,0.0,-0.0,0.0,0.0,0.0,0.0
6516,-0.03483726865076003,-0.9120065270481545,-3.587337357322637,0.5430332949692911,-0.22260828865353213,1.9999636060936075,0.0,-0.0,0.0,0.0,0.0,0.0
6517,0.32488512157027094,-0.3305715918682128,-2.030742990219157,0.034769657992722094,-0.6756287949948289,2.0031853872094025,0.0,-0.0,0.0,0.0,0.0,0.0
6518,-0.5388542996059732,-0.48238588253286574,-3.556828111406708,0.1446494783595397,-0.5088408727053702,2.0021189197064118,0.0,-0.0,0.0,0.0,0.0,0.0
6519,-0.7982903463180068,0.009669990262768746,0.0037445247390786923,0.4700757062775025,0.46177428200859794,1.9999463166806009,-1.600769473637379e-14,3.860642500238081e-15,-0.0,-0.0003670227913133519,-8.810369374511281e-05,-0.0005038408496302831
6520,-0.1273012356116302,0.26484801615606407,-3.0843017945544817,-0.4636228097356268,0.8201163831471453,2.000308469948849,0.0,-0.0,0.0,0.0,0.0,0.0
6521,-0.48779607413709863,0.7929891732548275,-4.185750905890255,0.13012578247671316,0.5650912091321604,1.9978563487821022,0.0,-0.0,0.0,0.0,0.0,0.0
6522,0.9166472184425731,-0.37456395108046703,-4.329655612592384,0.2637510938213378,-0.6288477616620701,1.9955688708971089,0.0,-0.0,0.0,0.0,0.0,0.0
6523,0.3640147048687163,0.8878136836715377,-2.986887369132302,-0.34744659350865875,-0.9054218747755729,1.9992842269005864,0.0,-0.0,0.0,0.0,0.0,0.0
6524,-0.37551161582121334,0.24848785662259207,-1.4084445941081376,-0.6548164743916668,-0.7233397145156253,2.0001719698887834,0.0,-0.0,0.0,0.0,0.0,0.0
6525,0.23655498460895388,0.2547383206235823,-0.10042485104675739,0.7755667288697974,0.2182333911432655,2.0018476742773608,0.0,-0.0,0.0,0.0,0.0,0.0
6526,-0.7326043275643024,0.44673731584770066,-3.5832956061767702,0.9566858371841728,0.26742695057182264,2.003848953607853,0.0,-0.0,0.0,0.0,0.0,0.0
6527,-0.05717050529865161,0.6933461357575574,-3.2821620608473943,0.01056021330715229,0.2963212259922578,2.002148906655668,0.0,-0.0,0.0,0.0,0.0,0.0
6528,0.006649164625692578,-0.7548096093012984,-3.7601676745747086,0.7487319776024552,-0.524151611857426,1.9978428958633176,0.0,-0.0,0.0,0.0,0.0,0.0
6529,-0.6518514321394115,0.14722526345758435,-1.8733405683555238,0.41379953405457326,0.16146966276333868,2.0007450917444984,0.0,-0.0,0.0,0.0,0.0,0.0
6530,-0.3554391777543794,-0.1440099945340716,-2.9874723568796058,-0.23916935409877502,0.21387598669102068,1.9971921758604678,0.0,-0.0,0.0,0.0,0.0,0.0
6531,0.056427400848698614,-0.916611123783359,-1.6042839231604364,0.1993336395121339,0.8768050622295821,2.000713599721711,0.0,-0.0,0.0,0.0,0.0,0.0
6532,0.5967427894367401,-0.7311128114285196,-3.9933502388723943,-0.5990431228113859,0.6723513328650548,1.9991569773048727,0.0,-0.0,0.0,0.0,0.0,0.0
6533,-0.2757818611745559,0.4296896376100311,-0.43829073520707457,-0.62647097163981,0.05992346006614164,2.000995644166617,0.0,-0.0,0.0,0.0,0.0,0.0
6534,-0.3483574908337963,0.11239823514398005,-2.6303682702367635,0.34691374899762006,0.27398982719884857,2.0008419596247102,0.0,-0.0,0.0,0.0,0.0,0.0
6535,0.2939012104554969,-0.026825763652099092,-2.152168322993097,-0.6930829862437454,-0.5871170316405698,2.0018463179578636,0.0,-0.0,0.0,0.0,0.0,0.0
6536,0.2287216229514333,-0.6445214287236016,0.075379094958339,0.1482285568557593,-0.9464718366343192,1.997886879698989,5.185353814406666e-15,8.25266027223829e-15,-0.0,0.00012197366070746291,-0.00019056203948844132,-0.0003220183529399239
6537,-0.3888357347588184,-0.6798544503102988,-3.2332720292654176,-0.34405643729538,0.919204248720278,2.000905015344519,0.0,-0.0,0.0,0.0,0.0,0.0
6538,-0.6277470317624507,0.3986239314029015,-1.127516141773966,-0.45397378896496765,-0.7225884476701677,2.005767527933158,0.0,-0.0,0.0,0.0,0.0,0.0
6539,-0.3683570443515031,-0.5526001240921228,-2.465709748145754,-0.17843177757477197,-0.245552554652582,2.000405666319738,0.0,-0.0,0.0,0.0,0.0,0.0
6540,0.15176501613850246,0.4120434814282467,-4.255221973034044,0.6354960265071367,0.5269160787634387,2.003251099483002,0.0,-0.0,0.0,0.0,0.0,0.0
6541,0.08519628254280492,-0.7604937189197057,-3.0523372300074265,0.3465069461061849,0.8539655060189454,2.000135201816192,0.0,-0.0,0.0,0.0,0.0,0.0
6542,-0.7860974227753874,-0.10670068245047055,0.27974933023083093,-0.26800401289992665,0.21547986164648936,2.001925424083966,-1.55217304608508e-14,-1.3340973933679714e-14,0.0,-0.00035441382015534645,0.0003052925173967755,0.0001448518701512684
6543,-0.3835987109395847,0.006702499901814708,-3.28137671960493,-0.7481988656921543,0.5938825375288899,2.000200676052653,0.0,-0.0,0.0,0.0,0.0,0.0
6544,0.790795030102719,-0.3549757033046061,-0.27767185116151794,0.6509095833443567,0.5875327821226459,2.002126037834608,0.0,-0.0,0.0,0.0,0.0,0.0
6545,-0.6797138355390846,0.5228705550575636,-0.7562701838395741,-0.5582771513761783,0.8123969187542627,1.9991626478248923,0.0,-0.0,0.0,0.0,0.0,0.0
6546,0.2647467422956871,0.7624783494482869,-2.886901461370448,-0.6560017150667273,0.09326833264430988,1.9993868684371832,0.0,-0.0,0.0,0.0,0.0,0.0
6547,0.4157108682377799,-0.4878287712227842,-0.4677638166607708,0.8491227303998267,0.03519581964535123,2.0008904648408135,0.0,-0.0,0.0,0.0,0.0,0.0
6548,0.7114023061977336,-0.24740058778555224,0.22875251622541584,-0.6297333014600107,0.7335382695657809,1.9963091504218542,1.023925250951378e-14,1.1161743520921872e-14,-0.0,0.00023445167679262644,-0.0002626601345875747,-7.340428900429629e-05
6549,0.2712477374568969,-0.0004290561756994042,-0.5383303326971777,0.4989966571186611,0.6763053199894972,2.003871844401392,0.0,-0.0,0.0,0.0,0.0,0.0
6550,-0.3565693531296455,-0.5596645775408319,-2.348085686933779,-0.00506146514313581,0.4823221669100576,1.9994532072211462,0.0,-0.0,0.0,0.0,0.0,0.0
6551,-0.41557059457028533,-0.42185657297883833,-4.080893849955056,-0.15682854900118087,0.5244888949335572,2.004282419219279,0.0,-0.0,0.0,0.0,0.0,0.0
6552,-0.011260194419033037,-0.06539282240947464,-3.6095409661918043,0.7303161976950507,-0.18465274416330762,2.0023494823758097,0.0,-0.0,0.0,0.0,0.0,0.0
6553,-0.4808193679589795,0.8410742287968335,-0.032910273813222944,0.6850355365390617,-0.630731015116158,1.9973271846108673,0.0,-0.0,0.0,0.0,0.0,0.0
6554,0.6690261026194542,-0.4102244063035245,-0.22438398143357247,-0.1369574102009112,0.5894513321486532,2.0006330134963646,0.0,-0.0,0.0,0.0,0.0,0.0
6555,0.22526741228175626,-0.969660147986372,-1.422444074362687,0.5651732016347448,0.11654782061502936,2.0003951005119682,0.0,-0.0,0.0,0.0,0.0,0.0
6556,0.77999809068204,0.5000038488600846,-2.4546502009165607,0.08294266369582075,-0.26895770708013905,2.0002087188658173,0.0,-0.0,0.0,0.0,0.0,0.0
6557,0.49155827857678513,-0.6267343078060933,-1.7246339039419825,0.3448391886763378,0.3509714175955626,2.002222019465314,0.0,-0.0,0.0,0.0,0.0,0.0
6558,0.07505546258432784,0.21580044722395447,-2.014191770855069,-0.45591461736811095,0.6363640982233332,2.002623144335978,0.0,-0.0,0.0,0.0,0.0,0.0
6559,0.08492069178825487,-0.09687106465168892,0.42847149430494763,-0.45673968042595114,-0.16626990100419092,1.9997883590488827,1.3132080240927483e-15,-5.550164581774469e-15,-2.099465111132251e-247,3.04265444117166e-05,0.0001279924961707129,0.00037839997270608036
6560,-0.3348595977953989,-0.7699833226987781,-2.332445430030347,-0.11801350367288048,0.7008201681260615,1.997935832930337,0.0,-0.0,0.0,0.0,0.0,0.0
6561,-0.5526173660160693,-0.40963056825186744,-0.7122009829921312,0.4417582656148152,0.7299195456833912,1.9991740631113526,0.0,-0.0,0.0,0.0,0.0,0.0
6562,0.6045361262160489,0.3081800950933481,-2.4598996950110745,0.8515145650146022,0.3488978842025421,2.00284764468004,0.0,-0.0,0.0,0.0,0.0,0.0
6563,0.2004465939452478,-0.21746202119537172,-2.3792303589644512,0.399067351308731,0.8855827742792827,1.9993886735090098,0.0,-0.0,0.0,0.0,0.0,0.0
6564,0.23867842996156832,-0.9678524644357535,-3.4851603456344042,0.7510002071147295,-0.1447033952257092,1.9986285224768217,0.0,-0.0,0.0,0.0,0.0,0.0
6565,-0.3130905360545061,0.6887875945244685,0.07799336440816722,-0.18383706863756014,0.0655739690572801,2.0005293050152244,-1.0898660024880598e-14,-1.883096059817135e-14,-0.0,-0.00025038904238774203,0.000432304939639389,-0.0003498853247750908
6566,0.16197384074300863,-0.016539030493101996,-2.2797016518970143,0.7436046508223767,0.04623696586289512,2.0027226108901344,0.0,-0.0,0.0,0.0,0.0,0.0
6567,-0.6468724262303014,-0.04358299570538232,-3.9885969237552454,-0.36629628520720175,-0.050858950419202936,2.0017527160832986,0.0,-0.0,0.0,0.0,0.0,0.0
6568,0.7042841290955256,0.22921299981704277,-0.5325543640260438,0.5409681938491128,-0.3494725709384149,2.003370305043189,0.0,-0.0,0.0,0.0,0.0,0.0
6569,-0.4771652881760576,-0.8187790430631245,-4.21495679317001,-0.07164283225486896,0.3881743654443383,2.0021144721946036,0.0,-0.0,0.0,0.0,0.0,0.0
6570,-0.45932066698895907,0.3673222428944917,-0.13892995139082295,0.7391739984373089,0.313344183331445,2.0039321703002337,0.0,-0.0,0.0,0.0,0.0,0.0
6571,0.2335036902132005,-0.16252970083870855,0.30047885076533,0.03481961700144355,-0.5922411802951899,1.9977221071403428,6.9584417928154375e-15,-5.66022197805691e-15,-4.014e-320,0.00016069206612115002,0.00012810326907205228,0.0001470090382273743
6572,-0.12021688701219374,-0.35292748606495844,0.3655506204052669,-0.13519382743046207,0.533348902604763,2.0003008930976685,8.769184892667106e-16,9.256087635155159e-15,9.989726394901009e-283,2.0399262556585908e-05,-0.0002128155396790937,0.00040188872489345314
6573,0.35480151266173976,0.6371454673331891,-3.7726687592058297,-0.6454452921464038,-0.22440885920193998,1.9954129906931721,0.0,-0.0,0.0,0.0,0.0,0.0
6574,0.2947087490283421,0.18357978441805517,-3.745157234502573,-0.598482231322497,-0.2700995075297363,1.9969829416491451,0.0,-0.0,0.0,0.0,0.0,0.0
6575,-0.4086702137729582,-0.04398684091308157,-0.8422334956374125,0.22505415014198762,0.6586579026159068,1.9986850251637933,0.0,-0.0,0.0,0.0,0.0,0.0
6576,-0.8598816792167846,0.16533109230564502,-2.7842858136988906,0.05409394063841357,0.7358498622475118,1.9958337754372324,0.0,-0.0,0.0,0.0,0.0,0.0
6577,0.023806223074610694,-0.38365230276056006,-2.2957266765211974,0.2708732127161583,-0.6533769515990897,2.00238610014369,0.0,-0.0,0.0,0.0,0.0,0.0
6578,0.619906345889691,0.7682988187379208,-4.463974099374525,0.21874728387762063,0.35100765296348313,2.0015489543088663,0.0,-0.0,0.0,0.0,0.0,0.0
6579,0.8808091667997993,-0.4662589897819495,-4.258994492496236,-0.15254741578335734,-0.21965359734728987,2.000424747496014,0.0,-0.0,0.0,0.0,0.0,0.0
6580,0.27060992692689534,-0.6281518098523546,-3.1333400174291453,0.697589342552794,-0.1554872554481147,2.000439417435423,0.0,-0.0,0.0,0.0,0.0,0.0
6581,-0.28489959461430264,-0.14813423115140448,0.17844026563123033,0.4541015034069797,-0.5871747146614381,1.9999577866904836,-7.481607162774395e-15,-1.4585936383510522e-15,-0.0,-0.0001715015305191296,3.25956415676813e-05,-0.0003720787730471245
6582,0.36604185681104967,0.19538658377156626,-1.706878250579128,0.2999820595603034,0.31807947310819534,1.9987757282703016,0.0,-0.0,0.0,0.0,0.0,0.0
6583,-0.9173249010043969,0.39508833191309467,-1.153311771679063,-0.9399493019435313,-0.1276534214846412,2.0051194228941913,0.0,-0.0,0.0,0.0,0.0,0.0
6584,-0.1851865539302968,0.6662509927175206,-0.7686291831758544,-0.7383240372488202,0.5130146407232176,1.9965773666063018,0.0,-0.0,0.0,0.0,0.0,0.0
6585,0.7984989881306392,-0.2336316506378465,0.1498938882341274,0.4875335335636371,0.6628088434529266,1.9985992052728117,1.7315530721531743e-14,-2.744974623725621e-15,-0.0,0.00038944165547213433,6.10245306276147e-05,-8.868406438407744e-06
6586,0.3109617154008629,0.38571098337505394,-0.07796782688688311,0.7832007792612288,0.16561604409383718,2.0000438328427976,0.0,-0.0,0.0,0.0,0.0,0.0
6587,0.8139841140250641,0.19653643466758786,-4.276160039742535,-0.5995211811356598,-0.41136204921017405,2.0012946447138695,0.0,-0.0,0.0,0.0,0.0,0.0
6588,-0.14310990989987718,-0.45624926927655746,-3.887636724274881,-0.06736470625770559,-0.37949702490880033,1.9964015331545881,0.0,-0.0,0.0,0.0,0.0,0.0
6589,-0.3393784794049086,0.7753278756066947,-1.751911020428869,-0.04591438751248487,-0.6172236850101882,2.0005343972885634,0.0,-0.0,0.0,0.0,0.0,0.0
6590,-0.6100044432487358,-0.20906892409924321,0.03766581886674285,-0.1937154399393233,0.7906726467367065,1.9960824867880838,-1.4986242397913225e-14,4.401510282091167e-15,-0.0,-0.0003447032820530479,-0.00010119195465681286,-0.0005293217417409254
6591,0.07080641517565889,0.6869223529611093,-0.22910738145791337,-0.4840076124297842,-0.8214733596052222,1.9961324967332563,0.0,-0.0,0.0,0.0,0.0,0.0
6592,-0.7036228236400146,-0.5749282909536251,-0.9274806321000268,3.914267345336061e-05,0.08421691986722868,1.9999465331159993,0.0,-0.0,0.0,0.0,0.0,0.0
6593,-0.8381708861073249,-0.30546740382428084,-0.5914113848048235,-0.19337931208294232,-0.6129721024409707,1.9973572267881419,0.0,-0.0,0.0,0.0,0.0,0.0
6594,0.407334125975671,-0.248257161243749,-3.703043780652168,-0.8051016546249584,-0.18888020370659578,2.0012564766103536,0.0,-0.0,0.0,0.0,0.0,0.0
6595,-0.06022217089522964,0.6049784429960319,0.1334687728083233,0.7005094233811049,0.28485237320339857,1.9989180559034883,2.2924364483354196e-15,-1.401305028336947e-14,-0.0,5.355462297780164e-05,0.0003225971248994012,-0.0001627800301488028
6596,0.3286056512778955,0.513394721425245,-3.377953082116169,-0.02596696870720835,-0.866915230172379,2.0003217803153044,0.0,-0.0,0.0,0.0,0.0,0.0
6597,-0.49518783389072685,-0.3866589093493998,0.1277376839929826,-0.4993728568268194,-0.7043310098405997,2.000248510286022,-1.4075209875261378e-14,1.4808095384315752e-14,-0.0,-0.00032297257532763247,-0.00034164438266408526,-0.00029942583625053136
6598,-0.21653989927173525,-0.7198742677702248,-1.9464770194302976,0.5889116162827813,0.5995287453594821,1.9991518458692303,0.0,-0.0,0.0,0.0,0.0,0.0
6599,-0.7674236034955892,0.06154792741037614,-0.32201740991458594,0.8787699985107846,-0.3096944676899999,1.999792391011136,0.0,-0.0,0.0,0.0,0.0,0.0
6600,0.09881755292502162,-0.3099024431795105,-3.5043879976177603,0.3885458739640835,-0.5242936421737967,2.0005803837968545,0.0,-0.0,0.0,0.0,0.0,0.0
6601,0.1265413181741048,0.7876205863555489,-0.36760455046462703,-0.23891552971775723,0.9543479428691952,1.9994359314389594,0.0,-0.0,0.0,0.0,0.0,0.0
6602,0.7341132435029392,0.39271184089404065,-2.6778544939530877,0.1883478233681558,-0.6761994500276828,1.9998203684842006,0.0,-0.0,0.0,0.0,0.0,0.0
6603,0.6848919150292919,0.295025019280674,-2.191444974023949,0.2523128048562751,0.6475086028032729,1.9987408068060974,0.0,-0.0,0.0,0.0,0.0,0.0
6604,0.33084252283275634,-0.6939796132128967,-3.070088472983733,-0.024880176934775608,0.3102794508729406,2.0004666779502314,0.0,-0.0,0.0,0.0,0.0,0.0
6605,0.5840232882945732,-0.04064061583838037,-4.452720053735489,0.659563800136524,-0.5985977664859193,2.002517085912482,0.0,-0.0,0.0,0.0,0.0,0.0
6606,0.7551197869640358,0.238197989568183,-0.992900007853024,-0.05394696263913198,-0.2971395054201069,1.9967538021953695,0.0,-0.0,0.0,0.0,0.0,0.0
6607,0.31614310179071864,0.043347767284949205,-4.217419972758103,0.277969922158601,0.5882789168179958,2.003255854978843,0.0,-0.0,0.0,0.0,0.0,0.0
6608,-0.23995228871139698,-0.2246137112622972,-0.8794278111560887,-0.6124403481778641,-0.4135965745743394,2.001875297894718,0.0,-0.0,0.0,0.0,0.0,0.0
6609,-0.41376126368189775,-0.6279299591737323,-1.199222450398397,0.28490822292406304,0.7100876673505252,1.9953487298640817,0.0,-0.0,0.0,0.0,0.0,0.0
6610,0.5578884286666368,0.31842231564187273,-2.8286729391648473,-0.9817066244406695,0.03454843089097632,2.000243180561811,0.0,-0.0,0.0,0.0,0.0,0.0
6611,0.5659566534039332,-0.5277538293837091,-3.7923179843092414,0.005701194612061645,0.3057359085159179,2.0006447729266164,0.0,-0.0,0.0,0.0,0.0,0.0
6612,0.2509249863325488,-0.3643461545750543,-0.6025912371836472,-0.4039908126172013,0.16767090700955373,1.998396952963841,0.0,-0.0,0.0,0.0,0.0,0.0
6613,0.7227836971497078,-0.6828568023334749,-4.459417300213779,-0.08883510459657779,-0.28180640987461403,1.9993919527525827,0.0,-0.0,0.0,0.0,0.0,0.0
6614,-0.15327188360977065,0.5557085714508561,-3.329192532859805,0.1864111379062032,0.3420690647144231,2.0029995923550996,0.0,-0.0,0.0,0.0,0.0,0.0
6615,0.2574623106332453,-0.6260228797996803,-0.6410200368554091,0.05480682517402264,0.08053743841802202,1.9992286074011396,0.0,-0.0,0.0,0.0,0.0,0.0
6616,0.2086642802625241,0.6423693372166369,-1.075685787978487,0.01628789880784252,0.5074677012843,2.0010563778098467,0.0,-0.0,0.0,0.0,0.0,0.0
6617,-0.06405248894061358,0.8970489152820516,-3.0027314555968867,-0.27793220147348563,-0.6043045430401999,2.0016411382329933,0.0,-0.0,0.0,0.0,0.0,0.0
6618,-0.5355603388019703,0.47945506675882016,-3.7782077739527065,0.7034190672688602,-0.49556847428239964,2.0013216666303277,0.0,-0.0,0.0,0.0,0.0,0.0
6619,0.3964890436409292,-0.7746057433875807,-2.960913343898937,-0.7091877880163541,-0.34689718438998796,2.0025278604820436,0.0,-0.0,0.0,0.0,0.0,0.0
6620,-0.14861197712610894,0.3030051545149676,-1.9177397569633288,0.7822323736938616,0.5889607091023736,1.9999734675218237,0.0,-0.0,0.0,0.0,0.0,0.0
6621,0.5911455333321914,0.4197244084263249,-0.4906844302659119,-0.5752728872189135,0.07537969704934407,2.002407178477194,0.0,-0.0,0.0,0.0,0.0,0.0
6622,0.22702731086475098,-0.9276003106542641,-1.7047234451878672,-0.08427339382631212,0.6575662795246838,1.9994475313557483,0.0,-0.0,0.0,0.0,0.0,0.0
6623,-0.29507337608657513,0.7951585227866343,-2.7067506099236893,0.07035519922866829,0.9134767078156022,2.000335427806169,0.0,-0.0,0.0,0.0,0.0,0.0
6624,0.19827771607216976,-0.36346026100813145,-4.243463467548985,-0.5838902202075361,-0.59789950513429,2.0000509459651576,0.0,-0.0,0.0,0.0,0.0,0.0
6625,-0.8227008752125471,-0.2536749069641684,-1.1085607194393738,-0.28846467398316,-0.8687555477028351,1.9961915053913417,0.0,-0.0,0.0,0.0,0.0,0.0
6626,0.06200119914339902,0.22765620212781393,-2.1333644726283403,-0.06968359221056955,-0.3851478957345594,2.002723437905211,0.0,-0.0,0.0,0.0,0.0,0.0
6627,0.6353353227158774,0.015306993817201072,0.21928342897847894,-0.9398539257223189,-0.3349710061294627,2.0013939550740805,7.365799042211934e-15,-1.7392876839837913e-15,-0.0,0.00016945434134698148,3.826034864558113e-05,-7.185743021442738e-05
6628,-0.07226229423790399,0.9143369914242861,-2.1092197433648208,-0.7220177197748995,0.2906284817872513,1.9980250478502366,0.0,-0.0,0.0,0.0,0.0,0.0
6629,0.09336036797430732,0.26479225343216334,0.5031718007299105,0.6106936242663362,0.08649173604852411,2.0004885782744335,9.85843973120038e-15,-3.5744854956529286e-15,2.4878593229689598e-204,0.0002265768123910303,8.577515200568176e-05,0.0007961790871246277
6630,0.08481735650139495,-0.9493050330669748,-4.343477594828301,-0.4109648049537851,-0.5703553421125781,1.9963892169958355,0.0,-0.0,0.0,0.0,0.0,0.0
6631,-0.5584138874676339,0.8032023966054505,-1.3148676716653567,0.01583856837920022,0.15506603572830854,1.9956777165716326,0.0,-0.0,0.0,0.0,0.0,0.0
6632,-0.1578319495838013,-0.22032668433491934,-0.18007723717503293,0.09166770627579403,0.17336132616576072,1.999741383801525,0.0,-0.0,0.0,0.0,0.0,0.0
6633,0.366786395312447,0.8962097621289515,-0.4168545965214312,-0.7005931336473344,-0.08693732198758003,1.9975213555125755,0.0,-0.0,0.0,0.0,0.0,0.0
6634,-0.04118492833986425,0.7496023389795968,-1.899918805903497,0.43506828297374234,0.6884543290475923,1.9970077448514998,0.0,-0.0,0.0,0.0,0.0,0.0
6635,-0.3638856563775727,0.12361420048040327,-3.1694979987121363,-0.5111636095715513,-0.2818232356475545,2.001750077663466,0.0,-0.0,0.0,0.0,0.0,0.0
6636,0.6942757243357006,-0.7158946471691613,-0.7490226547338616,-0.10829759223653852,-0.6110652264029237,2.0019486732654426,0.0,-0.0,0.0,0.0,0.0,0.0
6637,0.19352937959875022,0.7200849534603945,-0.03403613502560403,0.89012110572394,-0.30221922322240846,2.0024907905617524,0.0,-0.0,0.0,0.0,0.0,0.0
6638,-0.731103382811238,-0.31379391778598953,-0.17771496171264592,-0.6171538874504878,0.36064894698183,1.99744726575019,0.0,-0.0,0.0,0.0,0.0,0.0
6639,0.43592114974985086,0.6836974072468794,-3.5432435669342044,0.4418508519529048,0.6129268089514969,2.000529902887926,0.0,-0.0,0.0,0.0,0.0,0.0
6640,-0.24217446547180516,-0.48621784982303945,-3.8586319700237426,-0.6103909105028101,0.5295324057163586,2.001748742956579,0.0,-0.0,0.0,0.0,0.0,0.0
6641,-0.19960810322987732,0.13805706416959498,-4.107424801319116,-0.9646717112669397,0.032966854556814765,2.000245857800121,0.0,-0.0,0.0,0.0,0.0,0.0
6642,-0.02912260928003933,-0.04120361059405547,-1.8267356989003531,0.04745151577411027,-0.18070005057180732,2.0041505885988515,0.0,-0.0,0.0,0.0,0.0,0.0
6643,-0.6944363214171955,-0.4321194868769349,-0.8777278844335904,-0.21919663291977168,-0.543812852978792,1.9996692076669074,0.0,-0.0,0.0,0.0,0.0,0.0
6644,-0.14622318780438734,0.551806177316537,-3.8566091814840857,-0.3378835506739375,-0.48003426028787105,2.0021656179640526,0.0,-0.0,0.0,0.0,0.0,0.0
6645,-0.02915236428449186,0.2942038108128124,-2.7047591498795955,-0.11190784093513904,-0.574055800635149,2.000340401967003,0.0,-0.0,0.0,0.0,0.0,0.0
6646,-0.6043303174574121,-0.008087859951018747,-1.0284831572444164,-0.6505963915651262,0.45737270771316035,1.9989150876749795,0.0,-0.0,0.0,0.0,0.0,0.0
6647,0.2423465209229183,0.9562309449862828,-2.209669524688286,-0.9538153979974845,0.10854921033727845,2.0003532138337072,0.0,-0.0,0.0,0.0,0.0,0.0
6648,-0.11041394098010388,-0.1751060435965483,-3.5685702066906226,0.52601970277755,-0.41609442661911394,1.9990470991025993,0.0,-0.0,0.0,0.0,0.0,0.0
6649,0.051377533190420814,0.6449235815725687,-3.0434120779222664,-0.7152880699329034,-0.5988780613091638,2.002607584747628,0.0,-0.0,0.0,0.0,0.0,0.0
6650,-0.9893276929998249,-0.08071874682588043,-3.6303051592718005,0.7417675018741324,0.5308413913747412,2.0020995916032134,0.0,-0.0,0.0,0.0,0.0,0.0
6651,-0.11421177729528412,-0.026040939303467674,-4.241156270984538,0.19997594829619275,-0.5064130285868105,2.000424731510434,0.0,-0.0,0.0,0.0,0.0,0.0
6652,-0.44910979785948707,-0.6514803514459983,-2.1250835211167307,-0.7191310224885841,0.48919832708169647,2.0022338284563843,0.0,-0.0,0.0,0.0,0.0,0.0
6653,-0.33847779218668883,0.8964891889401548,-0.31239047781374973,-0.14447053723244266,-0.2961135994442697,1.999003613222051,0.0,-0.0,0.0,0.0,0.0,0.0
6654,-0.20217916733342522,0.5709233117366533,-2.100306880852176,0.2900468465217199,-0.8605020184372281,1.9991050628497726,0.0,-0.0,0.0,0.0,0.0,0.0
6655,0.08599602536356317,0.47379518090899525,-1.852494641720643,0.9838922843483574,-0.1492088649070336,1.998290368787819,0.0,-0.0,0.0,0.0,0.0,0.0
6656,-0.19405668762254644,-0.8259496365633444,-3.7674970256411138,0.7873911693281328,-0.17199038850192902,1.99962603847317,0.0,-0.0,0.0,0.0,0.0,0.0
6657,0.31835474350448695,0.27696575315582106,-0.9102777551977681,0.02098593482208769,-0.1669176812721096,1.9981725120506426,0.0,-0.0,0.0,0.0,0.0,0.0
6658,0.37840568872536645,0.6611597188728665,-0.05313136999829588,0.23257587593440193,0.5809857456614631,2.0015851037618595,0.0,-0.0,0.0,0.0,0.0,0.0
6659,-0.34734061771186503,0.5564195495268887,0.24692723094871974,-0.08949659816071881,-0.12079884622171981,2.003174027608722,-1.2002640445061509e-14,-2.0205304847825433e-14,-0.0,-0.000275117042822642,0.0004620985138218345,-0.00012080013759286506
6660,-0.5383712714891362,-0.4282919297980981,-2.3011662062045373,-0.9400422338559646,-0.21468171623350527,2.0008388038244815,0.0,-0.0,0.0,0.0,0.0,0.0
6661,0.38655528527442584,-0.1826578604087965,-0.14711737318519721,0.680444145435237,0.37914185056157657,2.0014884426697286,0.0,-0.0,0.0,0.0,0.0,0.0
6662,0.8365619109316434,-0.19282093738489786,-3.935542024935288,0.7360235551312366,0.39023801819736564,2.001636240705302,0.0,-0.0,0.0,0.0,0.0,0.0
6663,0.04166737654735167,-0.931825269059809,-3.9340372620621253,0.13078553933379516,-0.9124125132057523,1.9985855649805961,0.0,-0.0,0.0,0.0,0.0,0.0
6664,0.524617516403479,-0.395116564003064,-3.6366453165200245,0.5981439812668544,-0.2999095990035371,2.000693168277093,0.0,-0.0,0.0,0.0,0.0,0.0
6665,0.19830457370600657,-0.5852574148360399,-1.3649672563742958,0.47051072084352713,0.35698944622376205,1.9976832740991233,0.0,-0.0,0.0,0.0,0.0,0.0
6666,-0.05252549819337505,0.392010755917824,-0.32691946323677207,-0.5726714755142616,-0.7807331508823382,1.9994000233474778,0.0,-0.0,0.0,0.0,0.0,0.0
6667,0.9693119199848875,0.18506395086192526,-2.9295065753496528,0.42964410024508065,-0.6261862137154205,2.0028471804389856,0.0,-0.0,0.0,0.0,0.0,0.0
6668,-0.9207865861549618,0.6076571891710838,0.3722972388568639,-0.5044276683424628,0.42402882278109405,2.0001134143911665,-1.902138639103598e-14,-1.3972236796310929e-14,-6.01825381542078e-278,-0.0004368883430366689,0.00032093949242561185,9.256464986304915e-05
6669,-0.8983250902330271,0.02290516179716647,-1.1850727743825145,-0.9175706967281878,0.28901058490168763,2.0015909021773335,0.0,-0.0,0.0,0.0,0.0,0.0
6670,-0.09175790428845534,0.3500716652974295,-3.9179739628617747,-0.758911348598065,-0.028452516826523073,2.000491332678911,0.0,-0.0,0.0,0.0,0.0,0.0
6671,-0.08711143576516955,-0.5893955925599128,0.29639921752343085,-0.7526499190366862,-0.33711521669970934,2.00002475131113,-1.658325770698576e-16,1.5374284641803765e-14,-9.2e-322,-3.467424605196135e-06,-0.00035243987017283994,0.0002382632490657152
6672,-0.29847014239043235,0.8806573663422991,-2.5060525370411626,-0.5454497655476416,-0.7880647255447676,2.0012970211326415,0.0,-0.0,0.0,0.0,0.0,0.0
6673,-0.5110490385524322,-0.024379668306293498,-3.0807259901921444,0.3038391603884888,0.5593001795148893,1.99780087990312,0.0,-0.0,0.0,0.0,0.0,0.0
6674,0.598795150061195,-0.7250940895231163,-0.6095557857654597,-0.5101429195492243,0.6774331420681872,1.999507480008602,0.0,-0.0,0.0,0.0,0.0,0.0
6675,0.3677181014825474,0.4018781152890095,-1.8143722741695205,-0.23707044685445003,-0.7418809790218555,2.0007517052401895,0.0,-0.0,0.0,0.0,0.0,0.0
6676,0.8733876627684524,0.12400360012913675,-2.963074524198333,-0.9022431474405935,-0.3352126478633417,1.9994888718237418,0.0,-0.0,0.0,0.0,0.0,0.0
6677,0.13736158200604145,0.11136217469721878,-1.6232434774367444,0.04182503316050327,-0.6470678014320965,2.0012008029588233,0.0,-0.0,0.0,0.0,0.0,0.0
6678,-0.64123627941115,0.5567678181876807,-1.7978054729295507,-0.4009651824704481,-0.3706421349542934,2.0026094667931083,0.0,-0.0,0.0,0.0,0.0,0.0
6679,0.9695634830293252,0.23894074681058997,-2.419028946091985,0.7899956173456666,-0.1020428759392403,1.9985637862629042,0.0,-0.0,0.0,0.0,0.0,0.0
6680,-0.686426059996167,-0.4739101076214142,-2.4567461491155473,-0.1684164448355918,-0.6116436190089427,1.9977979759105264,0.0,-0.0,0.0,0.0,0.0,0.0
6681,0.46829395004844815,0.6335781587681146,-3.8671592687254144,0.2460266904225334,0.11387541542505278,2.0009129239717387,0.0,-0.0,0.0,0.0,0.0,0.0
6682,0.37174245326611594,-0.4838134770815236,-2.0369531401036527,-0.05679993994488058,-0.6209925640121813,1.9982136482823374,0.0,-0.0,0.0,0.0,0.0,0.0
6683,-0.0862053724491059,-0.6730269356074867,-0.4656124614789985,0.11820441122516885,0.31328267876590715,2.001074987258413,0.0,-0.0,0.0,0.0,0.0,0.0
6684,0.6868935585976473,-0.10263244253785031,0.4062691809707158,-0.009874705282645058,-0.9759676209863826,2.000074092147119,1.9089476521912562e-14,-1.1826299338275903e-15,-7.09292146807252e-259,0.00043702315222271293,2.585773521452689e-05,0.0004227040202236759
6685,-0.5389899919127666,-0.6541426714968546,0.03348608484317786,0.3210605282820876,-0.38058571649534606,1.9988051732345342,-1.1462686627481088e-14,1.685101519469556e-14,-0.0,-0.0002631695075179517,-0.0003868442477189725,-0.0003638085084111782
6686,-0.6279714545234418,0.7506387707400158,-2.287477551216026,-0.34307096193987546,-0.18507373692975757,1.998720903327022,0.0,-0.0,0.0,0.0,0.0,0.0
6687,-0.2727309469284363,0.3143227366130932,-2.4626471182914464,-0.9409636163473045,0.06929200189175055,1.9976386579317662,0.0,-0.0,0.0,0.0,0.0,0.0
6688,-0.8917582064019206,0.38184387923367963,-0.44630006627713015,-0.7843172317976855,-0.012917890938732994,1.9975441266798541,0.0,-0.0,0.0,0.0,0.0,0.0
6689,0.23009950727881479,-0.9558697374206131,-0.7084142465333961,0.06207447503137353,-0.571696512515856,2.0040970009486223,0.0,-0.0,0.0,0.0,0.0,0.0
6690,0.33584393594667344,0.37780151885465757,0.22995226276373693,0.46593599765106003,0.3610780301817584,2.000033277939179,5.812681264927008e-14,-1.7220984093525958e-16,-0.0,0.0013581245629037178,7.481403006756409e-06,-0.0004244585756419257
6691,0.6942034916623866,-0.478452056268069,-0.8693534395792027,-0.4808869248426726,-0.5046002543698761,2.0005099891291693,0.0,-0.0,0.0,0.0,0.0,0.0
6692,-0.2622300106479466,0.6685107148808372,0.3495056823081915,0.3501439701628987,-0.4055588353535993,2.0012715746504,-1.3730881618195598e-14,-3.425332751185123e-14,2.401007915627405e-291,-0.0003124591223215363,0.0007799280212056166,0.000702441387917237
6693,0.16075818669831968,-0.8949798073562686,-3.0610515166331327,0.07166279825156642,-0.00835910542402755,1.9994975478222667,0.0,-0.0,0.0,0.0,0.0,0.0
6694,0.16636042061182493,0.12147594392058067,-1.511834751575162,0.18183751279436558,-0.6968953669954745,1.9991757565756445,0.0,-0.0,0.0,0.0,0.0,0.0
6695,0.2432485447463611,-0.699373202429678,-1.580261334062094,-0.24957971153572128,-0.3966119795358284,2.0007979655164445,0.0,-0.0,0.0,0.0,0.0,0.0
6696,0.5613080442531393,0.503279090883636,-0.6434285610038294,-0.8079746337804804,0.35898247285740226,1.998552764204775,0.0,-0.0,0.0,0.0,0.0,0.0
6697,-0.5128714624193017,0.7480833853783966,0.10230049965087198,-0.6381935814211664,0.5972735963555499,1.9978946506316344,-1.014763402037754e-14,-2.052654263261195e-14,-0.0,-0.00023305155720986661,0.00047177369379003187,-0.00031452718298816124
6698,-0.16171422652044357,0.0933838679562932,0.33416424187400967,-0.12627748446405196,-0.8936755852601936,1.995681928998863,1.8401820731047573e-16,-1.3012327629510824e-15,-3.3189889927604313e-301,4.773829707281373e-06,2.9670873908560133e-05,0.00022374514005838998
6699,0.34347892579402256,0.094642870851402,-3.180531356697119,-0.005724455394926196,-0.4170035160482999,2.0017434008704593,0.0,-0.0,0.0,0.0,0.0,0.0
6700,-0.11947805171163117,-0.737619700535467,-4.155771770411452,0.13420310014515166,-0.4874173142865741,2.0003455841742515,0.0,-0.0,0.0,0.0,0.0,0.0
6701,-0.23431974487732596,0.566222984898552,-0.20471162459089656,-0.6593507198023107,-0.523596613336687,1.999412086438262,0.0,-0.0,0.0,0.0,0.0,0.0
6702,-0.03842597780411037,-0.7066151543278645,-3.3151883962076467,0.7067633864089049,-0.25886207127556515,1.9995719458896255,0.0,-0.0,0.0,0.0,0.0,0.0
6703,0.2896882487626249,-0.7755502861202572,-0.5665211492992578,0.16711638046635208,0.8439901290698691,1.9994462614842243,0.0,-0.0,0.0,0.0,0.0,0.0
6704,-0.7603367971908646,0.48234147354463924,-3.2741546916581505,-0.3641244883165054,-0.5728345741990721,2.002831529462178,0.0,-0.0,0.0,0.0,0.0,0.0
6705,-0.25461810583781064,0.3237396960980716,-3.7495292128096214,-0.6268196914262018,-0.42615743279759033,2.001126598922219,0.0,-0.0,0.0,0.0,0.0,0.0
6706,0.09100155854177425,0.7535074037010698,-4.343174055651961,-0.5491833640732137,0.5619000922650009,2.0010485250904613,0.0,-0.0,0.0,0.0,0.0,0.0
6707,-0.4275116859888609,0.5910466275009116,-3.988945076117972,-0.12084777814912898,0.30905800779194254,1.9956976207664605,0.0,-0.0,0.0,0.0,0.0,0.0
6708,0.28155192417748726,0.8081407823565969,-3.430011989815082,0.14587223399567265,-0.5260279731969174,2.001697495901877,0.0,-0.0,0.0,0.0,0.0,0.0
6709,-0.48565009742459203,0.08471264698326286,-4.077809638334871,0.5354748094616762,-0.5793304026308032,2.0020802729532274,0.0,-0.0,0.0,0.0,0.0,0.0
6710,0.07519006429551678,-0.07549006958412828,-3.170994356399445,0.4050458528263511,-0.5007419281682627,1.9988184479776263,0.0,-0.0,0.0,0.0,0.0,0.0
6711,0.7800280639618182,-0.6081999156386187,-0.18095883014516936,-0.8012381189773133,0.5703349758921364,1.998941760589101,0.0,-0.0,0.0,0.0,0.0,0.0
6712,0.059007209677903676,-0.17312090420004872,0.17763429336541017,0.16594521120374667,-0.09639921930524908,1.9987301231756507,5.0185987438517106e-15,3.1988468630247823e-15,-0.0,0.00011601328505375552,-7.382938531364416e-05,-0.00026258078083508083
6713,0.2813713621503081,-0.639767148174288,-0.7534045164664426,-0.2585967630373233,-0.5955766796645808,1.9987492074117037,0.0,-0.0,0.0,0.0,0.0,0.0
6714,0.4977254224821417,0.4463726868013172,-0.9120926426100656,-0.6577261103622034,-0.6339435309481123,1.9985485733509778,0.0,-0.0,0.0,0.0,0.0,0.0
6715,-0.149188584757322,-0.9214405592961464,-0.5554835179235101,-0.09238137163507011,0.03271580905845215,2.0020050470757274,0.0,-0.0,0.0,0.0,0.0,0.0
6716,0.6821291074944432,0.6618048841970862,-3.0697296685005666,-0.0549953881655393,0.9367709830465349,1.9972457790309086,0.0,-0.0,0.0,0.0,0.0,0.0
6717,-0.6727605088375604,0.5429628061781313,-1.0284767491543745,0.7694484676504391,0.6343697697816987,2.0009221829726114,0.0,-0.0,0.0,0.0,0.0,0.0
6718,-0.6416280725306046,0.08785949095607067,-1.4270667329096658,-0.008158104854111548,0.6715253840696396,2.001668495785864,0.0,-0.0,0.0,0.0,0.0,0.0
6719,0.36066918009383064,-0.5841250789814275,-4.314083625487916,-0.5364223234678814,0.1497415550670829,2.000990755909475,0.0,-0.0,0.0,0.0,0.0,0.0
6720,0.35776934269363697,0.5491693975008579,0.16782163722746066,0.3718381707299235,0.12623298800095858,2.0032351952161096,8.126680565326246e-15,-1.8917106773010967e-14,-0.0,0.00018633614515770777,0.0004328994682901386,-0.0003320717051328845
6721,0.7698419480834788,0.2420468325655417,-3.455341213883157,0.4270777975885571,-0.10245663289765737,2.0000408013739785,0.0,-0.0,0.0,0.0,0.0,0.0
6722,-0.20044323827429394,-0.601950112529574,-2.022446674336338,0.411963060322599,0.17601468801177622,1.9991452028875665,0.0,-0.0,0.0,0.0,0.0,0.0
6723,-0.609489816845599,-0.4209358956857021,-3.2439332729897488,-0.8454292004314788,0.05435548729370596,1.9995240867929003,0.0,-0.0,0.0,0.0,0.0,0.0
6724,-0.22597763691682413,0.5834762397944329,-1.6936499946824994,0.26779295517401375,0.48527422709689577,2.000914868591737,0.0,-0.0,0.0,0.0,0.0,0.0
6725,0.5113147424540636,0.6886140692493558,-1.013032351067887,-0.8716967890378159,0.20368957607583948,2.003502566569933,0.0,-0.0,0.0,0.0,0.0,0.0
6726,-0.233288699280797,-0.21480202022908418,-0.6035467568897062,0.1309777839961785,-0.18870449528332126,1.9986635957341417,0.0,-0.0,0.0,0.0,0.0,0.0
6727,-0.1884440560604639,-0.5025477313311657,-1.125531039424454,0.9245950192575201,-0.0362829067806324,1.9997424214354402,0.0,-0.0,0.0,0.0,0.0,0.0
6728,0.7392194081832556,-0.043052100004699514,-2.6715205516367893,-0.2270027239154834,-0.49129250276632364,1.9989817499771139,0.0,-0.0,0.0,0.0,0.0,0.0
6729,0.2379465770138947,-0.6198165279139406,-3.274132236995128,-0.18226662269945354,-0.8640740060237496,1.9995299160033135,0.0,-0.0,0.0,0.0,0.0,0.0
6730,0.2534992003691897,0.9549757286665085,-1.8735898403892428,0.42217402193651005,-0.6317870711894487,1.9988378871207368,0.0,-0.0,0.0,0.0,0.0,0.0
6731,-0.08693192534041647,0.5271149599600011,-0.5901591412650545,-0.2760971977686476,-0.2705969567201708,2.0007680647905244,0.0,-0.0,0.0,0.0,0.0,0.0
6732,-0.7000305848951301,-0.2517541944762811,-2.22289251983561,-0.3106858630798566,-0.8054157394463657,1.9983522920675452,0.0,-0.0,0.0,0.0,0.0,0.0
6733,0.7270007399758995,0.5098020602811419,-2.556533398164992,0.8728813584774958,0.10477043283863943,2.0009748498327857,0.0,-0.0,0.0,0.0,0.0,0.0
6734,0.8669003419370253,0.4650283274271601,-2.075391199228443,0.7685819881094944,-0.29351549242245284,2.0013444440509636,0.0,-0.0,0.0,0.0,0.0,0.0
6735,-0.38128787929989855,0.7463028415355512,-3.324327372695782,0.6244056489114793,-0.6878691552826759,2.0046236898404994,0.0,-0.0,0.0,0.0,0.0,0.0
6736,0.18135371373834608,-0.2861232656366268,-1.8012151635414817,-0.39764259670151947,-0.6075632991783725,2.0014849592339914,0.0,-0.0,0.0,0.0,0.0,0.0
6737,-0.6715635182253991,-0.06350078245958161,-0.7209789176867129,0.3883946317799693,0.45729182004665314,1.9966931089531712,0.0,-0.0,0.0,0.0,0.0,0.0
6738,-0.8235975291474741,0.4705228111395776,-2.8458606138803058,-0.4145962977275796,0.27132523227443117,2.001066832538468,0.0,-0.0,0.0,0.0,0.0,0.0
6739,0.479055275440673,0.5734757192592121,-2.5968452277040597,-0.37734760809730095,-0.04929888200700673,2.002501664032952,0.0,-0.0,0.0,0.0,0.0,0.0
6740,0.7691963222045791,-0.4532751959439073,-0.09884902543065575,-0.9757931335914813,-0.1721378579153935,2.001441669275903,0.0,-0.0,0.0,0.0,0.0,0.0
6741,-0.11195019446106465,0.33255779000918223,-2.831635586544869,0.11719070117126654,0.14074910546121194,2.0008064943127692,0.0,-0.0,0.0,0.0,0.0,0.0
6742,-0.15726104982508884,0.7293832057605889,-3.49266591104353,0.40024118069528486,-0.0731989874552538,1.9995240835771375,0.0,-0.0,0.0,0.0,0.0,0.0
6743,0.19452727795380484,-0.5093217207662671,-1.3673679086205062,-0.3216751450146026,-0.40225494173315435,2.001723541868548,0.0,-0.0,0.0,0.0,0.0,0.0
6744,-0.5781067297403999,0.26302889352973563,-2.8000678853189713,0.31304335990344095,-0.4041760101616787,1.9994167671939715,0.0,-0.0,0.0,0.0,0.0,0.0
6745,0.5104399786070779,-0.5556414853062861,-1.7113142485694002,0.11007066528968408,-0.6102805334719651,2.0008597386404996,0.0,-0.0,0.0,0.0,0.0,0.0
6746,0.7384376520431721,0.4422645029942183,-2.126538040195682,0.498598535188234,-0.07092952050071061,1.9974667937355348,0.0,-0.0,0.0,0.0,0.0,0.0
6747,-0.4393399785595187,0.17555325298722751,0.3527255976028408,0.824087461961546,0.2284939879819164,1.9999662360192014,-5.4354261108256376e-15,5.7344289696894055e-15,-4.1273547964771574e-290,-0.0001260361015018481,-0.0001325019375755708,0.0002290208154848776
6748,-0.02184026952403978,0.6939984174882107,-3.6208262290366346,-0.6951570700927321,0.4203514297253753,1.9988482114196389,0.0,-0.0,0.0,0.0,0.0,0.0
6749,-0.07904842204160775,-0.45802705962088536,-1.6466302017483467,0.48715325444390134,-0.3542971874151872,2.000114173595328,0.0,-0.0,0.0,0.0,0.0,0.0
6750,-0.7731412856121004,0.5289982625944064,-3.7321344844844195,0.5520119280049235,0.18497705121966795,2.0016516047963013,0.0,-0.0,0.0,0.0,0.0,0.0
6751,0.2700611168331221,0.3103859660970912,-1.1077628207548507,-0.6936314071295878,0.7110112438416796,2.0011104054320783,0.0,-0.0,0.0,0.0,0.0,0.0
6752,-0.4108093308465882,0.08035558253105331,-2.703188195069211,0.853097244640041,-0.5184714146210211,2.0012471997961665,0.0,-0.0,0.0,0.0,0.0,0.0
6753,0.1140381720401857,0.09428606245725156,0.39850127528007395,0.23011782138686193,0.1314098838951806,2.0009665796592304,2.4725159820876255e-15,1.6365150690714891e-15,-1.7191723236178123e-264,5.678017737248755e-05,-3.756355180101175e-05,0.00031151337880515464
6754,0.42793815633848037,-0.17475683967985162,0.360067979635848,0.15013509429045968,0.6488893108085952,2.001118808578158,6.8851332531441315e-15,2.750170457738232e-15,-5.623484800030527e-286,0.00015951115474351337,-6.407322795736572e-05,0.00028096637233342625
6755,0.8071542051393467,-0.10081761266504245,-1.7769379897479671,-0.19298771581846388,-0.26469842947097,2.0020151007883125,0.0,-0.0,0.0,0.0,0.0,0.0
6756,0.27404789159065385,0.6220983533670884,-1.8034121814204347,-0.04397870939481108,-0.7406230195031834,1.9983212926526062,0.0,-0.0,0.0,0.0,0.0,0.0
6757,0.9235584599213582,0.06090418163328611,-4.307713864705597,0.8371932276625506,0.4061306137731925,2.004514476610184,0.0,-0.0,0.0,0.0,0.0,0.0
6758,0.8576204206603611,0.1647131856169917,-0.3738317210958938,-0.05293847991514692,0.26797899566543276,1.9974746316071734,0.0,-0.0,0.0,0.0,0.0,0.0
6759,-0.017857543464408245,0.027650945480031473,-1.9295521077103983,0.2994475072285739,-0.5821897106110082,2.002797161297683,0.0,-0.0,0.0,0.0,0.0,0.0
6760,0.5292640010118518,0.20642223737545773,0.23337737740803874,-0.8127936659268844,0.3582052854909299,1.998407385822274,1.2468542866646275e-14,-4.243913036829292e-15,-0.0,0.0002867191049244197,9.66009765816393e-05,-7.175720266690405e-05
6761,0.26788487277629086,0.8399534367108715,0.12247060994142321,0.2027242091181988,0.8564774521549569,2.0004344359239075,6.567162065388902e-15,-2.3284613238403266e-14,-0.0,0.00015052509668640564,0.0005351259507320101,-0.00018373500139458389
6762,0.549315916455214,-0.33952141077986786,-0.8176724109716482,0.25558014979747995,-0.7608694515650727,2.0017659149363585,0.0,-0.0,0.0,0.0,0.0,0.0
6763,-0.17460428913019205,0.03422408527177165,-1.7437697088564927,0.4735444112869768,-0.3064951467264314,2.003563421567614,0.0,-0.0,0.0,0.0,0.0,0.0
6764,-0.19834047553039286,0.9009646390358598,-4.37384187502975,0.19838127948719417,-0.4095254674177499,2.0033105997161025,0.0,-0.0,0.0,0.0,0.0,0.0
6765,-0.11139516255093536,0.6561613416783215,-2.863336224309009,0.5262330202809304,-0.5598341052906977,2.002295558253623,0.0,-0.0,0.0,0.0,0.0,0.0
6766,-0.18010179910718885,0.1831742826877207,-4.058662658178005,-0.5679222661831659,-0.24945888267992897,2.0023143657293314,0.0,-0.0,0.0,0.0,0.0,0.0
6767,0.6808354704724755,0.3808326596427782,-3.6792454551942138,0.26371415118632874,0.5407099738750746,1.999885533937481,0.0,-0.0,0.0,0.0,0.0,0.0
6768,-0.6107479975926372,-0.7624038150382284,-0.9322995532045479,-0.18030458596262736,-0.42412373313373686,1.9989540878334526,0.0,-0.0,0.0,0.0,0.0,0.0
6769,-0.26728305677589553,-0.1641396072691986,-2.224550623695716,0.9325974392528289,-0.04471440115078818,1.9987728582635556,0.0,-0.0,0.0,0.0,0.0,0.0
6770,-0.86181803073733,-0.217065799929675,-0.6636095363192138,0.9115647206876717,-0.2830295528454871,1.9957800554808867,0.0,-0.0,0.0,0.0,0.0,0.0
6771,-0.6468726814637784,-0.48665951319316514,-2.673297196753175,0.8939376737034143,-0.18185437852689912,2.0014799929577074,0.0,-0.0,0.0,0.0,0.0,0.0
6772,0.8548270126822053,-0.2690162223689702,-1.445229204034432,0.1563398039512599,0.08127829943824419,2.000063616858547,0.0,-0.0,0.0,0.0,0.0,0.0
6773,0.3409866839429141,0.23894357092547702,-0.9126267914325907,-0.5474227002208009,-0.2592039730540842,2.0011460809485255,0.0,-0.0,0.0,0.0,0.0,0.0
6774,0.05478818258105864,-0.3495270428297706,-4.135120416439979,-0.13219776118047233,0.25227089192049285,2.0012316821070604,0.0,-0.0,0.0,0.0,0.0,0.0
6775,0.5700480523454178,-0.6891622498305662,0.22158279832447114,-0.5477490196453594,0.5397604042489805,1.9987790238811562,1.2445008398858557e-14,1.7941261700919415e-14,-0.0,0.0002872216425922993,-0.0004097924883896058,-2.9049724405979974e-05
6776,-0.9548998037690727,-0.1269094087332463,-0.5302833962410191,0.5452982483901405,-0.6572075970619053,1.9998985790399788,0.0,-0.0,0.0,0.0,0.0,0.0
6777,0.12319043435902792,0.5051071086308422,-0.5001355524755721,0.45980101072022306,-0.7968744245144707,2.000713626864513,0.0,-0.0,0.0,0.0,0.0,0.0
6778,-0.14950627617053738,-0.6787785297105561,-2.244985985888269,0.49073970578365267,0.15445213707332975,1.999612820650486,0.0,-0.0,0.0,0.0,0.0,0.0
6779,-0.5725199587025145,-0.04430842028734011,-1.324216566566035,-0.5344043320584029,-0.6309193810499626,1.999266136900264,0.0,-0.0,0.0,0.0,0.0,0.0
6780,0.47797159600813677,0.24470632303832443,-2.8192683318674336,0.2098118641961173,-0.6893715989415968,1.9998657950222558,0.0,-0.0,0.0,0.0,0.0,0.0
6781,-0.29623494605784406,0.04657275209985705,-1.906593425446969,0.4130376862577137,-0.4792921428697274,1.9983201218147326,0.0,-0.0,0.0,0.0,0.0,0.0
6782,-0.7314482343103008,0.49765295087921346,-3.04145421154837,-0.5616577169915116,-0.5591079960140604,2.002081570496643,0.0,-0.0,0.0,0.0,0.0,0.0
6783,0.07844638967639954,-0.7367164751291562,-2.0241421415442487,-0.04241324223865221,-0.7384580819271231,1.9981879961210414,0.0,-0.0,0.0,0.0,0.0,0.0
6784,0.1601969421015309,0.624842560228572,-2.3999641297584167,0.05446938398524531,-0.8574825945409574,2.0011119808664652,0.0,-0.0,0.0,0.0,0.0,0.0
6785,-0.6019553045428714,-0.7729141217477824,-1.2057774421055028,-0.6634519117698419,-0.08731784233306264,2.0007236003997813,0.0,-0.0,0.0,0.0,0.0,0.0
6786,0.35679887855997444,0.3816093738799718,-1.4794328203375415,0.40284708914772405,-0.30091105671582785,2.0011036634974952,0.0,-0.0,0.0,0.0,0.0,0.0
6787,-0.04742673730037197,-0.05200184050351985,0.09236617392791245,0.49332301902986364,0.4698011345237878,1.999286187159808,-5.5954999733218084e-14,-4.747443386292884e-14,0.0,-0.0013006011406815204,0.0010723728868919397,0.0019046448490635435
6788,0.40122077698015207,-0.5388258835489214,-1.574843560510553,0.8690632457647881,0.21682712425318343,1.9991528646391958,0.0,-0.0,0.0,0.0,0.0,0.0
6789,0.68976242387868,-0.6084637198050603,-3.3424305464572406,-0.39569319437035,-0.26720432128313953,1.995973375396868,0.0,-0.0,0.0,0.0,0.0,0.0
6790,0.5941959376680335,0.1971647889405393,-2.044388296429177,0.8150893415725747,0.26586412869316606,1.9996913477675446,0.0,-0.0,0.0,0.0,0.0,0.0
6791,0.1952113028652561,-0.45547198366011443,-3.9837191564511762,-0.16702064294564326,0.9689221802292263,1.9997552192617905,0.0,-0.0,0.0,0.0,0.0,0.0
6792,-0.5125661209044337,-0.6286786584014266,-0.994888567228689,0.6685221053415147,-0.6638341138301401,1.9998395395665156,0.0,-0.0,0.0,0.0,0.0,0.0
6793,0.4349711423653116,-0.34753345051732304,-2.920616695972711,-0.5493145280301499,-0.37563239638224405,2.002954071465486,0.0,-0.0,0.0,0.0,0.0,0.0
6794,0.7423013125641941,0.4745306954140773,-3.287348519380904,0.0409404784118792,0.8547452419455781,2.0021585039523497,0.0,-0.0,0.0,0.0,0.0,0.0
6795,0.2708637782282813,-0.9557246501850404,-1.8643352505193211,0.14973693311713285,0.6567169526492733,2.001485479367215,0.0,-0.0,0.0,0.0,0.0,0.0
6796,0.29512616618130316,-0.22476836689295213,-2.8251014728779165,-0.33445157176178325,0.8928350651020837,2.0023486436628986,0.0,-0.0,0.0,0.0,0.0,0.0
6797,0.8333770526619512,-0.10556474839829517,-2.931222418934321,0.24142907076250875,-0.655092412952275,1.9966732153846127,0.0,-0.0,0.0,0.0,0.0,0.0
6798,0.2712236731037572,-0.05427996242468079,-1.684734133897899,-0.4993247369560582,0.18509881243278992,1.9981310770020804,0.0,-0.0,0.0,0.0,0.0,0.0
6799,0.1456849963250039,-0.40045679329538786,-2.119859283270398,-0.015828847635760274,0.6096640660765111,1.9984854158570782,0.0,-0.0,0.0,0.0,0.0,0.0
6800,-0.1717197618251164,-0.840480770135593,-2.024597992805522,0.4429937757826796,-0.6830863895930034,2.001791985859695,0.0,-0.0,0.0,0.0,0.0,0.0
6801,0.24946623207966406,0.9098215815069608,-0.1723215206311733,0.5736924412287172,-0.47280251329565004,1.9986847626824726,0.0,-0.0,0.0,0.0,0.0,0.0
6802,-0.18125573394714725,-0.6631876960826343,-1.4184990978736913,-0.729249890859139,0.14828377406054488,2.0028366408536398,0.0,-0.0,0.0,0.0,0.0,0.0
6803,-0.2699034570866903,-0.9303740736849724,-1.0958838713655403,0.5408190048744048,-0.34031785870664855,2.00129931084404,0.0,-0.0,0.0,0.0,0.0,0.0
6804,0.6991600690174126,0.6389777249159222,-1.1775248587890226,0.39055035053739756,-0.7638912196678393,2.003019601264787,0.0,-0.0,0.0,0.0,0.0,0.0
6805,0.6467172989152952,0.19955828509366114,-1.1565642218965146,0.29332021377734746,0.5270311619762057,2.000943193205189,0.0,-0.0,0.0,0.0,0.0,0.0
6806,-0.03197335667914398,-0.5604455953506349,-3.116071261461314,-0.194518273014935,0.019527154155663525,2.0030039121121352,0.0,-0.0,0.0,0.0,0.0,0.0
6807,0.3816679344554039,-0.6877286973910617,-1.5318917872106073,0.29918062970808873,0.1071690659053141,1.997574279891597,0.0,-0.0,0.0,0.0,0.0,0.0
6808,0.7941565622082356,-0.1385929944771471,-0.8300101759421067,0.14031147874308422,0.6348802253010032,2.003389267891379,0.0,-0.0,0.0,0.0,0.0,0.0
6809,0.40374862016172797,-0.3800103114664842,-0.5309278631158774,0.5944694134599597,-0.24616889791765764,1.9974640117466225,0.0,-0.0,0.0,0.0,0.0,0.0
6810,-0.25977058356363614,-0.17371832424704786,-4.405506905160849,-0.3227307426747053,0.9021156405129089,1.9996110548482044,0.0,-0.0,0.0,0.0,0.0,0.0
6811,0.20303059907419807,0.5489304579540166,-1.3203144091659225,0.18539732565593173,0.5897496581476366,1.9992154444696257,0.0,-0.0,0.0,0.0,0.0,0.0
6812,-0.5912060735466607,0.7023087875639754,-1.5172405083539178,0.0041796299432631445,0.11779036063398504,1.9998518312382163,0.0,-0.0,0.0,0.0,0.0,0.0
6813,-0.03877792552014903,-0.1300407504592084,-2.568265989262051,0.3332816971590541,0.830564423471594,1.9994605286747256,0.0,-0.0,0.0,0.0,0.0,0.0
6814,-0.34941412921682713,-0.013385918352182766,-0.3585411752985909,-0.1460581232181015,-0.3791489671893083,1.99977339137837,0.0,-0.0,0.0,0.0,0.0,0.0
6815,-0.219887837472382,0.19461166083310966,-0.20342937370537825,0.32207909424331044,-0.22975142888010233,2.002015374154233,0.0,-0.0,0.0,0.0,0.0,0.0
6816,0.021155150641017716,0.9873236492719616,-0.963830832202507,0.3369475357952056,-0.9404974508074666,2.0005456282881693,0.0,-0.0,0.0,0.0,0.0,0.0
6817,0.5838603870790209,0.7895138369389798,-1.5670262661092482,0.9936715786425213,-0.0798134349703386,1.9964344414426358,0.0,-0.0,0.0,0.0,0.0,0.0
6818,0.013066804240222704,0.3559049183120861,-3.446636558067397,0.2118118549830112,-0.11012181643683935,1.9962248642689584,0.0,-0.0,0.0,0.0,0.0,0.0
6819,0.6269582088533663,-0.5867147637223872,-3.660773895358926,-0.824744503790167,0.13419234598541163,2.0000636215775396,0.0,-0.0,0.0,0.0,0.0,0.0
6820,-0.9152449885722665,0.13410388956297944,-3.873456553530578,-0.4547522246944134,0.19846469705352798,2.000710493773275,0.0,-0.0,0.0,0.0,0.0,0.0
6821,0.04493372827780498,0.5333734508232528,-0.4629787989537762,-0.6601070383816596,0.01605685152393823,1.9987574306231333,0.0,-0.0,0.0,0.0,0.0,0.0
6822,-0.6838605721440452,-0.15996767133519732,-3.048302824863207,-0.713681011036542,0.5008184955974151,2.0000045737631433,0.0,-0.0,0.0,0.0,0.0,0.0
6823,-0.7184186205604817,0.45750733448110203,0.5011074850313181,-0.11729859398982612,0.005312384965761999,1.9973061801573364,-1.439481933411263e-14,-1.4487029436701187e-14,7.698053633438092e-205,-0.00033087605527714334,0.00033344950642919755,0.0006125370274657841
6824,-0.8374934844130816,0.2820425728824055,-0.45564695012618606,-0.03973558354131198,-0.9570603108249045,1.9976622911384654,0.0,-0.0,0.0,0.0,0.0,0.0
6825,0.03761980212093081,-0.3749565686871642,-3.3872774526111336,0.8591783504520271,-0.5028811180852171,1.999664361722171,0.0,-0.0,0.0,0.0,0.0,0.0
6826,-0.7658030858821471,-0.1711277536226103,-2.222696643665653,-0.05567143476892221,-0.48423756230825493,2.0032174520574264,0.0,-0.0,0.0,0.0,0.0,0.0
6827,0.5825112643909508,0.15246141018073706,-2.630788793753025,-0.003097425374218596,-0.9404370506385143,2.0014877128566586,0.0,-0.0,0.0,0.0,0.0,0.0
6828,-0.7750830332675633,0.23558586089717037,-3.5375453489757964,0.534541194868362,-0.170475217657906,2.0000448493459433,0.0,-0.0,0.0,0.0,0.0,0.0
6829,0.6712872581064464,-0.31856492517715895,-0.2040216189367766,0.6824392161840498,-0.2968106251274255,1.9996020386077042,0.0,-0.0,0.0,0.0,0.0,0.0
6830,-0.12749907071401845,-0.9287871198532249,-0.3680559034160005,-0.015719112716140564,0.6010828135805726,1.9999147995008626,0.0,-0.0,0.0,0.0,0.0,0.0
6831,-0.3973045216769567,0.36627286559458144,-3.7006117428238605,-0.6039819766246831,-0.2961857528218825,1.999758964413888,0.0,-0.0,0.0,0.0,0.0,0.0
6832,0.40793283957705107,-0.4288683725048445,-3.2260369473622714,0.005015760038706772,-0.4999616572005221,1.9978727318498937,0.0,-0.0,0.0,0.0,0.0,0.0
6833,0.8103728702529814,-0.12222650046705956,-4.463212030794453,-0.3036573646986945,0.10646104148004153,1.9982098421668781,0.0,-0.0,0.0,0.0,0.0,0.0
6834,0.18427192250642097,0.3328496296291458,-4.227711662879082,-0.08882192431434936,-0.7706751292838803,1.9998186646116383,0.0,-0.0,0.0,0.0,0.0,0.0
6835,-0.9122560063347669,-0.07787461362478995,-3.9064494551969062,0.9322653909302333,0.21550173556314353,1.998882207991986,0.0,-0.0,0.0,0.0,0.0,0.0
6836,0.033980822220936555,-0.20902196431324624,-3.822054395788962,0.4400725521243039,-0.11344746206962916,1.9997805226139533,0.0,-0.0,0.0,0.0,0.0,0.0
6837,-0.3320690818279993,0.48335509822947414,-1.8919879451077923,-0.13798856398628265,-0.6138990052120298,1.9986505491437243,0.0,-0.0,0.0,0.0,0.0,0.0
6838,-0.20865453262404918,-0.6731113627673528,-3.8705204143851617,-0.05374804450057581,0.10451575890697783,1.9988999186144982,0.0,-0.0,0.0,0.0,0.0,0.0
6839,-0.6477141399312528,-0.6693977461116414,-0.05007526706999304,0.08068210557670871,0.6757691398856779,1.9963107387489858,0.0,-0.0,0.0,0.0,0.0,0.0
6840,-0.08761708670953991,-0.11930492725376661,-2.3026106529905093,0.8014191123232561,-0.472635849476937,1.9953728119263523,0.0,-0.0,0.0,0.0,0.0,0.0
6841,-0.016206507349234286,0.020891567643538174,-1.9950009387601435,-0.06614851020453044,-0.06252107339744598,1.9997162745035997,0.0,-0.0,0.0,0.0,0.0,0.0
6842,0.5686873827812038,-0.5472179977803481,0.007967621164221587,0.3647310440515831,-0.36184756447907923,1.9977295237787296,5.7973587844351435e-15,9.25675671979848e-15,-0.0,0.00014122948995992968,-0.00020393245062698417,-0.0004760035485073704
6843,-0.29422848215541153,-0.38469563906962745,-3.9749258092636497,0.5017760294325067,0.47975561402265315,2.002161811249057,0.0,-0.0,0.0,0.0,0.0,0.0
6844,0.3303878267369585,-0.7654106819946432,-0.10618714325646686,0.8381542392220138,0.3214416499604465,2.000142771396228,0.0,-0.0,0.0,0.0,0.0,0.0
6845,0.48825821271671266,-0.09990862490256022,-2.8367964184722476,-0.7515662786638498,-0.22772561029126534,2.004539209413924,0.0,-0.0,0.0,0.0,0.0,0.0
6846,-0.6634061206232377,-0.12402078134858062,0.1833102771556632,0.67895183276237,0.572158813467043,2.0014619671412417,2.5220084099162707e-15,-2.1572368717733255e-15,-0.0,5.9753282450234996e-05,4.8424272679746197e-05,-0.0004865616462206372
6847,0.5352418818027371,-0.276730295209972,-1.5091303896704917,-0.5076697965268312,0.725617331597681,1.9985092124600627,0.0,-0.0,0.0,0.0,0.0,0.0
6848,0.24979377085247076,0.7956224302348234,-2.5867749287364803,0.6138799434850305,-0.4191492980544752,2.0017614026664727,0.0,-0.0,0.0,0.0,0.0,0.0
6849,-0.8743675537267727,-0.1813369536161121,-3.140230770381358,-0.21822460278175596,-0.5484937044794916,2.0003643799052977,0.0,-0.0,0.0,0.0,0.0,0.0
6850,0.04592038673366292,-0.19345063998714854,-0.6074691133662877,0.6571400198392785,0.10788483816013286,2.0018463160593245,0.0,-0.0,0.0,0.0,0.0,0.0
6851,0.040594800993782515,0.7500853149668893,-3.7792487546623743,-0.8985467709697346,0.08848670235826325,1.99926161217377,0.0,-0.0,0.0,0.0,0.0,0.0
6852,0.00651873892917298,0.8362582151888914,-0.391367662649262,0.5509902022997387,-0.1243060890951789,1.9985947803055024,0.0,-0.0,0.0,0.0,0.0,0.0
6853,-0.37397279442849196,0.45435653378801616,-0.6351442903887572,-0.6723354897586344,-0.5761358439698192,2.00300868395469,0.0,-0.0,0.0,0.0,0.0,0.0
6854,-0.5241821339243591,0.3938937443273118,0.4909437763925252,0.02516654239223817,0.3279284915529817,2.0022343531748112,-6.6662989617612855e-15,-1.2473983053221001e-14,-6.782112389086582e-212,-0.00015201952826803878,0.0002858219260563241,0.0006149732988001462
6855,0.47340707702001716,-0.25316068413305687,-1.6012988479174601,-0.18264999707413734,-0.7497181537527161,1.9974291950791971,0.0,-0.0,0.0,0.0,0.0,0.0
6856,-0.10483364690181006,0.27237201026555297,-3.2165663621003167,0.8676122635864967,-0.3566716336054951,2.001297012959753,0.0,-0.0,0.0,0.0,0.0,0.0
6857,-0.7354885601280434,0.7299129688782421,0.3159223617711539,-0.8064295431751115,-0.04844485197743272,2.000030514682975,-1.6803908296012234e-14,-2.1025542215482838e-14,-2.184274217188e-311,-0.0003857975775135494,0.00048350237260517324,0.00016153562964363167
6858,0.7226300933194243,0.5434264882673452,-1.5209676318271548,0.2760977636627065,0.8696316315549716,2.000179930521605,0.0,-0.0,0.0,0.0,0.0,0.0
6859,0.15645772294698268,0.7806202163128646,-0.5594281355116328,-0.7138169556322177,0.37230525035480416,2.003295141893334,0.0,-0.0,0.0,0.0,0.0,0.0
6860,-0.42846712450023194,-0.635252944703643,-0.8183438570191642,0.5948699467881241,0.5544191104208304,1.9982752744002819,0.0,-0.0,0.0,0.0,0.0,0.0
6861,-0.9326836099578758,0.055447279523135155,-2.882585139722776,0.008382326735723176,-0.4867890457004004,1.9980096735083492,0.0,-0.0,0.0,0.0,0.0,0.0
6862,0.8332981012848453,0.07892377961397093,-2.220822231202112,-0.15639199692991418,0.9861364407621855,2.0007852725615582,0.0,-0.0,0.0,0.0,0.0,0.0
6863,-0.3895296529815315,0.18495486624790725,-2.7238152101789477,-0.6279136846276019,0.09042154937186223,2.0023248559426214,0.0,-0.0,0.0,0.0,0.0,0.0
6864,-0.7453812831664446,0.3697531587077191,-0.8180833350575359,0.25217444436986236,-0.5786720418564261,2.000477176904867,0.0,-0.0,0.0,0.0,0.0,0.0
6865,-0.05109756629486408,0.6264474364570001,-1.9193515758727722,-0.31914778441831426,-0.0878307709703591,2.000421609148158,0.0,-0.0,0.0,0.0,0.0,0.0
6866,0.9695291577076753,-0.053310571963626104,-1.2693962103853098,0.18491943162137814,0.6262444716266267,2.002157941470481,0.0,-0.0,0.0,0.0,0.0,0.0
6867,-0.2707910986390218,-0.7205416465056663,-1.6800460584278245,0.29061049515681375,0.5686507636052446,1.9994902470919043,0.0,-0.0,0.0,0.0,0.0,0.0
6868,0.5775820721955838,-0.2647221168489967,-0.2043264313166535,0.6389073825838149,-0.1775616472480004,1.9994409840742458,0.0,-0.0,0.0,0.0,0.0,0.0
6869,0.7090690442830747,0.404883975589556,-0.08779139486542861,-0.3940927990348377,0.4726897652532939,2.0034126166138337,0.0,-0.0,0.0,0.0,0.0,0.0
6870,-0.2207774739462753,-0.2756235332528802,-0.27090438352138185,0.341944717630067,0.5694839062419792,1.9969162655180066,0.0,-0.0,0.0,0.0,0.0,0.0
6871,0.5405988556857979,-0.7376514427757984,-2.324502790864199,-0.24923804223453547,-0.7591155434981357,1.9974313616276564,0.0,-0.0,0.0,0.0,0.0,0.0
6872,-0.2353486788600486,0.9341523600738665,-3.0167394926113014,-0.537527577832594,-0.5496619812942687,2.0017603815842935,0.0,-0.0,0.0,0.0,0.0,0.0
6873,-0.1306214981918472,0.48339855769220336,-4.1297260819286725,0.36356713210133734,0.694013388918157,2.0027449780120046,0.0,-0.0,0.0,0.0,0.0,0.0
6874,-0.712544643014155,-0.4599126309859882,-3.0846197409834946,-0.7618980916280684,-0.4068232547278647,2.0010277803977514,0.0,-0.0,0.0,0.0,0.0,0.0
6875,0.6462774571690999,-0.03690129277991313,-0.7428633398834361,-0.7965294671644562,-0.3950205798060104,1.9980654488302996,0.0,-0.0,0.0,0.0,0.0,0.0
6876,-0.8915440059277623,0.02805279284361673,-3.0303757756671534,-0.6085401379486486,-0.4665921581393674,2.0026127457378915,0.0,-0.0,0.0,0.0,0.0,0.0
6877,0.8016311245606965,-0.47580646996318826,-2.4828496858268077,0.2795947491461939,0.21546383363024796,2.001163295989478,0.0,-0.0,0.0,0.0,0.0,0.0
6878,-0.7526313041141531,-0.2531356522157352,-2.4432411504132907,-0.30551401933469496,0.24292524917407976,1.9993601596904098,0.0,-0.0,0.0,0.0,0.0,0.0
6879,-0.29845133089568826,-0.8227757316419007,-0.6534372215828853,-0.5700522299046537,0.04141048701535624,1.9973648211927106,0.0,-0.0,0.0,0.0,0.0,0.0
6880,-0.02372640161137735,-0.6089702886782808,-0.6085757087829786,-0.1745676275369651,-0.9381385911135817,1.99765399949055,0.0,-0.0,0.0,0.0,0.0,0.0
6881,-0.37181820288233286,-0.5539828862533854,-0.12205710584950569,0.7148262969063146,-0.4792168215614881,1.9993642982821327,0.0,-0.0,0.0,0.0,0.0,0.0
6882,0.5997528144332719,0.29638841607901883,-2.9787733673721073,-0.6016760456739308,0.39091648683925373,1.9968543468178186,0.0,-0.0,0.0,0.0,0.0,0.0
6883,0.3895205770303935,-0.18730282821601232,-0.6073805327468419,-0.9735450679392709,-0.09946822232030374,1.997340932604091,0.0,-0.0,0.0,0.0,0.0,0.0
6884,-0.046373887896803294,0.7197985045070949,-4.0182424907948135,-0.7898919230090949,0.051163323856639194,2.000705676893051,0.0,-0.0,0.0,0.0,0.0,0.0
6885,-0.054399187116545275,-0.725898309391609,-2.117674383206517,-0.009888772519228638,-0.598096057120957,1.998849586283013,0.0,-0.0,0.0,0.0,0.0,0.0
6886,0.32616028385923534,0.4279590555345373,-1.484785188433893,0.2856951961140016,-0.7486492330535846,2.000432166089103,0.0,-0.0,0.0,0.0,0.0,0.0
6887,0.2878318056647262,-0.4584763352372702,-1.8953773232668434,0.30777951550463273,0.7528229046258077,1.9986545675175085,0.0,-0.0,0.0,0.0,0.0,0.0
6888,0.5664774817916047,0.24575232027785124,-1.5241702490549476,-0.2599960200312955,0.7143211043538853,1.9997018854723116,0.0,-0.0,0.0,0.0,0.0,0.0
6889,0.5293108372406117,0.7449163229247001,-3.1398385683256196,0.5062919291400316,-0.8096830376837714,1.998460714627817,0.0,-0.0,0.0,0.0,0.0,0.0
6890,0.5113672532274677,0.21023681852448076,0.023199851164947737,0.08982308490286635,-0.8764731880518788,1.9947901415089704,1.1188058975725702e-14,-3.6820726049847137e-16,-0.0,0.00025803212874567005,6.3655484712184325e-06,-0.00046053045475231643
6891,-0.29691647341075744,-0.22070061272067343,-2.3388731808486796,-0.08670315858551153,-0.6094432160572579,1.9986987020156595,0.0,-0.0,0.0,0.0,0.0,0.0
6892,-0.15246229675146844,0.9241484915751277,-3.260975508514847,-0.6459471644271122,-0.3155338402714256,1.9954778035926888,0.0,-0.0,0.0,0.0,0.0,0.0
6893,-0.4394098538578261,-0.3881311645531938,0.3201117300340503,0.11292926761989729,-0.07876829931337095,1.9973821917321084,-7.763499232265125e-15,8.452480354210807e-15,-1.1624164296257843e-308,-0.00017854455830950252,-0.0001945874822169861,0.00019272618339493658
6894,0.4610888933855717,0.7640746168468465,-3.565031611374121,-0.036967261547296335,-0.24961311413026813,2.0007807722270394,0.0,-0.0,0.0,0.0,0.0,0.0
6895,-0.5225539368246692,-0.6953504053076435,-1.5234774082743145,0.06690791382979674,-0.25491975113593074,2.0000000594945053,0.0,-0.0,0.0,0.0,0.0,0.0
6896,-0.7001340787385982,-0.6683685438541181,-1.7212925470570484,0.7050767680008445,-0.2455280690609582,1.997147168830244,0.0,-0.0,0.0,0.0,0.0,0.0
6897,-0.0673358446698929,0.8049368079885273,-1.3696604130479737,-0.4048534239745682,-0.9084576178700454,1.9997745540113,0.0,-0.0,0.0,0.0,0.0,0.0
6898,-0.3006801204501465,0.16052990334874334,-0.7512419937596874,0.10468044872179169,-0.6087871958924616,2.000860074102721,0.0,-0.0,0.0,0.0,0.0,0.0
6899,0.3486918113713813,0.9026569784655972,-0.23230023885008552,-0.907682340822224,0.056212046982536956,1.9994760992694884,0.0,-0.0,0.0,0.0,0.0,0.0
6900,-0.9097936551147562,-0.21762341669539878,-2.79648709024474,0.7315056653393539,-0.1974475880254122,2.001734077859702,0.0,-0.0,0.0,0.0,0.0,0.0
6901,-0.3690232213155932,0.578748476864826,-3.509191620522056,-0.06082484745900145,0.9552648390802958,1.999697186437829,0.0,-0.0,0.0,0.0,0.0,0.0
6902,0.5924599050583632,-0.5885061430116694,-2.862042361133141,-0.5588515198764845,-0.5574807917373763,1.9994513035669979,0.0,-0.0,0.0,0.0,0.0,0.0
6903,0.7285054994393981,-0.38698152535735986,-3.2019169791096873,-0.4357563513984982,-0.29834328080139444,1.996374495563793,0.0,-0.0,0.0,0.0,0.0,0.0
6904,0.41033002660117324,-0.1779544128023312,-3.6410557155784895,-0.4365951738191845,-0.46044775910533864,1.9960794396333101,0.0,-0.0,0.0,0.0,0.0,0.0
6905,0.6845844119483442,-0.21693960677283539,-3.2486776461480518,-0.8244825522642782,-0.05791982429041696,2.0010024619851867,0.0,-0.0,0.0,0.0,0.0,0.0
6906,0.30580245066283307,-0.3200546064770983,0.10151333400158066,0.890155720786981,0.1773493472899816,1.9981679326474915,3.629776409683429e-15,6.68111551285874e-15,-0.0,8.660877352971158e-05,-0.00015401660695292432,-0.00034341648819485393
6907,-0.010150276441539466,-0.678262044040688,0.15816081177383684,-0.9908366287775007,0.038871551308977965,2.0012202164285915,4.839003805728421e-15,1.400383544230744e-14,-0.0,0.00011129642502020104,-0.0003207828068782364,-0.00033123459176014134
6908,0.29206207888713326,0.3398784252588048,-2.212820450440622,0.304057518366821,-0.1579388252626031,1.9980311563917572,0.0,-0.0,0.0,0.0,0.0,0.0
6909,-0.015517689143258632,-0.22276173588550433,0.46484333150159446,-0.1365121069179284,-0.02791466468356587,2.004904925914521,2.361021967912301e-16,8.000661527036322e-16,-1.0175533821261462e-226,6.071012656546704e-06,-1.8040430490581113e-05,0.0005645266306982359
6910,0.3993630825703709,0.46930007729970424,-2.334095247250581,0.036920246102938516,0.8411230802399396,2.002838894652525,0.0,-0.0,0.0,0.0,0.0,0.0
6911,0.4156853007489718,0.7085688782104138,-1.8611974420593151,-0.07961489072928327,0.13641615971560062,2.0014786616765883,0.0,-0.0,0.0,0.0,0.0,0.0
6912,-0.19170882948110476,-0.3374810908287371,0.3054680561814181,-0.3214159789482953,0.0015889829747231662,1.9960188044152944,1.0456228801016634e-15,-1.0706454651966585e-15,4.8806724e-317,2.445424832451449e-05,2.548677895274472e-05,0.0003035765220237839
6913,0.42560319697459564,-0.7927003907366675,-2.2318707583029034,-0.41827600673070003,0.14675904638303583,1.9997943994849048,0.0,-0.0,0.0,0.0,0.0,0.0
6914,-0.6703928432272845,-0.011943748125168536,-1.5328139804486982,-0.6849734858616128,-0.20326655428413878,1.998552004724669,0.0,-0.0,0.0,0.0,0.0,0.0
6915,-0.12670890503140167,0.8669093719891611,-0.9107081719095794,-0.5371277009701435,-0.7652603257082637,2.003762431406655,0.0,-0.0,0.0,0.0,0.0,0.0
6916,-0.13425014723665626,0.3908337498734608,0.1906018405687454,-0.9357151144409697,0.29047020239874566,2.0016054816088746,8.159539798065676e-15,-5.368574963204723e-15,-0.0,0.00018707274250851522,0.00012153745106716697,-0.0003850198132123134
6917,-0.017110761174816753,-0.6074534930932678,-1.9808714825975984,-0.09884827605915336,-0.5637190182279762,1.9981337099360885,0.0,-0.0,0.0,0.0,0.0,0.0
6918,-0.6938871107803112,-0.0937040524179203,-1.7057778245228374,-0.00018158895603995412,-0.05414462896663669,2.000805585659429,0.0,-0.0,0.0,0.0,0.0,0.0
6919,-0.2426327562440251,-0.3839404390205146,-1.961625392314259,0.898987472976579,-0.23770735381759717,1.9993137996594204,0.0,-0.0,0.0,0.0,0.0,0.0
6920,0.12474437870391365,0.31339363577801027,-0.01971206564314804,-0.00011379675811012302,0.19597725608149474,1.9984381744825288,0.0,-0.0,0.0,0.0,0.0,0.0
6921,0.8044305174392242,0.20145882500539283,-0.9021960858297629,0.7119106796235217,-0.28943663852287765,2.001902364568985,0.0,-0.0,0.0,0.0,0.0,0.0
6922,-0.1270820731050349,-0.088747205727252,-0.023686081180044737,0.7405107498833364,0.4071840695834955,1.999269963720297,0.0,-0.0,0.0,0.0,0.0,0.0
6923,-0.6136048250161206,-0.6969201050877564,-3.0979797859903204,-0.5951799737797442,-0.14111453076554817,1.9985694498737816,0.0,-0.0,0.0,0.0,0.0,0.0
6924,-0.5125668735089457,0.005221620186012795,-4.340810755275738,-0.27583039015117394,0.8186919316446312,1.9991528376001237,0.0,-0.0,0.0,0.0,0.0,0.0
6925,-0.703931647820521,0.24549061229989588,-0.11348418059917034,-0.1866071186727335,0.2765583647195171,2.004345843225027,0.0,-0.0,0.0,0.0,0.0,0.0
6926,0.40468538025590167,-0.28084489506229465,-2.9079883389122867,-0.43172089509191264,0.3096178015727828,2.000219331672029,0.0,-0.0,0.0,0.0,0.0,0.0
6927,0.0026957671935483054,0.31869915819567796,-4.438526438901771,-0.21280404441397632,0.5487693594744686,1.9990379847736015,0.0,-0.0,0.0,0.0,0.0,0.0
6928,-0.9132689343432957,-0.13447950677511816,-0.6343648122342421,-0.5134571445055863,0.08041995984284607,1.9979810529646456,0.0,-0.0,0.0,0.0,0.0,0.0
6929,-0.19973859858791496,0.8196271479789607,-3.1419079738783884,0.3079540640029888,-0.8791267392637665,1.9998521014236594,0.0,-0.0,0.0,0.0,0.0,0.0
6930,-0.2854006157098807,0.25174656660357037,-1.3565497013630616,0.8860481688699379,0.10656205085908148,1.9992181997114427,0.0,-0.0,0.0,0.0,0.0,0.0
6931,-0.6064295491412064,0.5214504996075539,-1.076553028577127,-0.8802088233525148,-0.4305985646698706,2.0002473037636883,0.0,-0.0,0.0,0.0,0.0,0.0
6932,0.1818004587756923,0.5174705856582488,-2.319668938029006,0.30221304727220516,0.37609270981094656,1.9984042887856093,0.0,-0.0,0.0,0.0,0.0,0.0
6933,-0.5818536364500565,0.4490912080072904,-2.397069113977449,-0.2953395060718362,-0.029591385997296743,1.99920144687523,0.0,-0.0,0.0,0.0,0.0,0.0
6934,0.6612908905160526,-0.042939711478821356,-3.5359800056911475,-0.11814963731515088,0.7995485181186971,1.999330726274863,0.0,-0.0,0.0,0.0,0.0,0.0
6935,0.4375928722586832,0.1056936455408144,-2.787488204413243,-0.5038574452808531,0.6538037748733814,1.9981955334741293,0.0,-0.0,0.0,0.0,0.0,0.0
6936,-0.8508169622456955,0.4286477944262921,-3.9530253995367852,-0.30778618716852557,-0.07476928907823689,2.0032005235560195,0.0,-0.0,0.0,0.0,0.0,0.0
6937,0.419743973976909,-0.8868052846626444,-0.6246148729604263,0.371546952469757,-0.1273907394204273,1.9983552152966686,0.0,-0.0,0.0,0.0,0.0,0.0
6938,0.10024195410681397,-0.3229242531208132,-1.4274978799669258,0.4381615727650345,-0.5344865644719741,1.999242076575673,0.0,-0.0,0.0,0.0,0.0,0.0
6939,0.041574605856854456,0.34585029825906355,-1.2266961234091749,-0.06219276955083757,-0.487158333053269,1.9971511563768263,0.0,-0.0,0.0,0.0,0.0,0.0
6940,0.3215269960807207,0.7520161732812113,0.39364259816206326,0.3496348572591958,-0.3297759838792859,1.9946333789591166,1.7557325751362832e-15,-2.1121124562472178e-14,4.428796009238334e-266,4.126774410531187e-05,0.00048672069391341653,0.000566545758638981
6941,0.0925096651179478,-0.015558737672787743,-3.589356247804626,0.4094341531911034,0.7053320365914157,1.9990417603823534,0.0,-0.0,0.0,0.0,0.0,0.0
6942,-0.2869768406605134,-0.9060367516989367,-1.3547472263797498,-0.07743597521464426,0.7068486501513032,2.0005353810368978,0.0,-0.0,0.0,0.0,0.0,0.0
6943,-0.19851243831765705,-0.2694038434413485,-2.5571186813269486,-0.5321182067154798,-0.273917672807088,1.998771728969985,0.0,-0.0,0.0,0.0,0.0,0.0
6944,0.2425177817539045,0.4959777746908778,0.24882826911181588,0.4690349995729705,-0.5702081132446827,1.9984858750450487,5.081668179114954e-15,-1.3069902288335084e-14,0.0,0.00011773207204335002,0.00029970632771924807,9.1457127836015e-05
6945,-0.8424042995838185,0.2511731448328745,0.007428250876809622,-0.6617931952194572,0.23002272972406348,2.002106091824333,-5.845799692349243e-14,4.443330339747933e-14,-0.0,-0.0013640521555140276,-0.001086824520011244,-0.001089836193160335
6946,-0.052877103618652124,-0.9879398687974034,-2.922402512154896,-0.8744572320369117,-0.18094256048451432,1.995780844150621,0.0,-0.0,0.0,0.0,0.0,0.0
6947,0.592864682030457,0.760239195295947,-1.2588718647937485,0.6464583188951207,0.16307427109736775,1.997248613846531,0.0,-0.0,0.0,0.0,0.0,0.0
6948,-0.1343037293029045,0.38513872859174747,-2.0805961585508257,-0.33580449564982034,-0.7541574507430393,2.0013783590385748,0.0,-0.0,0.0,0.0,0.0,0.0
6949,0.48108394937935584,0.21972940443961467,-3.9652958421883078,0.4056807430793223,-0.8181104165558948,1.9992651332962585,0.0,-0.0,0.0,0.0,0.0,0.0
6950,-0.38521087877265314,-0.3405461958646995,-3.9416084788334507,-0.4731587031566706,0.7340495855706528,2.0000546720124355,0.0,-0.0,0.0,0.0,0.0,0.0
6951,0.04198496811482253,-0.8837872464211679,-0.2224129785303912,-0.033260020049446476,-0.9981779559210429,2.0003906288963322,0.0,-0.0,0.0,0.0,0.0,0.0
6952,0.30555368769952224,0.40491925774050525,-4.205184075244042,-0.41150984845546573,-0.4179482603866281,1.998672326366356,0.0,-0.0,0.0,0.0,0.0,0.0
6953,0.018078182753990774,-0.06212422412826655,-2.887475359288625,-0.6621048782600192,0.7220508615337564,2.0029996577937967,0.0,-0.0,0.0,0.0,0.0,0.0
6954,0.18137090227313465,-0.08292137952355678,-0.07293524470330054,0.6315591636846835,0.3623140298870758,1.9979327091795398,0.0,-0.0,0.0,0.0,0.0,0.0
6955,-0.6180753997549081,-0.7506084450615408,-4.420209599964016,-0.3874004456437069,0.8857913908522898,2.0009615106952165,0.0,-0.0,0.0,0.0,0.0,0.0
6956,0.135065909397627,-0.14811418709758364,-3.64900958334468,-0.24063613494973404,-0.7686261161487665,2.0000215623597772,0.0,-0.0,0.0,0.0,0.0,0.0
6957,0.30500706695125207,0.12291491936116854,-0.484610454719561,-0.09448477368981628,0.6906749020590072,2.000011163750316,0.0,-0.0,0.0,0.0,0.0,0.0
6958,-0.5286061327405814,-0.6179757805256322,-0.18253809423211664,-0.5734883962415397,-0.782244495688851,2.000582777529377,0.0,-0.0,0.0,0.0,0.0,0.0
6959,0.7978276898504064,0.268074755506536,-0.36065724874140886,-0.04395175430889175,0.3295490119577254,1.9974685067303612,0.0,-0.0,0.0,0.0,0.0,0.0
6960,0.07065108281236948,-0.22207175249412825,0.3968853629122771,-0.204294456700433,0.41624131348962573,2.000469659418975,1.61383807812439e-14,2.934769724716171e-14,-7.640966587440924e-266,0.0003718804449821823,-0.0006795809387233022,0.0002531596866438667
6961,0.6704442607768505,-0.061442119477226366,-0.9238118156415652,-0.3033492916414856,0.36094691217601815,1.9978184533744001,0.0,-0.0,0.0,0.0,0.0,0.0
6962,-0.03678239532011719,-0.15480644649230152,-0.8628044271029355,0.5000840022163877,-0.8321020749686426,2.000979147634249,0.0,-0.0,0.0,0.0,0.0,0.0
6963,-0.525867915022151,-0.812823363128202,-3.5397546319367184,-0.7865799143007347,0.5463100294016936,1.9994229964786636,0.0,-0.0,0.0,0.0,0.0,0.0
6964,-0.9285706094693061,0.2690664399463151,-3.31635484788053,-0.36926089523318634,-0.8229567896995806,1.999629967858837,0.0,-0.0,0.0,0.0,0.0,0.0
6965,-0.20189658281455594,-0.33720157124028743,-3.284489431086315,0.23338172424215828,0.4899827961801791,1.9974156340700855,0.0,-0.0,0.0,0.0,0.0,0.0
6966,-0.6812449402412556,-0.3684881968240566,-2.330784965912501,0.3004803382860494,0.8975133924748974,1.999715258314947,0.0,-0.0,0.0,0.0,0.0,0.0
6967,-0.6156701096232788,0.1146938133257226,-3.0752954452589933,-0.674406276926025,-0.03914367660678954,1.9995076951787674,0.0,-0.0,0.0,0.0,0.0,0.0
6968,0.5426476011256846,-0.4253296548533484,-2.734923450800901,-0.31521051096172226,0.35756461994783656,2.0025081409968437,0.0,-0.0,0.0,0.0,0.0,0.0
6969,0.4392541443530762,-0.41636201077801643,-3.5509586651592135,0.717918870658035,0.076733197928426,2.002288590742035,0.0,-0.0,0.0,0.0,0.0,0.0
6970,-0.09971827196783158,0.574869696929762,-3.5206541664712,-0.27496413526412006,-0.6297111320279076,1.9979676511768774,0.0,-0.0,0.0,0.0,0.0,0.0
6971,0.16262663276020947,-0.08599801912172737,-0.630791655250981,0.7349198929892031,0.5177780178892806,1.9981651914684415,0.0,-0.0,0.0,0.0,0.0,0.0
6972,-0.46770922260948056,-0.13419910059464094,-1.1507301302496704,0.7454258078658936,0.09591508136002963,1.9998769172442252,0.0,-0.0,0.0,0.0,0.0,0.0
6973,-0.20159600592914287,-0.4632807232390581,-4.462706358442754,0.11309932074265482,-0.9017475230183234,1.9961091476820798,0.0,-0.0,0.0,0.0,0.0,0.0
6974,-0.20952732437824712,-0.3364394207295034,-0.8601869385159894,-0.6369307180128733,-0.36935424453304694,2.001793024918001,0.0,-0.0,0.0,0.0,0.0,0.0
6975,0.12409207617907846,-0.1618059972173736,-3.3296423172197103,0.39760762696996715,-0.04160646193398979,1.998605514890045,0.0,-0.0,0.0,0.0,0.0,0.0
6976,0.5649732787058875,0.5242851024656326,-3.7240366733758683,-0.43229043801760864,-0.7187577760198015,2.0026998989549587,0.0,-0.0,0.0,0.0,0.0,0.0
6977,-0.199275936272156,-0.4662218936826204,-1.0399051681438427,0.6402172498960229,-0.005465349120871813,2.000152875767576,0.0,-0.0,0.0,0.0,0.0,0.0
6978,0.2516920638351592,-0.4695914816899669,-0.19908366289619503,-0.31369051099536455,-0.2163837629238812,1.9975589516739276,0.0,-0.0,0.0,0.0,0.0,0.0
6979,0.2595310476067363,-0.7093231825768439,-4.473909843638053,-0.5345944410590193,-0.5630682420052099,1.9991369160743047,0.0,-0.0,0.0,0.0,0.0,0.0
6980,0.4379215883340679,-0.6886225203653805,-3.3829469848631075,-0.3622178068851015,0.6791232874259276,2.0030037513350063,0.0,-0.0,0.0,0.0,0.0,0.0
6981,-0.15132121611642024,-0.9641973712002828,-3.382303155979884,0.4427726788970697,-0.43116129632672595,1.999125101177313,0.0,-0.0,0.0,0.0,0.0,0.0
6982,0.7957103719544548,0.2871444386917199,-2.9155612888482416,0.08473187404936285,-0.44685126541013065,2.0017616556977536,0.0,-0.0,0.0,0.0,0.0,0.0
6983,-0.43265095669976866,-0.20099101365832459,-4.4500224326039834,-0.1745918175092457,-0.5434856052485025,1.9971444150333588,0.0,-0.0,0.0,0.0,0.0,0.0
6984,0.4042833270857959,0.34319817429531424,-0.5955381778338348,0.5692232887426733,-0.13468691145163036,2.000913457903586,0.0,-0.0,0.0,0.0,0.0,0.0
6985,-0.687736373069612,-0.05641747608563452,-1.086683818909654,0.7239957774139434,-0.1517219233651589,2.0006509385519173,0.0,-0.0,0.0,0.0,0.0,0.0
6986,-0.28942475168722104,-0.6690935553012562,-0.7622784681592565,-0.17135768648529262,-0.34211881289731605,1.9988761197015124,0.0,-0.0,0.0,0.0,0.0,0.0
6987,0.3701111557097743,0.13983151011362463,-3.800134383783651,0.623050092055094,0.5982870304292123,1.9977827374921897,0.0,-0.0,0.0,0.0,0.0,0.0
6988,-0.7885546592085263,0.4629680091406586,-3.3289126047268596,0.6818980446170995,-0.5703725941723566,2.0004135503161007,0.0,-0.0,0.0,0.0,0.0,0.0
6989,-0.08138913194646902,-0.9716308723197888,-1.4856001743373035,0.18495987680990092,0.80897404396378,1.9967050394859764,0.0,-0.0,0.0,0.0,0.0,0.0
6990,-0.8546358336190908,-0.21021984348436468,-4.302564990369438,-0.6116591832075936,-0.6372897370545909,1.999903172866414,0.0,-0.0,0.0,0.0,0.0,0.0
6991,-0.10860284482994863,-0.15042089320825952,-0.5013186483516071,0.605033086196983,-0.3913352726548887,1.999140903326581,0.0,-0.0,0.0,0.0,0.0,0.0
6992,0.761994086342764,0.5289159509749457,0.16142643639526905,-0.48289981920852026,-0.44416238132135916,1.9993514310131844,1.566876671061125e-14,-1.5171228226967172e-14,-0.0,0.00035980157106196945,0.0003487289560677163,-5.193902927993121e-05
6993,0.02805836836101966,-0.18927179808599096,0.33548185628664084,0.750101715337366,-0.2873841177371804,2.002514163982308,1.434441084818443e-16,3.056713889691079e-16,2.2883576954601686e-300,4.108563538541785e-06,-6.803030051782466e-06,0.00014166632915683756
6994,0.35680457687580547,-0.5280410527947831,-4.313426216134338,0.5231564301702906,-0.7329047686461446,1.9986497608445162,0.0,-0.0,0.0,0.0,0.0,0.0
6995,0.46822603360568366,-0.4179543548900689,-1.5894626267574608,-0.5990722812444591,0.5152345033932184,1.9985830850253758,0.0,-0.0,0.0,0.0,0.0,0.0
6996,0.07908816685423378,0.3098789119842189,-0.41264607771969525,-0.12277588044200931,0.3367221280664332,2.0004703865878213,0.0,-0.0,0.0,0.0,0.0,0.0
6997,-0.7466041107465642,-0.47027758209472226,-0.8507221483414282,-0.1909923352462947,0.7191195571364504,2.0005457401627367,0.0,-0.0,0.0,0.0,0.0,0.0
6998,0.1352102525479006,-0.8935937439539511,-1.3833751566966932,-0.5004166187952049,0.6594605292786152,2.000806622677937,0.0,-0.0,0.0,0.0,0.0,0.0
6999,0.3245738982070744,-0.5327324480503559,-2.507492721384636,0.5139665478434412,0.7289644278595103,1.9991801306451271,0.0,-0.0,0.0,0.0,0.0,0.0
7000,0.17922410148330883,-0.8528461187704874,-2.704972061562293,0.22349726989392898,0.5275796370113028,1.9994791276509354,0.0,-0.0,0.0,0.0,0.0,0.0
7001,0.5876790516294466,0.47805154878645506,-4.143083091332305,-0.8252010407931321,0.17261823390855938,2.000298843594612,0.0,-0.0,0.0,0.0,0.0,0.0
7002,-0.1583611417975686,0.3846055785255992,0.22024671613945987,-0.2818390596660219,0.20105339527623378,1.9994146264767978,-2.1946973048198672e-15,-8.06486369662352e-16,0.0,-5.190958755761259e-05,1.7676399126406548e-05,9.529405315425236e-05
7003,0.895048349964708,0.016809498138770765,-1.2939894646072332,-0.8567551092957016,-0.11970412024866071,1.9994953275313734,0.0,-0.0,0.0,0.0,0.0,0.0
7004,0.18450359529661722,0.31020584281019065,-1.0793059152468931,-0.17213120992961797,-0.1496202100655306,2.005111910820663,0.0,-0.0,0.0,0.0,0.0,0.0
7005,0.3860837591159688,-0.018857770664478843,-0.19151818112339378,0.6341748380793596,-0.5509703679978891,2.0029512685287054,0.0,-0.0,0.0,0.0,0.0,0.0
7006,-0.8635099822325167,-0.3129077929867312,-4.292912810153983,-0.827501252682766,-0.20118272012863306,2.0013498078725798,0.0,-0.0,0.0,0.0,0.0,0.0
7007,0.27480409488124186,0.7604426669150913,-1.0230674184529658,-0.1974786462505477,0.3807326877661398,1.997378339520665,0.0,-0.0,0.0,0.0,0.0,0.0
7008,0.40420374143218635,0.021334835365774626,-2.9201974322513378,-0.7740487207144551,-0.04574103203259131,2.001085227879272,0.0,-0.0,0.0,0.0,0.0,0.0
7009,0.53644098642811,-0.46505096624821246,-3.040181434295546,0.7099569672292326,-0.13132260804818063,1.9999049238485678,0.0,-0.0,0.0,0.0,0.0,0.0
7010,-0.7136549382658196,-0.5776109281019334,-3.599944171578042,-0.8848671466101147,-0.1371276674544616,1.9971080370484073,0.0,-0.0,0.0,0.0,0.0,0.0
7011,0.30975094737628384,0.15726798064573233,0.2998815768553271,-0.0006431367440179839,0.17756721854112995,1.9967866283305487,6.602156886738497e-15,2.640512749873083e-15,6.685e-321,0.00015297587812947505,-6.131893236566751e-05,-3.2941420631295205e-05
7012,0.25808163730421535,-0.6207100866423635,-0.5983065176134771,0.13564221360023496,0.7056269657126204,2.0007911719068767,0.0,-0.0,0.0,0.0,0.0,0.0
7013,0.7924529530073923,0.07673630334127099,-0.3640717037848918,-0.49935437819860024,0.04672663724906368,2.000285184232986,0.0,-0.0,0.0,0.0,0.0,0.0
7014,-0.6635245532164735,-0.6473354158244676,-3.835293407721032,-0.42197455062814526,0.6249289685876587,1.9981151020579668,0.0,-0.0,0.0,0.0,0.0,0.0
7015,-0.3348890270070972,0.6630435770196191,-3.151919907137348,0.4633557581341565,0.15254167353402331,2.002387828250509,0.0,-0.0,0.0,0.0,0.0,0.0
7016,0.3065540802916594,-0.613635921259327,-4.410229247944015,-0.511435425904244,-0.3580803355482192,2.0009181545558667,0.0,-0.0,0.0,0.0,0.0,0.0
7017,-0.8110588894630779,-0.4498942434543081,-3.688185827541839,0.6907027020393695,-0.06419968217823883,1.9982598775544067,0.0,-0.0,0.0,0.0,0.0,0.0
7018,-0.7943695973184355,0.5284068378131539,-3.0142845971976677,0.11323251060609203,-0.037052323606848014,2.0004868329172294,0.0,-0.0,0.0,0.0,0.0,0.0
7019,-0.741363976543103,-0.6029836152834961,-0.8452401770219712,-0.32925477894641203,0.8179288978935689,2.000658865098982,0.0,-0.0,0.0,0.0,0.0,0.0
7020,-0.6063182566998133,0.13276184805589097,-0.7305876500625708,0.5962810934952308,0.4569321144572526,2.0006473943131833,0.0,-0.0,0.0,0.0,0.0,0.0
7021,-0.18469553892201301,-0.5422389924755576,-0.5566411487174555,-0.03296976203955247,-0.017114580759547693,2.005182223905406,0.0,-0.0,0.0,0.0,0.0,0.0
7022,-0.40519351048448676,-0.7685550098768009,-2.962383416147548,-0.1425469711963112,-0.09139361468134287,2.00069315678228,0.0,-0.0,0.0,0.0,0.0,0.0
7023,0.10091386517921688,-0.8606844600808577,0.2440142378052666,-0.8826206142422057,0.37475950852492296,2.0001366816991037,8.315584678642777e-15,1.8919664573395262e-14,-0.0,0.0001910126035962318,-0.0004340739243816127,-0.00010905116540706138
7024,0.1774757853082645,-0.08900519416405009,-2.026978630458843,-0.553268520310991,-0.7344550419338545,2.0014146663138574,0.0,-0.0,0.0,0.0,0.0,0.0
7025,0.2746845782984141,-0.48930548885751746,-1.1691400910570764,-0.3572539562812821,-0.24329642694960335,2.000274039361095,0.0,-0.0,0.0,0.0,0.0,0.0
7026,0.44213910084163976,0.8013537012582405,-3.8286174628643557,-0.09927172118701898,-0.0010872661483514764,1.9986347697439704,0.0,-0.0,0.0,0.0,0.0,0.0
7027,-0.5432615423899437,0.550056804128818,-0.7538013790356383,-0.6036334818853407,-0.17366632038441415,2.0032211199804113,0.0,-0.0,0.0,0.0,0.0,0.0
7028,0.8682813363915345,0.054624395444554295,-1.3629262626322791,0.6062475819756002,-0.4344307261219244,1.9990871067348734,0.0,-0.0,0.0,0.0,0.0,0.0
7029,0.07993132079569967,0.1092919487502246,-1.2095149954941031,0.6089624093930797,-0.24191473214197026,1.9986981667665351,0.0,-0.0,0.0,0.0,0.0,0.0
7030,0.09797426952591708,-0.9365240247655479,-4.086257010079765,0.4130253716594785,-0.5028549627066552,2.000286592935886,0.0,-0.0,0.0,0.0,0.0,0.0
7031,-0.03248905271309045,-0.5799078690155042,-0.23865431843006593,0.5118344002894163,0.691046930424419,2.001515092519067,0.0,-0.0,0.0,0.0,0.0,0.0
7032,0.46194120311824916,-0.6538004996527936,-1.1844283532013908,0.36266398623082063,-0.25893413758512074,2.0006512193046606,0.0,-0.0,0.0,0.0,0.0,0.0
7033,0.5628524029466404,-0.5835731525625241,0.1549262201874353,0.13104065838947768,0.8880412399096828,1.9988627692191168,3.5268780316883448e-15,1.8863511682811585e-14,-0.0,8.416043088417116e-05,-0.00042862568532515803,-0.0001821082969069874
7034,-0.6983682445133221,0.6235299141914056,-1.7511000850284746,-0.02387824760282254,0.029745637234414587,1.9996851703464944,0.0,-0.0,0.0,0.0,0.0,0.0
7035,-0.4565862235688647,-0.35582323035265795,-2.380088864114308,0.03103507388492898,-0.8100847288538375,2.0045616188521924,0.0,-0.0,0.0,0.0,0.0,0.0
7036,0.0922726037631888,0.5176180808585621,-0.7227898235144709,-0.3196542098870821,0.5356777606128481,1.9980448535222777,0.0,-0.0,0.0,0.0,0.0,0.0
7037,0.6643463226855808,-0.049649708026329585,-3.580524041553542,-0.06570544775273016,0.32770716327102833,2.005485962502145,0.0,-0.0,0.0,0.0,0.0,0.0
7038,-0.8451118704990647,0.12763671501260637,-3.9340992425185517,-0.7169634239191174,0.4185910816017546,2.001545918938226,0.0,-0.0,0.0,0.0,0.0,0.0
7039,0.14132464799612746,-0.9495010951347694,-3.9284770773954203,0.45604393571981666,-0.059733659559042175,1.9974897149789002,0.0,-0.0,0.0,0.0,0.0,0.0
7040,0.8794255267848405,-0.3838973276421006,-1.817558109179592,-0.17358794441407935,0.795965085096292,2.0012756939581267,0.0,-0.0,0.0,0.0,0.0,0.0
7041,0.74326698769422,0.5020786792387902,-3.2911569928832662,-0.027590636665848763,-0.8033705779608828,2.0003835728325785,0.0,-0.0,0.0,0.0,0.0,0.0
7042,0.07030000176666404,-0.4002668736063036,-3.318374364516955,-0.11777838076607249,0.24535282153735533,2.001121555355087,0.0,-0.0,0.0,0.0,0.0,0.0
7043,-0.7275124852322831,0.2737846129304988,0.3658339809728476,0.23439324184715848,-0.41511470641583825,2.0021616905473643,-1.5085966877375238e-14,-1.455747014023941e-15,2.1313875610390262e-282,-0.00034614442415892386,3.268210372129131e-05,0.00028680687655406617
7044,-0.9315451629439749,0.12896550541447635,-0.7638160474814671,0.5469075379417314,-0.25797482290263635,1.996973218755728,0.0,-0.0,0.0,0.0,0.0,0.0
7045,0.10560080763607077,-0.8135248275776277,-0.6903459355800127,0.7272641444996498,-0.6760589782061072,2.000057885022714,0.0,-0.0,0.0,0.0,0.0,0.0
7046,-0.18411746721835068,-0.5460034813202211,-2.7221463236187575,-0.4372254262667991,0.1766781063237996,2.0009285214035812,0.0,-0.0,0.0,0.0,0.0,0.0
7047,-0.4154676858057375,-0.04354200367364565,-4.438072311922963,-0.3462988327721066,-0.6459910496605438,1.9979528522748196,0.0,-0.0,0.0,0.0,0.0,0.0
7048,-0.8425256240875032,-0.4203393957277937,0.20929541187005407,-0.5657330461072196,0.2622551195943501,1.999685689001032,-1.8013796543338167e-14,1.4360384186439672e-14,-0.0,-0.00041291919769696783,-0.0003303522264399587,-4.2572789842162186e-05
7049,-0.26332106778849856,-0.4098502856559534,-2.8355200303935093,0.6553965684121189,-0.043407056253086516,1.9994009406388717,0.0,-0.0,0.0,0.0,0.0,0.0
7050,0.6785689801298334,-0.16509145630253047,-2.7255733281905306,0.9741865332822708,0.1114183180520469,2.000476095937374,0.0,-0.0,0.0,0.0,0.0,0.0
7051,-0.1856266296011012,-0.3157771452088729,-2.401870042614154,-0.7269278190455887,0.4743542458660637,1.9965863684531082,0.0,-0.0,0.0,0.0,0.0,0.0
7052,-0.3924787334560682,0.16235811814593978,-2.6665268209816695,-0.5108349252319765,-0.7131712223629064,1.999581825832704,0.0,-0.0,0.0,0.0,0.0,0.0
7053,0.4617622801707978,-0.7416286865981427,-3.4440135140534593,0.11268774390073218,-0.549873017653357,2.003586324414978,0.0,-0.0,0.0,0.0,0.0,0.0
7054,-0.8817918374402516,0.28073352972926124,-3.960169059444565,0.5574203707249685,0.5445897949726523,2.0030901914370896,0.0,-0.0,0.0,0.0,0.0,0.0
7055,0.257999475574082,0.8963630283563782,-1.483423473766613,-0.2277394196583492,-0.8033552980786538,2.0001827382437773,0.0,-0.0,0.0,0.0,0.0,0.0
7056,0.5978548886410144,0.7494664155077467,-3.5801798725666876,-0.8426725966111274,0.1654209039817393,2.0021378878732317,0.0,-0.0,0.0,0.0,0.0,0.0
7057,-0.9579367317593455,-0.2867434120543292,-0.43661726277181356,0.10990678054080011,-0.9351686135933958,2.0010780775083834,0.0,-0.0,0.0,0.0,0.0,0.0
7058,-0.6278789551261427,-0.7483910196999211,-1.55137386105214,-0.1490701091752065,0.4783353167667039,1.9989871252090008,0.0,-0.0,0.0,0.0,0.0,0.0
7059,0.03294013704511996,-0.03087062859919786,-0.1357315365852296,0.6068389411581486,-0.26341336352212646,1.998884054077177,0.0,-0.0,0.0,0.0,0.0,0.0
7060,0.6079062000391249,0.3840783248427996,-0.9201516446516005,-0.07214792462563663,0.4169220761917513,2.0008785488594665,0.0,-0.0,0.0,0.0,0.0,0.0
7061,0.8159573328980233,0.45212558344684034,-1.4466290258280716,0.49778460595088736,-0.1419303701089792,2.000297701406891,0.0,-0.0,0.0,0.0,0.0,0.0
7062,-0.07817218706564989,0.6341334800948727,-4.493946709210323,-0.7296537972138105,-0.44900559596046324,2.003144805480801,0.0,-0.0,0.0,0.0,0.0,0.0
7063,-0.36945673199991635,-0.3182861143022335,-1.6512452625692782,-0.8085273380206429,0.5771137574193047,1.9976188955291858,0.0,-0.0,0.0,0.0,0.0,0.0
7064,-0.281449522786148,0.6181900216876456,-2.975180746349392,0.6726878074462789,0.7146121929680371,1.9990107407149307,0.0,-0.0,0.0,0.0,0.0,0.0
7065,-0.30552411869366103,-0.22930199583656932,-3.3194773472687507,-0.9143475175687782,0.25085730559264147,1.9985594854788005,0.0,-0.0,0.0,0.0,0.0,0.0
7066,0.2574533792772606,0.6763234510358224,-2.523739160098433,-0.11335144961467042,-0.226088413911167,2.0007847772368574,0.0,-0.0,0.0,0.0,0.0,0.0
7067,0.8576287083909819,0.2931948145722167,-3.937954849489179,-0.31137807378768484,-0.38331732011850744,1.9990085423320814,0.0,-0.0,0.0,0.0,0.0,0.0
7068,0.032250023090572566,0.440868532566572,-4.15987248778783,-0.09914727210860073,-0.8026314757765556,1.9992453477220233,0.0,-0.0,0.0,0.0,0.0,0.0
7069,0.5677292031591695,0.5099085424894648,-1.8660310352086187,0.8804455209164227,-0.08042681665041876,2.0001674727263747,0.0,-0.0,0.0,0.0,0.0,0.0
7070,0.08827453513550969,-0.8121435735293481,-1.8268072447681774,0.6097222075416787,-0.09634923017436636,2.001468881309977,0.0,-0.0,0.0,0.0,0.0,0.0
7071,0.4658874206677515,-0.6874320129237634,-0.8500681382383568,-0.42388035189686946,-0.07818612660106862,1.998725409660218,0.0,-0.0,0.0,0.0,0.0,0.0
7072,-0.11230859366540108,0.8532640239257883,-3.71860345738408,0.30207928632411607,-0.8151226338722951,2.0017126038383477,0.0,-0.0,0.0,0.0,0.0,0.0
7073,0.752097174079879,-0.08791116341372825,-4.155348979931811,0.231863797964735,0.7356235109021353,2.0001101684198344,0.0,-0.0,0.0,0.0,0.0,0.0
7074,0.00020588481969907195,-0.35365515832864297,-3.9476242940352253,0.24955636567205455,-0.9457120491082904,1.9990146130407174,0.0,-0.0,0.0,0.0,0.0,0.0
7075,-0.15347781386891327,-0.4814010679683437,-0.5788745177045982,-0.1365174377504829,-0.7254382055749664,2.002601181933237,0.0,-0.0,0.0,0.0,0.0,0.0
7076,0.456486580524494,-0.3212563431370686,-2.722286529401973,-0.03761837660285972,0.31932920349851346,2.000404977980139,0.0,-0.0,0.0,0.0,0.0,0.0
7077,-0.9048623219963678,-0.06580892801782813,-3.9445192613621183,0.5731561733893333,0.4819224379490084,1.9983039149109583,0.0,-0.0,0.0,0.0,0.0,0.0
7078,0.213008482533136,0.6618188302093042,-3.8780367964284,-0.02466110649151329,-0.22716232969036784,1.996269483756042,0.0,-0.0,0.0,0.0,0.0,0.0
7079,-0.9957032324892265,0.07327354658550694,-3.938641795652101,0.5959604304788041,-0.03111468052502905,2.000175365923571,0.0,-0.0,0.0,0.0,0.0,0.0
7080,0.13459528552263672,0.870642104431972,-2.4869502613815504,-0.6476997977713851,0.48243247071038625,2.0029169654746064,0.0,-0.0,0.0,0.0,0.0,0.0
7081,-0.27997566824631204,-0.4949590140488344,-4.401275368097244,0.6408234190799953,0.28694366818170775,2.000376388392867,0.0,-0.0,0.0,0.0,0.0,0.0
7082,-0.5493951401785665,0.2301236262777242,-0.7022089651499153,-0.45985405603751583,0.35691224227078794,1.9973280877213044,0.0,-0.0,0.0,0.0,0.0,0.0
7083,-0.004997868471759402,-0.33435512810279944,-4.141151936819275,-0.47296291599855755,-0.3050584240015829,1.9978514332529282,0.0,-0.0,0.0,0.0,0.0,0.0
7084,-0.5737360481785486,-0.16993943094766625,0.24228746036668303,0.5329279123274231,0.010448806223386802,1.9963477665738865,-6.664090505262077e-15,5.561274253436596e-15,-0.0,-0.0001525765310291951,-0.00012804118009831258,-2.4941959736167587e-05
7085,-0.22912886799269191,-0.3764138253971663,-0.04128815342900757,0.14393263890767774,-0.944403002195839,2.0013041414268424,0.0,-0.0,0.0,0.0,0.0,0.0
7086,0.09931478671359376,0.0119061591332459,0.3690436559618238,-0.6156525504826499,0.20847582019486957,1.9993564180605374,2.414036820838282e-15,1.3093598362276311e-15,6.8442606959064174e-282,5.6103072526797225e-05,-3.0463270276723375e-05,0.00024778026871426673
7087,-0.9947112924784829,0.026348691710094806,-3.541704964147007,0.4164182737741323,-0.20217013112090315,1.998917520434226,0.0,-0.0,0.0,0.0,0.0,0.0
7088,0.3346920954090715,-0.7258075164928247,-2.9395746516869266,0.391388283348754,0.5876618238909888,2.002832577668886,0.0,-0.0,0.0,0.0,0.0,0.0
7089,-0.8508249008228383,0.16320641004556474,-1.8410155447512262,0.511689001017411,0.6358720372044943,1.9971038151443155,0.0,-0.0,0.0,0.0,0.0,0.0
7090,0.7408326546669102,0.05933221217899514,-0.7814529924648432,-0.6972391940954356,-0.6276223500662014,2.0014677700473085,0.0,-0.0,0.0,0.0,0.0,0.0
7091,-0.2566440614896941,-0.8720004645160181,-3.9084502964428327,-0.7205532858022229,-0.6550712321426205,1.9984047589880083,0.0,-0.0,0.0,0.0,0.0,0.0
7092,-0.6924785783483026,0.5185989418607286,-3.546237312272893,0.5986971713780441,0.7727442792290873,2.00039386213085,0.0,-0.0,0.0,0.0,0.0,0.0
7093,-0.3970023587995919,-0.16826592741598437,-1.698829552303526,-0.5623147101809817,-0.24320184311772705,1.9962242733420017,0.0,-0.0,0.0,0.0,0.0,0.0
7094,-0.14669989084464893,-0.3573994513216704,0.20391716645615557,0.6972300462450745,0.08958025056232923,2.0009880670724542,3.577986803565481e-15,-3.894845397131931e-15,-0.0,8.396823067465086e-05,9.135891288215782e-05,-0.00036688845707797654
7095,0.269768045954815,0.3518481895239387,0.3525618904609372,-0.250695310504985,0.07963698328641768,2.0023476207864057,8.694395400354124e-15,-7.72879453708541e-15,-5.027068185549616e-290,0.0002005948223845782,0.00017726090054871106,0.00032894712014646597
7096,0.4636985007097472,0.4125224175467595,-0.3339486617691192,-0.5284096077103646,-0.6477167815613399,2.0013117451111504,0.0,-0.0,0.0,0.0,0.0,0.0
7097,0.7686011512833543,0.09649019561095619,-0.43128277109639906,-0.39179562899351317,0.45173604759634534,2.00128145578663,0.0,-0.0,0.0,0.0,0.0,0.0
7098,-0.006286605920299896,0.3373490687706686,-0.27110427178332575,0.6765610602141491,0.5277004961553184,2.0010246803715246,0.0,-0.0,0.0,0.0,0.0,0.0
7099,0.3914927197418965,-0.7888288775649182,-1.8338841512440078,0.757058737372878,0.4346137223366819,1.9986553301106829,0.0,-0.0,0.0,0.0,0.0,0.0
7100,-0.03682362847017801,-0.35694920597645224,-2.841723480146109,0.7371660546944536,0.6655771549041952,2.000849858941578,0.0,-0.0,0.0,0.0,0.0,0.0
7101,-0.7791198320095127,0.12973233831170528,-3.9879050076234397,0.5633681920289254,-0.3917232004629186,2.0023476204600534,0.0,-0.0,0.0,0.0,0.0,0.0
7102,0.3214600073021436,0.6992688080361262,-1.265686810000888,-0.4843396641572235,0.4801870631949471,1.998744832685352,0.0,-0.0,0.0,0.0,0.0,0.0
7103,-0.7817991352451423,-0.5683308096943844,-0.6208220558984012,-0.7357417784347919,-0.6022836584395181,2.000993006980004,0.0,-0.0,0.0,0.0,0.0,0.0
7104,0.16363251770208262,0.5403328668223422,0.23523522083386725,-0.40550643599801167,-0.08002074233865505,2.0029562679283877,7.81518245235293e-15,-9.326018450395829e-15,0.0,0.00017833840520831384,0.00021454374211735719,1.021994106848064e-05
7105,0.6234714172399108,-0.2942919501384276,-3.6682685867152593,0.677395188407458,0.4652382848873199,1.9992553737884846,0.0,-0.0,0.0,0.0,0.0,0.0
7106,-0.1496912357321642,-0.27735133317415245,-1.3729703239257862,-0.6701930443183426,-0.0540366140547009,2.000825586171987,0.0,-0.0,0.0,0.0,0.0,0.0
7107,0.6594405250972402,0.7297816870403377,-1.5399468445040418,-0.08947088689500259,0.7276811846104205,2.003804474627107,0.0,-0.0,0.0,0.0,0.0,0.0
7108,-0.13141601489376006,-0.5419695765670502,-1.8153329104517484,0.36621893922389703,-0.5993499869481143,2.0049253760975474,0.0,-0.0,0.0,0.0,0.0,0.0
7109,-0.0016159683670472177,-0.16918362568659842,-0.32757089562708247,0.00812894875413755,-0.5351252409361893,1.997352810134635,0.0,-0.0,0.0,0.0,0.0,0.0
7110,0.06629418407451498,-0.779651877939985,-1.287628443017065,0.3570633279435531,0.5247698721672971,2.0039050328607244,0.0,-0.0,0.0,0.0,0.0,0.0
7111,-0.9819339199058135,-0.09776323818089452,-1.3935009654421169,-0.4718369136797172,0.27065080946927583,1.9989106965800818,0.0,-0.0,0.0,0.0,0.0,0.0
7112,-0.30143427494096975,-0.13387203934999,-3.440324409987467,0.4789914430785188,0.522394169645246,2.000146646748282,0.0,-0.0,0.0,0.0,0.0,0.0
7113,-0.08191659530531219,-0.20733853105207198,0.13849188006954163,0.3225397249125463,0.9324899534637268,2.0010524726384227,1.4694018329895362e-15,4.420924589407982e-15,-0.0,3.5340462242334325e-05,-0.00010089945299651711,-0.00034996504832695305
7114,0.16655330621735687,-0.6339385209429698,-0.7849762881939768,0.1807730541952533,0.6335160586676779,1.9975555327318457,0.0,-0.0,0.0,0.0,0.0,0.0
7115,-0.0394569300575172,0.7303133184809486,-2.051033199612497,0.24011324683076343,0.8508763125705588,1.9979474693458585,0.0,-0.0,0.0,0.0,0.0,0.0
7116,-0.11706936726999317,-0.07465249805259863,-0.6286584096331939,-0.595728429459538,-0.7796188766326791,1.9971625135368496,0.0,-0.0,0.0,0.0,0.0,0.0
7117,-0.5755054041575938,-0.7322513881209173,-0.9251457590342357,0.5464909221634717,0.6618845373325473,2.0018591700204307,0.0,-0.0,0.0,0.0,0.0,0.0
7118,0.4893746963708802,0.6072986993031202,-3.60904843772916,0.4830153339339855,-0.3330954340440473,2.0021295499649856,0.0,-0.0,0.0,0.0,0.0,0.0
7119,0.5180598819518523,-0.8250834259183707,-2.6818487864087093,0.7325384670274223,0.5722733915199629,2.002093035352124,0.0,-0.0,0.0,0.0,0.0,0.0
7120,0.09439523142050527,0.9095798458225668,-0.17297988885689655,0.09854594258934736,0.13028854921885852,2.0018288500891863,0.0,-0.0,0.0,0.0,0.0,0.0
7121,0.1786851072621759,-0.8540044756512821,-0.9652807363109537,0.31841291819663525,0.07263618437928614,1.9967843934614944,0.0,-0.0,0.0,0.0,0.0,0.0
7122,-0.4461921477468998,0.6686933783328939,-2.6110347334400816,0.014549671368328033,-0.6984204047826359,2.0039692608024247,0.0,-0.0,0.0,0.0,0.0,0.0
7123,0.24944522432176933,0.35353624760998414,-4.312270653826266,0.025842907448436335,0.6016939964492151,1.9969659404583742,0.0,-0.0,0.0,0.0,0.0,0.0
7124,0.7454559492018353,0.12059492819993657,-1.644300733756685,-0.42521312272727413,0.7643803634077082,1.9967077477036232,0.0,-0.0,0.0,0.0,0.0,0.0
7125,0.6724127699726188,-0.05502123587380013,-0.5613520741571504,-0.7971590770475563,0.12120379315599347,2.000752954776656,0.0,-0.0,0.0,0.0,0.0,0.0
7126,-0.8156728305183524,-0.2937061428333191,0.35109483839922595,-0.38352986200575995,0.9133214853594924,2.000363738641796,-3.140083541205421e-14,2.5735740624581565e-14,2.1324960726209352e-290,-0.00071075407892853,-0.0005902047469201733,0.00017254193417432623
7127,0.40810197830479067,-0.3585178039700336,-3.686436635483042,-0.3765129202371443,0.01142721172859211,1.9994567894920685,0.0,-0.0,0.0,0.0,0.0,0.0
7128,-0.07659899591894917,-0.3240404930689345,-4.431922048905343,0.12473954251578427,0.4206237939273233,2.0005755026648204,0.0,-0.0,0.0,0.0,0.0,0.0
7129,-0.9656294643551262,-0.2424600474728116,-0.7830663900899073,-0.3691384247246005,0.017453706934189253,2.0017109421517465,0.0,-0.0,0.0,0.0,0.0,0.0
7130,0.5387692768335595,-0.8269836806786497,-3.6290665385229772,-0.8466813958996241,-0.4650467524808174,1.9988847936381342,0.0,-0.0,0.0,0.0,0.0,0.0
7131,0.13444063148172877,-0.3312998313418007,-3.919423285166284,0.3906132394923951,0.03371205496051783,1.9934764875166129,0.0,-0.0,0.0,0.0,0.0,0.0
7132,0.855144995838134,0.11023273120409365,-0.24889125853200225,-0.35208000930820654,-0.06427918450299372,2.000803096931749,0.0,-0.0,0.0,0.0,0.0,0.0
7133,0.23255444506455988,0.9041567029789259,-0.8277793602880239,-0.3045102447411834,0.67055594960807,1.9998158454767307,0.0,-0.0,0.0,0.0,0.0,0.0
7134,-0.470425552736551,0.5075354200726975,-3.886462591723987,0.2601165259894275,0.012617408649682497,1.9998194133619753,0.0,-0.0,0.0,0.0,0.0,0.0
7135,-0.1235628927444338,0.9198122405297657,-2.2916632637676635,-0.06350560909043945,-0.6401394469140657,1.999384424728894,0.0,-0.0,0.0,0.0,0.0,0.0
7136,-0.23439785148659217,-0.13316092804841936,-0.0156662871940736,0.4119201963832688,0.7460827327518557,1.9985480675210363,0.0,-0.0,0.0,0.0,0.0,0.0
7137,-0.9991685771697769,0.028914607719060705,-2.549062630988474,0.39432689902543483,-0.19729730634698642,2.0012886006420194,0.0,-0.0,0.0,0.0,0.0,0.0
7138,-0.24207068295148937,-0.8835205213686856,-2.886337529195675,-0.15085452600097835,-0.2955945148728876,2.0012405239991407,0.0,-0.0,0.0,0.0,0.0,0.0
7139,-0.33475783084108585,0.021239941435119137,0.011608243339344213,0.10178717665596637,0.06525395434563731,1.9985348456827965,-6.864062894344186e-15,-3.6290890069442604e-16,-0.0,-0.0001573891126661885,8.16505124231094e-06,-0.000589920272102396
7140,0.8503064017813283,-0.24451450331648397,-3.3649341252005533,0.7663226926834185,0.5432199472467041,2.0000337067794867,0.0,-0.0,0.0,0.0,0.0,0.0
7141,-0.47939255907517475,0.22208949121358698,-2.441501981647911,-0.37144921056366886,0.862967654148515,1.9991529167061894,0.0,-0.0,0.0,0.0,0.0,0.0
7142,0.7625352709486036,0.21894377588668296,-1.8927445789605692,-0.864713234537764,0.2871327627975181,1.9996994663430638,0.0,-0.0,0.0,0.0,0.0,0.0
7143,0.5963295325332915,0.21638266867278835,-3.244926808942483,-0.7790652947658949,0.014706425437401877,2.000728666973661,0.0,-0.0,0.0,0.0,0.0,0.0
7144,-0.08701196754730088,0.6783737874398105,-2.422732964224824,0.8639420325231002,-0.2745071112347695,2.0004601809612272,0.0,-0.0,0.0,0.0,0.0,0.0
7145,-0.2595939554914146,0.46798269623153815,-3.4044307627289365,0.2839797200302596,0.10661471108634223,1.9998289015886908,0.0,-0.0,0.0,0.0,0.0,0.0
7146,0.4466345530481289,-0.35437282746560256,-1.5664781761155206,0.7432383120558733,0.6035978869453851,1.9989789573277823,0.0,-0.0,0.0,0.0,0.0,0.0
7147,0.5211893829985372,-0.37057457093617086,-1.1183580410957976,-0.6685301305966083,0.7336533719658621,1.997873544865836,0.0,-0.0,0.0,0.0,0.0,0.0
7148,0.881348499668476,0.011456234698595214,-4.049318640560298,-0.31971601300680247,0.4161417142284215,1.9998789360389302,0.0,-0.0,0.0,0.0,0.0,0.0
7149,-0.8057178823768653,-0.3920801798391576,-2.0334594005037276,0.10734635349421934,-0.09062969295985517,2.000323838152994,0.0,-0.0,0.0,0.0,0.0,0.0
7150,0.21904171735670794,-0.7598545323445867,-4.070201359896198,-0.5395609399782617,-0.3975080226652865,1.9998109408319267,0.0,-0.0,0.0,0.0,0.0,0.0
7151,0.08624841325668346,-0.5908070250810177,-2.0234085409192346,-0.5385731298672465,0.11262433364400405,2.000428890890674,0.0,-0.0,0.0,0.0,0.0,0.0
7152,-0.6389176518164059,0.34556683683320877,-1.9005789665291206,0.5010440528555294,-0.3665408185662217,1.999287969849224,0.0,-0.0,0.0,0.0,0.0,0.0
7153,-0.6053199763364359,0.43973779360445997,0.07108845968346782,-0.6545358395916318,0.48877996463874035,2.000779196491249,-5.2734439362870156e-15,-1.204750282465066e-14,-0.0,-0.00012024771227727505,0.00027547039024209595,-0.00032677300002061473
7154,0.11799176043962326,-0.179966029980334,-0.5954499631223271,0.022566144047089225,-0.5574437537047648,2.0013895371966677,0.0,-0.0,0.0,0.0,0.0,0.0
7155,-0.5775407829782141,0.38386817333122203,-2.049192074657885,0.3629560336036632,0.31119092891264216,1.99909279508479,0.0,-0.0,0.0,0.0,0.0,0.0
7156,0.762114239067585,0.16125972653436052,-4.022778462232584,-0.08920672541144503,-0.8807537676967179,1.9995282273756,0.0,-0.0,0.0,0.0,0.0,0.0
7157,-0.15755249045246467,-0.8648579006889343,-4.380879576079811,0.6983205298555789,-0.008920351246528888,2.001395616892047,0.0,-0.0,0.0,0.0,0.0,0.0
7158,-0.2049280176096744,0.10758872229151531,-4.216530026773521,-0.4664866690056408,0.3864660227064973,1.9977441664199234,0.0,-0.0,0.0,0.0,0.0,0.0
7159,-0.3572060680020154,-0.016590022704892658,-1.834745719290084,0.2704913419919316,0.9571962024703369,2.002453226570715,0.0,-0.0,0.0,0.0,0.0,0.0
7160,-0.44324048245513725,0.11401284133603881,-3.224425090330098,-0.3439960394647306,-0.6852500617497674,1.9982930243892265,0.0,-0.0,0.0,0.0,0.0,0.0
7161,-0.8175087525203965,-0.02527114450852502,-3.000152259862418,0.9732749921417195,-0.2161478037223203,1.997309000539734,0.0,-0.0,0.0,0.0,0.0,0.0
7162,-0.9553306595678348,0.07006351362924554,-3.070160356291064,-0.3749358198930721,-0.782305658915876,1.9957050337386744,0.0,-0.0,0.0,0.0,0.0,0.0
7163,-0.585984788470422,0.1796169123167605,-2.8567374721294203,0.04441554327345397,0.33966549165566584,2.0008072185223233,0.0,-0.0,0.0,0.0,0.0,0.0
7164,0.035020322852394974,-0.5784185589423726,0.1234802741980998,-0.7495349301259304,-0.5904592274184792,1.9996609647703323,3.4322867930618534e-15,1.5984931888533986e-14,-0.0,7.856971058239226e-05,-0.0003679807992932042,-0.00040163157920522843
7165,-0.027516389168228857,0.4327983153714576,-2.9098320805177145,-0.335250015733793,0.9113627262944405,2.000381450909468,0.0,-0.0,0.0,0.0,0.0,0.0
7166,-0.21390345806747524,-0.4965277657373678,-3.183409186036056,-0.811675205259213,-0.2029390513563452,2.0006610480985985,0.0,-0.0,0.0,0.0,0.0,0.0
7167,0.5357654346065894,-0.45160787256248464,-3.8260437821754363,-0.7919128410357082,-0.5731597062985324,2.0021465937215193,0.0,-0.0,0.0,0.0,0.0,0.0
7168,0.22590148226883655,-0.8820225178045163,-0.11970741052263076,-0.41754959565487965,0.5261157338305048,1.999318478063762,0.0,-0.0,0.0,0.0,0.0,0.0
7169,0.2513530667077883,0.6914336588410782,-2.6641646037488425,0.3107012168713102,-0.6013698020597648,1.9991569513357557,0.0,-0.0,0.0,0.0,0.0,0.0
7170,0.18749373699997482,0.42937322729842553,-1.825076364142187,0.3997169118186108,0.2603297212417455,1.9979641484907589,0.0,-0.0,0.0,0.0,0.0,0.0
7171,0.4474645937641296,0.7487415957318438,-2.8826110338193605,-0.7369864262338002,-0.5576296936904677,1.9996908230811292,0.0,-0.0,0.0,0.0,0.0,0.0
7172,-0.36644669069612834,-0.5088775929525936,-0.2847269719588134,0.022337964237386144,0.28357454292601203,2.002761028442104,0.0,-0.0,0.0,0.0,0.0,0.0
7173,-0.9181607211627075,-0.3286859400283301,-0.6038952741183108,-0.7816878751094383,0.25221763174333256,1.9973215815805612,0.0,-0.0,0.0,0.0,0.0,0.0
7174,0.44477796136535147,-0.2127203512209686,-0.11689916110144638,0.5757418799749683,-0.7612720888334963,1.9988743834606608,0.0,-0.0,0.0,0.0,0.0,0.0
7175,0.18268191619643903,-0.9279326385728128,-0.30121847910024413,0.1554782514714584,0.04794051010793196,2.0000043933459395,0.0,-0.0,0.0,0.0,0.0,0.0
7176,-0.7957232963682418,0.18816154983312092,0.35818897508952807,0.8064954643935371,-0.10310509638033558,1.996441049495895,-2.5043675527661787e-14,-2.548802708257476e-15,-2.5413967997885997e-286,-0.0005758551145282754,5.882534159980693e-05,0.00035304044670065893
7177,-0.558951631545966,0.6729907376913261,-2.3305452780370546,0.6702941326208225,-0.252603796312653,1.9984399901388594,0.0,-0.0,0.0,0.0,0.0,0.0
7178,-0.5493346848252678,-0.5046702718362089,-4.189902001555425,-0.30903162131427175,-0.3760175762367253,1.9956901659345432,0.0,-0.0,0.0,0.0,0.0,0.0
7179,0.13378953416946548,-0.2575223116600174,-0.17888878976093853,-0.3638193249423588,0.9011666186715259,2.0001651639544464,0.0,-0.0,0.0,0.0,0.0,0.0
7180,-0.4603460248137155,-0.21957336136473996,-2.6462143354831995,0.46283400140997416,0.4700798349987268,1.9969555523528864,0.0,-0.0,0.0,0.0,0.0,0.0
7181,-0.7802417455432791,-0.4654406583508618,-2.623232558403304,0.22763471283038947,0.11768869292377163,1.9995459793150878,0.0,-0.0,0.0,0.0,0.0,0.0
7182,0.19458998701127544,-0.8197279715418623,-0.7982204801829332,-0.4467540949467124,-0.8398470461821519,2.0009786539357806,0.0,-0.0,0.0,0.0,0.0,0.0
7183,0.4796601369598064,0.02841776874497702,-2.9743849406513108,0.724523239473219,0.6645700286122895,2.000426011724033,0.0,-0.0,0.0,0.0,0.0,0.0
7184,0.5589298418306452,-0.7156989253560617,-3.9839298158176244,0.22303115206388915,-0.47234116318145547,1.9991872252566008,0.0,-0.0,0.0,0.0,0.0,0.0
7185,-0.07146713223983384,-0.36177491881553314,-0.43296273375191635,0.47126189433130977,0.6801076277474449,2.000256409484709,0.0,-0.0,0.0,0.0,0.0,0.0
7186,0.27268781102136525,0.12599423782329822,-0.07628721044484928,0.3251782772384309,0.6926001669876026,2.000717208309431,0.0,-0.0,0.0,0.0,0.0,0.0
7187,-0.82440630748089,-0.1400158301942469,-2.0534792323900284,-0.9569016868109366,-0.2031689792419508,2.0026222736936012,0.0,-0.0,0.0,0.0,0.0,0.0
7188,0.6998314871723595,0.02434943817109095,0.14290708158326837,0.5011756754048756,0.5803192066563441,1.999532524177252,2.3215969407625963e-14,-1.6353905616496754e-15,-0.0,0.0005342018879283001,3.604426298269672e-05,-0.0003612545213556085
7189,0.09054971753170704,0.6299520077369971,0.3457407778209216,-0.5875760529323171,-0.5533926993494516,1.999497184307852,1.3396108759105115e-15,-2.2353123964242402e-14,6.973908469298978e-294,3.1012708973208084e-05,0.0005131392564774889,0.00018921708558351132
7190,-0.4100519169678476,0.4833036279460718,-0.9825677766736995,-0.2795059773864816,0.7708205329977983,1.99926756908848,0.0,-0.0,0.0,0.0,0.0,0.0
7191,-0.4099064682939623,-0.4868690367127668,-1.964961128401896,-0.6262775069813619,0.21332465846067314,2.0033159700820864,0.0,-0.0,0.0,0.0,0.0,0.0
7192,-0.33630308670546716,0.3211698989706318,-3.06338229116524,0.3728977986381593,-0.008316677323444457,2.000148706339669,0.0,-0.0,0.0,0.0,0.0,0.0
7193,-0.22382113282569555,-0.9591891670811632,-0.9223121387276034,-0.7743764843556857,0.6199200091840829,2.0009083276343014,0.0,-0.0,0.0,0.0,0.0,0.0
7194,-0.5176348817218406,0.11149658763213494,-2.164411776707833,0.2625016169581603,0.6062490491988035,1.9950528371271627,0.0,-0.0,0.0,0.0,0.0,0.0
7195,0.47139363161215414,-0.45755796853467806,-3.323947055534426,0.15796900194008381,0.7535513168142048,1.9991413245859624,0.0,-0.0,0.0,0.0,0.0,0.0
7196,0.26298535889977426,-0.664411029868277,-3.508174431566251,0.6675790375955799,-0.14051696058423058,2.003729557055611,0.0,-0.0,0.0,0.0,0.0,0.0
7197,-0.7377468578883922,0.49772453305725656,-3.2703960564465273,0.15344287845116175,0.2709487953159233,2.000324103727988,0.0,-0.0,0.0,0.0,0.0,0.0
7198,0.19737501781548303,0.3087090088656844,-4.025976663087805,-0.5269875597371677,-0.03312586699747719,2.001011755820568,0.0,-0.0,0.0,0.0,0.0,0.0
7199,-0.06891002814668143,0.3793674108289407,-4.424351824316789,-0.07147221150461266,0.7010329745848427,1.9997603023966728,0.0,-0.0,0.0,0.0,0.0,0.0
7200,-0.09595829502540501,0.11558103462846031,-0.2936661290739966,-0.7733374488883428,0.1826263129697476,1.9999109191939006,0.0,-0.0,0.0,0.0,0.0,0.0
7201,0.26143181773558993,-0.2006956783774417,-3.5795678365473593,0.6986339206355054,-0.13143086167608442,2.000756948823716,0.0,-0.0,0.0,0.0,0.0,0.0
7202,-0.32613699024852943,-0.06562586249201474,-2.7957224326588177,-0.45413445903364663,-0.7995563323623224,2.0011599287191233,0.0,-0.0,0.0,0.0,0.0,0.0
7203,0.029734777377327694,0.3704539457963372,-1.793882269927645,0.9645915146442499,0.25045930148923384,2.002153946260871,0.0,-0.0,0.0,0.0,0.0,0.0
7204,-0.01008187619663573,-0.3786418120071979,-3.4735203908432335,0.041990376716744784,-0.10658409372906409,2.0018121477431396,0.0,-0.0,0.0,0.0,0.0,0.0
7205,-0.7365990696454955,0.48781604854293575,-0.10637035607442945,-0.602496230019639,0.15505517895250526,1.9994376451949658,0.0,-0.0,0.0,0.0,0.0,0.0
7206,-0.09300333016642136,-0.6930460418955704,-4.003258991004158,0.259055620528296,-0.4327465987832998,2.0002598777982277,0.0,-0.0,0.0,0.0,0.0,0.0
7207,-0.6729316977751825,0.35942984064936323,-0.050107701172294634,0.1550876665885692,0.408700511882109,1.9992099187803434,0.0,-0.0,0.0,0.0,0.0,0.0
7208,-0.08995788055685018,-0.35117193652551987,0.023666699818121,0.8672992341957166,0.18279590273508475,2.000754388196777,-1.2897296665772417e-14,5.4244549150010854e-15,-0.0,-0.0002846596852001201,-0.0001243558226304597,-0.00044416461341406546
7209,0.9348442076929443,0.14450383739378694,-2.1655567454433147,-0.9501075396908109,-0.22108447096104822,1.9989278711322522,0.0,-0.0,0.0,0.0,0.0,0.0
7210,0.5925896339724077,-0.4432473756862214,-0.6750143770660704,-0.09038056832006253,-0.585317270621347,2.002937452046573,0.0,-0.0,0.0,0.0,0.0,0.0
7211,0.4851227173126282,0.32706939580383737,-0.5512769283578971,0.1652965573982659,0.1706416820735423,1.99917467484969,0.0,-0.0,0.0,0.0,0.0,0.0
7212,-0.6871575999053949,0.18483559535697397,-2.7639038712833117,0.01220391763494562,0.5241690285896029,1.999321761738506,0.0,-0.0,0.0,0.0,0.0,0.0
7213,0.043519865001486864,0.019847555079753172,-2.3358480299781523,0.09089282599253469,-0.7672722883736863,2.0028177741476547,0.0,-0.0,0.0,0.0,0.0,0.0
7214,0.8087348452338695,0.44540814941252604,0.17637617268940933,0.6764373299673967,-0.4281696727349838,2.000453429839211,1.2956363228632941e-14,-9.291294187928271e-15,0.0,0.0002971711361846803,0.0002127510264935788,1.364952813818416e-05
7215,0.863118948408884,0.13138366887362507,-2.6530309202428595,-0.40574726824868473,-0.18203528103450314,2.0018647193562122,0.0,-0.0,0.0,0.0,0.0,0.0
7216,0.603352307334326,-0.5392667504143733,0.22781539242494547,0.2623280199492235,-0.8393951934652273,1.9979093299302144,1.1765671781304689e-14,9.498351267114098e-15,0.0,0.0002722531071423089,-0.00021479398736859654,8.573347709629676e-05
7217,-0.3629650554774796,-0.2213221212078966,-3.1348100972118287,0.1743110662662005,0.8214239552437509,1.9969527705172165,0.0,-0.0,0.0,0.0,0.0,0.0
7218,0.3067318484505949,-0.5220269484782141,-0.2619030016807149,-0.6507334664587511,-0.5199822752587284,2.000327107246056,0.0,-0.0,0.0,0.0,0.0,0.0
7219,-0.4525370682025757,0.38652604782469396,-2.31379662746601,-0.22086958680285418,-0.5665895628324116,1.9995249091929497,0.0,-0.0,0.0,0.0,0.0,0.0
7220,-0.36371409187100073,-0.805364252299952,0.24239712442086758,-0.5753301693458263,-0.6804599823098705,2.003840281690789,-8.830951609831595e-15,1.7318118340849424e-14,-0.0,-0.00020215347362425982,-0.00039642890730756344,-1.0700008498435568e-05
7221,0.14173090223409338,-0.7895792400727542,-0.1093728969481506,0.31140727861549744,0.4117047744211907,1.999595644529451,0.0,-0.0,0.0,0.0,0.0,0.0
7222,0.11606616864486181,0.9704673992124146,-1.3303266718337488,0.4452880976067673,0.7962460605495852,1.9986481931214555,0.0,-0.0,0.0,0.0,0.0,0.0
7223,-0.48448937358106475,-0.0445527123010976,0.1727537639899185,-0.2646143436568134,0.40605694954779914,1.9974932621849704,-9.072387404190048e-15,5.6324575374635665e-15,-0.0,-0.00020810988227564045,-0.00012826822036540505,-9.32834802232673e-05
7224,0.00753564220312834,0.4794363554653922,0.23307259488747417,0.1549868385121203,-0.2550136571080309,1.996638823652656,-1.7551246183759125e-15,-1.1515601712354385e-14,-0.0,-4.064549549236912e-05,0.0002648356947689845,-7.735078087488538e-05
7225,-0.5085894003183989,0.603115157846401,-0.24127772272038692,0.2958799685881432,-0.8650405366549708,2.0016871983760463,0.0,-0.0,0.0,0.0,0.0,0.0
7226,-0.02903093022920394,-0.17049752633998463,-2.895699011667662,-0.02685815260164973,0.6561699817813336,2.0030337756511587,0.0,-0.0,0.0,0.0,0.0,0.0
7227,-0.6321749559433791,-0.3999434871023692,-3.6731249842349185,-0.43925857611964103,-0.3529479343056688,2.0009346755343604,0.0,-0.0,0.0,0.0,0.0,0.0
7228,-0.18614399600486192,-0.3752661986431323,-2.134298608050501,-0.3030359717769587,-0.596388852372158,2.000116995693149,0.0,-0.0,0.0,0.0,0.0,0.0
7229,-0.042683153588261344,0.7812648240471034,-1.707136089225581,-0.0027707013391276175,0.8618022458445453,2.0018392618100966,0.0,-0.0,0.0,0.0,0.0,0.0
7230,0.7479061950944359,0.28839820622116163,-2.766577113334821,0.5983770566752593,-0.5816789493321088,1.9991905857596428,0.0,-0.0,0.0,0.0,0.0,0.0
7231,0.13575642945109948,-0.40929052485194695,-1.5689343117117127,-0.8828775681976101,-0.29164865176389415,1.998530483880419,0.0,-0.0,0.0,0.0,0.0,0.0
7232,0.7443469845003561,-0.288475734657413,-4.43132772238222,-0.42343037255566607,-0.18996999325746694,2.0006086509829655,0.0,-0.0,0.0,0.0,0.0,0.0
7233,-0.2066789425690736,0.1278005345021825,-0.7321058790913578,0.643181701087851,-0.24921497890590677,1.9995265079644287,0.0,-0.0,0.0,0.0,0.0,0.0
7234,0.0674409377777002,-0.6950563954943842,-4.475339381980863,0.027374502836634017,-0.9605063656203807,2.0002618929721123,0.0,-0.0,0.0,0.0,0.0,0.0
7235,-0.10862336917115259,-0.44556772003550105,-3.953271195798796,0.17430702434041095,0.09934263385090931,1.999085757196064,0.0,-0.0,0.0,0.0,0.0,0.0
7236,-0.7038570712850316,-0.6740416424564337,-2.609832302363414,0.1488893822381527,-0.06481506059202913,1.9987158051614533,0.0,-0.0,0.0,0.0,0.0,0.0
7237,-0.0783392878483953,-0.6575758236257147,-0.427848144352604,-0.49704469873602464,-0.17342176470015389,1.998792798277515,0.0,-0.0,0.0,0.0,0.0,0.0
7238,0.1314213665348875,-0.8900763650584325,-0.8543559200721214,-0.44640037415266365,0.6165785811080577,1.9986835135171632,0.0,-0.0,0.0,0.0,0.0,0.0
7239,-0.5721864974433827,-0.7481250303971833,-2.435643150160466,0.696901783028795,-0.025223257937680262,1.9973534845179632,0.0,-0.0,0.0,0.0,0.0,0.0
7240,-0.4940938712648669,0.08995408694492782,-2.5886652014851115,0.055027764309750156,0.024637329544817933,2.0004221165892857,0.0,-0.0,0.0,0.0,0.0,0.0
7241,-0.5317488512801719,0.2198861177296618,-1.7107243307273778,-0.7127625851929696,-0.3332773959632845,1.9977134363325786,0.0,-0.0,0.0,0.0,0.0,0.0
7242,0.8976637220428415,0.4317469371249552,0.09791903990583845,0.8853628645447827,0.20964057713014803,2.0039525392867965,2.6707267005567787e-14,-7.780139480943853e-16,-0.0,0.0006121361792564877,1.5660433862314337e-05,-0.00021924420568189315
7243,-0.15160151948417896,0.016713894587628376,-3.506553546165726,-0.6089078817021396,0.1456582426641475,1.9994483738133857,0.0,-0.0,0.0,0.0,0.0,0.0
7244,0.5021305405133316,0.15381039884619896,-2.2791753909300025,0.1557870520455972,-0.1905757063774904,2.0002686483125895,0.0,-0.0,0.0,0.0,0.0,0.0
7245,0.1843477518066965,0.8697108302540038,-1.5131330811858499,-0.28405028770672774,0.2430279723603627,2.002548285820498,0.0,-0.0,0.0,0.0,0.0,0.0
7246,0.05638075860360503,-0.46927724403731264,-0.47466317578964135,-0.3917086335207368,0.14844968549627732,2.000511166668902,0.0,-0.0,0.0,0.0,0.0,0.0
7247,-0.31563960620141984,-0.3898647511942479,-2.802225989751872,-0.3883373724752742,0.711959549581376,2.000246207292611,0.0,-0.0,0.0,0.0,0.0,0.0
7248,0.7343327773452246,-0.41032455871962226,-1.4192123391978186,0.37674669666766003,-0.20901413236571445,1.9988167737718134,0.0,-0.0,0.0,0.0,0.0,0.0
7249,-0.7169449026271699,-0.5148818733410714,-1.3309630048676773,-0.48495136010624595,-0.34924806558506855,1.9994015631074755,0.0,-0.0,0.0,0.0,0.0,0.0
7250,-0.8478004303347375,-0.34842843718827426,-0.21980754533027028,-0.2641687810051353,-0.5057591348114149,1.9986020945268415,0.0,-0.0,0.0,0.0,0.0,0.0
7251,0.7437309166313765,-0.06714804182458595,-0.2980304897979064,0.283313573849089,0.4792056679533149,1.9976154006147164,0.0,-0.0,0.0,0.0,0.0,0.0
7252,0.5765862618845987,-0.08035903683559871,-0.9864502910706606,0.4906376580586644,0.2853830705598997,1.9987675387560044,0.0,-0.0,0.0,0.0,0.0,0.0
7253,0.3600396795076837,-0.21829357904973207,-1.8430744091617222,-0.824928095824633,-0.4652231206894248,2.0028887312293095,0.0,-0.0,0.0,0.0,0.0,0.0
7254,0.3226012862135534,-0.7494486585715303,-3.5789343659775597,-0.2835490151187144,-0.026050930493431802,1.9986552623692753,0.0,-0.0,0.0,0.0,0.0,0.0
7255,0.900195866602018,0.2626618213498619,-3.6987400646022834,-0.6058847665742505,-0.3275791512270104,1.9980365847951433,0.0,-0.0,0.0,0.0,0.0,0.0
7256,0.4148104484233839,0.5566879236935736,-2.3477970167920916,0.459304896812553,-0.6513286379450269,1.9989173771364506,0.0,-0.0,0.0,0.0,0.0,0.0
7257,0.31123638852709423,-0.7531113694889494,-2.029188968030705,0.4179880642784543,-0.28161538637488015,2.0027616958499035,0.0,-0.0,0.0,0.0,0.0,0.0
7258,0.1710735906958955,0.6530561137081159,-0.6498986436772805,-0.26612725386503355,-0.887317112931224,2.003290892604788,0.0,-0.0,0.0,0.0,0.0,0.0
7259,-0.6726871849707166,0.00014259731493593243,-1.1468669104234284,-0.11754663527890186,0.43391470873063825,1.999330195918941,0.0,-0.0,0.0,0.0,0.0,0.0
7260,0.5035688299503257,-0.11718904834862295,-2.717622191823357,0.5776695317571502,0.7289746968835374,2.000065237051024,0.0,-0.0,0.0,0.0,0.0,0.0
7261,0.3724860537488925,0.7445786497571188,-1.4893681292985097,-0.6736381160626289,0.3076474347990445,1.9987972961504137,0.0,-0.0,0.0,0.0,0.0,0.0
7262,-0.27567184785240656,0.0451665048157649,-1.8594945688620854,0.6852921879095377,-0.35983776130763095,1.999376194620695,0.0,-0.0,0.0,0.0,0.0,0.0
7263,-0.22434530640191772,0.9512142703282871,-0.17038997759030874,0.6013030647428791,-0.499748247367416,1.9987576061160326,0.0,-0.0,0.0,0.0,0.0,0.0
7264,0.24709727082269808,-0.967344560957997,-0.9045350512553388,-0.5766072976050158,-0.17706534978565916,2.0033402325561647,0.0,-0.0,0.0,0.0,0.0,0.0
7265,0.8842409479038554,-0.4609922860041686,-4.34378006109523,-0.22339949814989557,-0.09068419215377099,2.001177918124174,0.0,-0.0,0.0,0.0,0.0,0.0
7266,-0.3869967426095375,0.3963624532084016,-0.9488383700222811,-0.9013104913911971,-0.2964308111142363,2.002188673383194,0.0,-0.0,0.0,0.0,0.0,0.0
7267,-0.22301325176964057,0.1319125992035232,-3.7195117959362647,0.16231438565462764,-0.1170464340884227,1.9981705049584575,0.0,-0.0,0.0,0.0,0.0,0.0
7268,-0.560038492732815,-0.6163077116519903,0.2579281632458195,0.4626220648373396,0.469902956375898,2.000295054561368,-1.4058477891979456e-14,1.583287622756075e-14,0.0,-0.0003225072362229288,-0.00036279720736541405,1.4496260931767592e-05
7269,-0.6487895914775651,-0.039338969964277035,-3.9003554742334954,0.62461092882658,0.21041179182687977,2.003210012765562,0.0,-0.0,0.0,0.0,0.0,0.0
7270,-0.2901760269621705,-0.6737674593089907,0.13729073684216733,0.9440831941844026,0.08042021961605164,1.9976443754328308,-1.0340335761164947e-14,1.793756924580702e-14,-0.0,-0.00023668545960591495,-0.0004117486784076984,-0.00016628008418326882
7271,0.5685138209491805,0.8112389801944527,-2.2216984371199695,0.9164714367211688,0.2690230950072609,1.998716167405699,0.0,-0.0,0.0,0.0,0.0,0.0
7272,0.6346040666928354,0.6466489297682227,0.2732883522113283,0.5277125415980247,0.7439050957708047,2.0039750554938283,1.8390568784957776e-14,-1.2742503322645669e-14,0.0,0.0004221864111145917,0.0002919121439761287,0.00010738424410578412
7273,0.389240759458382,-0.8891196176448305,-1.5631224281817115,0.003449760758808017,0.8851336160614383,1.9958016105565362,0.0,-0.0,0.0,0.0,0.0,0.0
7274,-0.24146980319708516,0.208042679667921,-2.767167482430074,-0.15097983434751683,0.6378202839745483,1.9989365958121532,0.0,-0.0,0.0,0.0,0.0,0.0
7275,0.37253211144695353,0.8097896976690301,-3.8911960691877203,-0.744473367016164,0.47461297675103437,1.9968015461992032,0.0,-0.0,0.0,0.0,0.0,0.0
7276,0.1554215728268963,-0.05299059785399071,-2.732362297163817,0.4701063066649816,0.3061382101841081,1.9998576991982673,0.0,-0.0,0.0,0.0,0.0,0.0
7277,0.9525871967621463,0.12916410893911912,-3.727519535305976,-0.2536383703178592,0.6035624936040835,2.001713025943896,0.0,-0.0,0.0,0.0,0.0,0.0
7278,0.5925886389261754,-0.07798104430895988,-1.9318933825916687,-0.14430896789943132,0.8545097863080663,1.998677602708384,0.0,-0.0,0.0,0.0,0.0,0.0
7279,-0.6258524834679238,0.15944627623824226,-0.4726097209761214,0.8669986081598257,-0.12553785559256403,1.9992136543362713,0.0,-0.0,0.0,0.0,0.0,0.0
7280,-0.44876603769650053,0.595117189075253,-1.4354977582024064,-0.7305645269659737,0.16898290906777697,1.9991403898509024,0.0,-0.0,0.0,0.0,0.0,0.0
7281,-0.014957412028369319,0.06265081388629619,-2.1588092575301543,-0.8944220014541137,0.24258148623377884,2.0024177441923077,0.0,-0.0,0.0,0.0,0.0,0.0
7282,0.31588329287394395,0.033976548476962645,-0.4424923111849845,0.37581935055206483,-0.08854576001025756,2.0005405843380726,0.0,-0.0,0.0,0.0,0.0,0.0
7283,0.6400393949190796,0.5427861603080552,-0.7776069066723764,0.3665457097135016,0.3851269910402172,1.999904572942801,0.0,-0.0,0.0,0.0,0.0,0.0
7284,0.5910276750033213,-0.14459356099830903,-3.8480003494154147,-0.5559892547760213,-0.8008561046098438,1.9998282683177289,0.0,-0.0,0.0,0.0,0.0,0.0
7285,-0.16585150337103832,-0.05478643276415763,-2.651001033837331,0.29586321373446184,0.6912731096707846,2.001148369532291,0.0,-0.0,0.0,0.0,0.0,0.0
7286,-0.5822544436317515,0.7769494383619819,-1.3492963347971378,0.5152340828312708,-0.6385736514690323,2.0006633864227967,0.0,-0.0,0.0,0.0,0.0,0.0
7287,0.19638468899686287,-0.8975370317348027,-3.2111618230250505,0.08526700346714865,-0.9628225258092485,2.0001411005098984,0.0,-0.0,0.0,0.0,0.0,0.0
7288,-0.16033427845071624,0.17710741743436642,-0.8594384163057995,0.6126418023189436,0.2673473602769929,1.9972580137331881,0.0,-0.0,0.0,0.0,0.0,0.0
7289,0.11195996512335242,0.8869109217596555,-3.684195301631312,-0.26670208848945404,0.13861816141698952,2.0000685854353915,0.0,-0.0,0.0,0.0,0.0,0.0
7290,-0.11297261176451397,0.5023534243855257,-3.077828119422243,-0.3382866653218787,-0.18597145502961585,1.9961706605201408,0.0,-0.0,0.0,0.0,0.0,0.0
7291,-0.4648388400915157,0.058504121785637665,-0.908248092154943,0.45244721711853014,0.7439066975671873,1.9978257611207675,0.0,-0.0,0.0,0.0,0.0,0.0
7292,0.3654684238210957,0.8912925093257076,-1.1354330344260393,0.11580346658627222,-0.49778310920946034,2.002511253714646,0.0,-0.0,0.0,0.0,0.0,0.0
7293,-0.3664057949907165,-0.5736450923494678,-1.7103226100778846,-0.5007521552253448,-0.1721100080818623,2.0024844701246476,0.0,-0.0,0.0,0.0,0.0,0.0
7294,-0.528673191230618,0.037648187454960215,-2.5640675597598057,-0.4007230095839372,-0.0006285284969709509,2.0005070933003632,0.0,-0.0,0.0,0.0,0.0,0.0
7295,-0.665518056839795,0.3365876835243951,-2.269650490578316,-0.3075101822648827,0.4473808241225425,1.9991659701550732,0.0,-0.0,0.0,0.0,0.0,0.0
7296,0.9821901000354561,-0.013395594243146706,-4.062104796622055,-0.16086918639545186,0.6140494348812531,1.9986721594757828,0.0,-0.0,0.0,0.0,0.0,0.0
7297,-0.27959511608665977,-0.20967643922506518,-2.0936225224496834,0.09316663404801673,-0.8530728052132274,2.002831010121844,0.0,-0.0,0.0,0.0,0.0,0.0
7298,0.4952578823468173,0.5432439211388717,-3.3957067669932886,0.40194861497848233,0.616164796810989,2.000030234332347,0.0,-0.0,0.0,0.0,0.0,0.0
7299,-0.3516561564467041,-0.6868087396703549,-1.9070778637287829,0.3453113835605098,0.5830407150533649,2.0023532796846344,0.0,-0.0,0.0,0.0,0.0,0.0
7300,0.6605572873705944,0.7101709598143302,-3.434570966780344,-0.8640590166663771,0.1666130674127739,2.000346370222197,0.0,-0.0,0.0,0.0,0.0,0.0
7301,-0.6090274730193352,0.6762903511824306,-2.1349344580979825,-0.5925770641660508,-0.6467664875684958,1.9983057230051875,0.0,-0.0,0.0,0.0,0.0,0.0
7302,-0.9042280651862327,0.03152663175085471,-1.3678930271670957,0.6627102014829166,-0.11273237012210438,1.9995555337226942,0.0,-0.0,0.0,0.0,0.0,0.0
7303,-0.316146793036932,0.8610148084287008,0.3295948667858011,-0.7793523299033538,-0.5472247896322373,2.0018396410667085,-5.674642652711629e-15,-2.2988461820872607e-14,1.3553884139515552e-302,-0.00013029031148016878,0.0005272503812073032,8.901814426136903e-05
7304,0.04214080355389354,-0.5046326071880558,-0.29518076506560226,-0.3606236315163813,-0.31306234055185755,2.000146299043868,0.0,-0.0,0.0,0.0,0.0,0.0
7305,0.3271292659553932,0.9037277046890106,-1.180386508943599,0.3550042652459062,0.6253922298293519,1.9991233718568846,0.0,-0.0,0.0,0.0,0.0,0.0
7306,-0.7784532361173564,-0.03056952906697407,-2.255399366064741,-0.6276135863025796,-0.12559151609050156,2.0004335350498974,0.0,-0.0,0.0,0.0,0.0,0.0
7307,-0.35821850326291105,0.41596985805150416,-4.087398776068572,0.3902818937022939,0.33897719997653303,1.998194803316158,0.0,-0.0,0.0,0.0,0.0,0.0
7308,-0.3846373076628979,0.709903835266297,-4.409909512147109,-0.5905213770789232,-0.32121117513388314,1.9970196605009243,0.0,-0.0,0.0,0.0,0.0,0.0
7309,-0.5305011027600457,-0.847187797044009,-0.32019204529983797,-0.14608833745684713,0.37157165831968486,1.9989266647821193,0.0,-0.0,0.0,0.0,0.0,0.0
7310,0.35868374748195414,0.23469319218229795,-2.059827079849151,-0.09865713621772142,0.3391463161138405,1.9991662809431474,0.0,-0.0,0.0,0.0,0.0,0.0
7311,0.3004048755264585,0.7852076008009967,-3.456432717819175,0.7307776542059302,0.1936663238551279,2.001019316890057,0.0,-0.0,0.0,0.0,0.0,0.0
7312,-0.08736859859770747,0.7527176663417934,-1.2360982391337916,0.012279610993687162,0.035877140536533104,2.0007376063684443,0.0,-0.0,0.0,0.0,0.0,0.0
7313,0.16846957084200806,0.8125020831565563,-0.5739924858533682,-0.08100039839597523,0.41665702439218616,2.003642323410482,0.0,-0.0,0.0,0.0,0.0,0.0
7314,0.09633699268228464,-0.42263370891069435,-3.8919736719250158,0.1286226715369259,-0.023153637419625752,1.9997236792519888,0.0,-0.0,0.0,0.0,0.0,0.0
7315,0.6790388135781882,-0.3706153680822074,-2.2378444573716787,0.7789399972108768,0.4792591388546128,2.0008079640579695,0.0,-0.0,0.0,0.0,0.0,0.0
7316,0.299875646106569,-0.4573633640635282,-1.4978736971232025,0.0422264665844605,-0.9950984886939718,1.999413001760041,0.0,-0.0,0.0,0.0,0.0,0.0
7317,0.016393905626081846,-0.5711991665216202,-0.8877656191782265,-0.518097715224128,-0.7987799653276308,1.9973709006264795,0.0,-0.0,0.0,0.0,0.0,0.0
7318,0.2397876494066711,0.4900984583189981,-4.039110859678183,0.06145998302257255,0.14980004615723397,2.0025630411958937,0.0,-0.0,0.0,0.0,0.0,0.0
7319,-0.7199735707696947,0.09103183003962391,-3.6640728418732995,-0.7085371837478414,-0.6696553353735497,2.0022377884759415,0.0,-0.0,0.0,0.0,0.0,0.0
7320,0.43595503530542234,-0.7794156221984383,-3.3385829943959444,0.6046530618750132,-0.4457867104199916,2.0014071330694994,0.0,-0.0,0.0,0.0,0.0,0.0
7321,-0.6894120004903325,0.12338321843841087,-3.3195899079475493,0.5554829369832947,-0.7368650190211514,2.0028246107412357,0.0,-0.0,0.0,0.0,0.0,0.0
7322,0.06666645038195868,0.052708166979676854,-1.7848120982055453,0.13913993017298446,0.9671665344331197,1.997987113240843,0.0,-0.0,0.0,0.0,0.0,0.0
7323,-0.3462679900258531,-0.6074339691588617,-2.012337033770944,-0.5785140460527686,-0.41190196085665015,1.9984612350882869,0.0,-0.0,0.0,0.0,0.0,0.0
7324,0.403871376850533,-0.23342331359828705,-0.308565136127491,-0.31708125369460144,-0.6190407543722384,2.0000850652663154,0.0,-0.0,0.0,0.0,0.0,0.0
7325,-0.28340049166096143,0.8175408852696731,-1.889159498902953,0.8261210460890827,-0.5423055917074983,2.0013542114358573,0.0,-0.0,0.0,0.0,0.0,0.0
7326,-0.48975345438144635,-0.5268783638642031,-3.018807458042053,-0.5946136943946437,-0.04753692610444203,2.001264303325407,0.0,-0.0,0.0,0.0,0.0,0.0
7327,-0.5288131993144856,-0.8281486577413718,-3.3634323846523806,-0.6008412352994608,0.24975046840837645,1.997749322127786,0.0,-0.0,0.0,0.0,0.0,0.0
7328,-0.06802809137341911,0.22593886639326374,-1.8082823315592553,0.8511854688832465,-0.08565694166377337,2.0038715204225026,0.0,-0.0,0.0,0.0,0.0,0.0
7329,-0.8011069510786032,0.363007172603599,0.10811568402391694,-0.37885417238787816,0.7002129959697567,1.9963765207555155,1.2147495419181093e-15,1.1992061336807282e-14,-0.0,2.9726486653040213e-05,-0.000273769968777095,-8.03182359902231e-06
7330,0.12299943278214401,0.47550582296230404,-4.2584096053249585,-0.4807944960905758,0.7674436402372968,1.9967644081719602,0.0,-0.0,0.0,0.0,0.0,0.0
7331,0.5717705123909101,0.29521213418156855,-0.12531827552568714,0.5982212271787827,-0.5504540526575264,1.9980304208238326,0.0,-0.0,0.0,0.0,0.0,0.0
7332,-0.01851229465208445,0.4536330793379961,-2.5698671654438057,0.5479972792764021,-0.04501559024836045,2.0039519395576737,0.0,-0.0,0.0,0.0,0.0,0.0
7333,-0.5253206794539781,-0.5863533807906197,-1.1015294621809593,0.8093805072311517,-0.007585004208954871,1.9975800435138569,0.0,-0.0,0.0,0.0,0.0,0.0
7334,0.6527427836020037,0.7318361695127954,-0.5087491132988038,-0.7796691294639014,-0.5197746899422885,2.00009936721307,0.0,-0.0,0.0,0.0,0.0,0.0
7335,-0.038192713242591256,0.7786289935900881,-0.9261673114532745,0.8859613641892311,-0.32696653609285914,1.9990840097099922,0.0,-0.0,0.0,0.0,0.0,0.0
7336,0.5686455758416905,0.1535614097084094,-2.9917249971293667,0.8516881515893644,0.03918039295605144,1.996827617373175,0.0,-0.0,0.0,0.0,0.0,0.0
7337,-0.6581794603175061,-0.6451258185469877,-2.008464621243633,0.6822321853955168,-0.39412553749253487,1.9999781633057983,0.0,-0.0,0.0,0.0,0.0,0.0
7338,-0.15779167095658345,0.9052427074236614,-2.7304841952905337,0.4210991273264722,0.11975204087709958,1.99946937191172,0.0,-0.0,0.0,0.0,0.0,0.0
7339,-0.7297810181386729,0.17645379223277716,-2.0170605109075987,0.029612818451466696,-0.96932259650827,2.00009642742329,0.0,-0.0,0.0,0.0,0.0,0.0
7340,-0.026694227389297602,-0.4205326964235568,-3.796980011314092,-0.6570103260832056,0.3181044462484822,2.00314885937679,0.0,-0.0,0.0,0.0,0.0,0.0
7341,-0.49551942787918274,-0.3870118388986002,-2.8531865219103114,-0.5052602502786127,-0.015412370962289064,2.0029169373042985,0.0,-0.0,0.0,0.0,0.0,0.0
7342,0.09225934660124249,0.6813959790400764,-1.4278411703772684,-0.3932954411406154,-0.913280473983176,1.9981986420349553,0.0,-0.0,0.0,0.0,0.0,0.0
7343,-0.06580879646283663,-0.007287473862415831,-0.404824876501357,0.10943614316433171,-0.7070057566223937,1.9999751393146796,0.0,-0.0,0.0,0.0,0.0,0.0
7344,0.48929274103721293,0.0057943177908609455,-3.9278004499342196,0.7254104587417863,-0.021058663405065955,1.998013736581845,0.0,-0.0,0.0,0.0,0.0,0.0
7345,-0.43261544543162617,-0.6159653803663018,-3.709587156746928,-0.5390481304117103,0.30270563139367823,2.0041836889793316,0.0,-0.0,0.0,0.0,0.0,0.0
7346,-0.8327378631720236,0.15469852297246695,-0.3068215001528963,-0.5485073204937252,-0.1415499105182364,1.9985341255935343,0.0,-0.0,0.0,0.0,0.0,0.0
7347,0.519091546613948,-0.5257648388926807,0.32148456285239535,-0.8713456280313501,-0.4678120824800343,2.0020502340633954,1.2436763677748499e-14,1.4542150884949457e-14,2.48610799223333e-307,0.0002869759563382492,-0.0003321653756490427,9.324097737188271e-05
7348,-0.30159588260697623,-0.6139794271713134,-4.397397476134634,-0.796304284494845,-0.4158672005067528,1.999414106698882,0.0,-0.0,0.0,0.0,0.0,0.0
7349,0.32992353470192437,-0.6828517657092176,-3.7548266096980814,-0.444344891798723,0.29924571290625007,1.99849883237745,0.0,-0.0,0.0,0.0,0.0,0.0
7350,-0.5645532045825119,0.6904536408839802,-3.5770367404796524,-0.04937402545036631,-0.7518852610827059,1.9996456705480796,0.0,-0.0,0.0,0.0,0.0,0.0
7351,-0.29866248970577847,-0.36337417557411233,-0.4122644499826629,-0.49287335383552433,0.08827632178848845,1.9996398280258647,0.0,-0.0,0.0,0.0,0.0,0.0
7352,-0.043235128827506936,-0.9879777777296527,0.03724769453606684,-0.812393053276636,-0.08001502291710302,1.9980796067536073,-2.4557610079775485e-15,2.3290254380053285e-14,-0.0,-5.603886789975556e-05,-0.0005356297655743008,-0.00036967813535678814
7353,-0.159247809770691,0.9147230670698935,-4.180815786659837,0.5864798763814271,0.546394219853748,1.9975824175771801,0.0,-0.0,0.0,0.0,0.0,0.0
7354,0.2937481253462146,-0.5080321888500681,-0.7112832217576172,-0.6750750826330484,0.6824399650249946,2.002101497159387,0.0,-0.0,0.0,0.0,0.0,0.0
7355,0.37949315779775233,-0.6385887975271399,-1.4833507681733717,0.7240405306841555,-0.20598441776348808,2.0004874877491248,0.0,-0.0,0.0,0.0,0.0,0.0
7356,-0.2141224611690963,0.3892728507338217,0.2842551859323905,0.05599919767033276,-0.3820023424548928,1.9958559979333723,-8.13560866363633e-15,-6.254031214034013e-15,0.0,-0.00018666531046713632,0.00014431027592487852,0.00022984001781248432
7357,0.00015881110806373179,0.9678882425302228,-4.318469290388603,0.6870403540014758,-0.3988261700063731,2.0003671635723004,0.0,-0.0,0.0,0.0,0.0,0.0
7358,0.4926695376040297,-0.26224614490158143,-3.1586796942924087,0.5754345723252848,0.24217136648161894,2.0010835672781044,0.0,-0.0,0.0,0.0,0.0,0.0
7359,0.26909287183421704,-0.10837004843876577,-3.1803144902575,0.9462663984319842,-0.30696232117547123,2.0003303869509397,0.0,-0.0,0.0,0.0,0.0,0.0
7360,0.8905478178318667,-0.30484167510150534,-3.2782901958642503,-0.7119090767277445,0.1802697999928148,2.0052642893081516,0.0,-0.0,0.0,0.0,0.0,0.0
7361,-0.6585063299778149,-0.10487137745982883,-1.2074149041027902,0.09696499708564471,0.7006880022221288,1.9982891044576068,0.0,-0.0,0.0,0.0,0.0,0.0
7362,-0.8758806446430065,-0.44896201716291584,-3.5690704789618577,-0.47204936067153724,-0.6815830277222564,1.999884403425149,0.0,-0.0,0.0,0.0,0.0,0.0
7363,-0.7133907830559122,-0.6116770585432614,-1.7540108758808126,-0.3878974402002598,-0.24274245041186013,1.99941912611137,0.0,-0.0,0.0,0.0,0.0,0.0
7364,-0.18568876123964498,0.12606256410399766,-2.5928904951034446,0.12654744534413384,-0.4875306900917102,1.9990931935481526,0.0,-0.0,0.0,0.0,0.0,0.0
7365,0.4286467762436746,0.12902993103483085,-3.043449104845581,0.14811300405728992,0.10185254603911312,2.0011537632035075,0.0,-0.0,0.0,0.0,0.0,0.0
7366,-0.42574191391171945,-0.7286811920327834,-2.9268121655757544,0.7648939080430777,0.27512976151613344,1.9978460306661274,0.0,-0.0,0.0,0.0,0.0,0.0
7367,-0.5764055838164825,0.5615753822482579,-0.3311988915033399,0.13762586989846307,-0.1366517686000449,1.999088533800163,0.0,-0.0,0.0,0.0,0.0,0.0
7368,0.2722615713606447,0.7138210553776033,-1.1259173465831815,-0.07370811131388184,-0.37405105351141044,2.0063134787872845,0.0,-0.0,0.0,0.0,0.0,0.0
7369,-0.09452898974434358,-0.5709151041896812,-4.328264420489342,0.20691195079468447,-0.6735357577070574,1.9967858367970248,0.0,-0.0,0.0,0.0,0.0,0.0
7370,-0.8891268455429365,0.17776130037083224,-1.6013897455314867,-0.36778492755502673,0.19571881866530852,1.9996495758749526,0.0,-0.0,0.0,0.0,0.0,0.0
7371,0.12096280815511667,-0.7952172554643153,-3.862241250848633,0.1245036026861913,-0.5133483120174711,1.999384380588069,0.0,-0.0,0.0,0.0,0.0,0.0
7372,-0.37453179298832445,-0.6438527767129474,-2.448897389429374,-0.5306967828107203,-0.6776641416479894,2.0028526959512627,0.0,-0.0,0.0,0.0,0.0,0.0
7373,-0.40279136549783007,0.4781370511335534,-2.3139359873555216,-0.10434752979080421,0.33815301965065525,2.0036208795235053,0.0,-0.0,0.0,0.0,0.0,0.0
7374,0.14901972505164496,-0.7557786710850544,-0.22874538653603432,-0.8417755603561429,0.28655066858523476,1.9967074466560715,0.0,-0.0,0.0,0.0,0.0,0.0
7375,0.21653449439597797,-0.011840771780224683,-2.3273066987620536,-0.5805642802933529,0.7739400272163844,1.9999275993523227,0.0,-0.0,0.0,0.0,0.0,0.0
7376,0.3829116575413071,0.5767034080414105,-3.2248453283128273,-0.22456545623427096,0.9598010636158497,1.9977170630430874,0.0,-0.0,0.0,0.0,0.0,0.0
7377,-0.21593330517433013,0.6675944288631512,-1.746492122559246,-0.8437691689088969,0.3011747643058124,1.9994402513262584,0.0,-0.0,0.0,0.0,0.0,0.0
7378,0.003597299712276429,0.9262943311186179,-2.9085939212203202,0.1853697779852545,0.43416579419535606,1.998310510260346,0.0,-0.0,0.0,0.0,0.0,0.0
7379,0.02154544943647362,-0.4238340436364047,-3.2591475665670733,0.13379271810167995,-0.9781600098141755,2.0010789219531744,0.0,-0.0,0.0,0.0,0.0,0.0
7380,0.27016151568742075,-0.15401865910700635,-0.670219411072244,-0.14448844073880618,0.20787201921259169,2.0008900451410008,0.0,-0.0,0.0,0.0,0.0,0.0
7381,0.1962397492143968,0.9279512171920126,0.32639389425656656,0.13289449939045042,0.7635861871970483,1.999462868671563,6.047799490225346e-15,-1.9976084931042628e-14,-2.6911718080389743e-304,0.00013891396380067195,0.00045890692541083393,1.7191988291927728e-05
7382,-0.17984904603624147,0.40710073734266544,-0.04220060695943835,-0.09570889217857195,0.3457736167233219,1.9941837126277695,0.0,-0.0,0.0,0.0,0.0,0.0
7383,0.5954538863997558,-0.05560213953773888,-1.267936621967047,0.5459519267740619,0.024633705277747973,2.0000824353110964,0.0,-0.0,0.0,0.0,0.0,0.0
7384,0.4907956103247083,0.22352785243261314,-3.2961518799796083,0.3029664633003216,0.8552644158016721,2.0022909843562555,0.0,-0.0,0.0,0.0,0.0,0.0
7385,0.8419289516254339,0.41692328362581305,-2.0505274672015448,-0.7388847072342354,0.36148729932226314,1.9995324077317977,0.0,-0.0,0.0,0.0,0.0,0.0
7386,0.7861540863180986,-0.6883118400623142,0.3476419236828284,0.4334485107895218,-0.23357984692206626,1.9974300738067035,2.363179321956012e-14,1.160201634891804e-14,3.511070815053269e-292,0.0005427940213241916,-0.00026541839639431317,2.293898007343436e-06
7387,0.2793537359677762,-0.6141307236883793,-4.493520910108351,-0.5194191720050482,0.7938693278051686,2.00112765060983,0.0,-0.0,0.0,0.0,0.0,0.0
7388,-0.8573926644672458,-0.4436786815354893,-2.055550711667213,-0.7317948191592508,0.3884009768267933,2.00508285725222,0.0,-0.0,0.0,0.0,0.0,0.0
7389,0.24494995409366183,-0.41683098254925804,-2.696001373910234,-0.3909196799761482,0.7951230823547086,1.9991561085428393,0.0,-0.0,0.0,0.0,0.0,0.0
7390,0.6001353916973517,0.4516372200020586,-1.0430554508827723,0.19008508600385388,0.5750732344145775,1.9985567535049198,0.0,-0.0,0.0,0.0,0.0,0.0
7391,-0.6006376752872207,0.27429687487388854,0.2851011989940115,-0.6023339595867993,-0.3601963467889364,1.9995284790768817,-1.4488066986864665e-14,-6.209802868283692e-15,0.0,-0.0003319444994688406,0.0001418223220475137,3.7506450364722474e-05
7392,-0.19049190699901802,-0.6387589469406182,-2.6523547097305427,-0.482022589274534,0.4793442786316621,1.9995666674311112,0.0,-0.0,0.0,0.0,0.0,0.0
7393,0.23252711502856427,-0.2389028066667223,0.00539587459306903,-0.41812753666489433,-0.4945615366771031,2.001868977799961,5.5265150747149544e-15,5.7082211399372265e-15,-0.0,0.00012889060403611173,-0.0001317650696064503,-0.000561057659677892
7394,-0.4968209957664847,0.7167382746313967,-3.7788613373092765,0.1340783956017674,-0.799277024077837,1.997097364214112,0.0,-0.0,0.0,0.0,0.0,0.0
7395,0.27774231750032696,-0.9606216529426085,-3.68663963830658,0.8196390080634721,-0.2103854092943739,2.0012698192976615,0.0,-0.0,0.0,0.0,0.0,0.0
7396,0.29156834032399687,-0.715868430119383,-3.811424799731864,0.8989341467305844,0.29283211978207513,1.999939915927004,0.0,-0.0,0.0,0.0,0.0,0.0
7397,0.9143995113636745,0.3268729124873141,-4.15547617870158,0.7544800199410816,0.14497982811167087,1.9975809829510422,0.0,-0.0,0.0,0.0,0.0,0.0
7398,-0.34829629438809756,-0.702886313040132,-2.8039050002833217,0.7137551233735696,-0.45833622191266554,2.003916103888266,0.0,-0.0,0.0,0.0,0.0,0.0
7399,0.8790700615235484,0.17906152968401554,-0.14566520679168268,-0.648504396142213,0.2842033106548434,2.002231903695283,0.0,-0.0,0.0,0.0,0.0,0.0
7400,-0.013988730820075694,0.15201086611200001,-4.496763808586542,0.0005199729409707504,0.9330577467038211,1.9975188750559802,0.0,-0.0,0.0,0.0,0.0,0.0
7401,0.22364274939743709,0.7390793461924818,0.09960969510875001,-0.9140933123200777,-0.2955541816653218,1.9997068461109473,5.978351428903755e-15,-1.9977489640705148e-14,-0.0,0.00013674814595881726,0.000458232501087783,-0.00028530200175901034
7402,-0.1049600226743581,-0.19690423212470126,-2.7506833739656384,0.04216742603651503,0.04412332689855453,1.9994611019290385,0.0,-0.0,0.0,0.0,0.0,0.0
7403,-0.22818821559661756,0.6658982383271106,0.30727802467065035,-0.43003123417364986,0.29975229018994004,2.00060139799745,1.083587620442679e-14,-2.7772755713969686e-14,1.51212988e-315,0.0002468475540770412,0.0006354170793289684,-3.058549512857399e-05
7404,-0.851544748197479,0.31207596028807494,-2.5382649118056566,-0.5957951873899989,0.47421389869520797,1.9969143888613783,0.0,-0.0,0.0,0.0,0.0,0.0
7405,0.02145759711138437,-0.10340462554431207,-1.0032506383748294,0.863810216379028,-0.4713813839642575,2.0005493014212363,0.0,-0.0,0.0,0.0,0.0,0.0
7406,0.8477866220194933,0.1913319275419267,-2.0842364587157456,0.5385890399049463,0.18780659941940264,1.9992868834001574,0.0,-0.0,0.0,0.0,0.0,0.0
7407,0.29856070294159864,-0.8852092111955056,-2.016788916518032,0.825027649142826,0.15758818775905592,1.9997143413873433,0.0,-0.0,0.0,0.0,0.0,0.0
7408,0.8196217098384722,0.19767400542542357,-2.1463326162634955,0.2520198908110044,0.3606633648133417,2.0021304622121505,0.0,-0.0,0.0,0.0,0.0,0.0
7409,-0.17508921344576384,-0.3661570507615184,-0.20391272107578817,0.050459492538628956,-0.726236871809049,1.9987942867970856,0.0,-0.0,0.0,0.0,0.0,0.0
7410,-0.17800228789233047,-0.5834881276625051,-3.395320569293375,0.041725518096711794,0.4029864672135231,1.9986579803343272,0.0,-0.0,0.0,0.0,0.0,0.0
7411,-0.049934588906626914,0.339765847853675,-1.491595527109883,0.03327358999953108,-0.1694984210486624,1.9962848163450846,0.0,-0.0,0.0,0.0,0.0,0.0
7412,-0.5331902881701804,-0.25510258226181126,0.09822824364021282,0.5738448236904549,-0.5059795255995665,2.0003971268835876,-1.6980168660715448e-14,2.166433912283209e-15,-0.0,-0.0003880988367319428,-5.134215837004456e-05,-0.000257705108581077
7413,-0.4400410556128818,-0.5701005915571141,-0.5617895289587668,-0.43815840071314904,0.7088029972078803,1.9984917102076258,0.0,-0.0,0.0,0.0,0.0,0.0
7414,0.28945594086286025,0.5213453406837729,-4.245642162764472,-0.18531778194390575,-0.674583017671289,1.9989674899955607,0.0,-0.0,0.0,0.0,0.0,0.0
7415,0.17020191810842286,-0.939812270926375,-2.44558529956248,-0.4985875349965526,-0.6389294530248446,1.999141735783346,0.0,-0.0,0.0,0.0,0.0,0.0
7416,-0.38787795907809874,0.7681583829056761,-1.0117519086277182,-0.47985700904580814,-0.5553094596166366,2.0018881692370503,0.0,-0.0,0.0,0.0,0.0,0.0
7417,-0.09642446534779876,-0.5718336636266755,-3.731306934047291,0.6077807361740164,-0.06020924551940491,1.997215627603846,0.0,-0.0,0.0,0.0,0.0,0.0
7418,0.8515826576205023,0.03584887268415665,-4.382909578621393,0.7495069627352008,-0.5832886003486573,2.0001312547465515,0.0,-0.0,0.0,0.0,0.0,0.0
7419,0.8913656334257122,-0.030009885564794586,-3.3068273722350225,-0.06642168332462961,-0.9945732137587061,2.0013570869333708,0.0,-0.0,0.0,0.0,0.0,0.0
7420,-0.09330885808545657,0.9451407384970286,-3.7418277554037194,0.5081848694203879,-0.44175282834267804,1.99887257941694,0.0,-0.0,0.0,0.0,0.0,0.0
7421,-0.485189235326123,-0.5587533802149519,-0.9129368209921204,0.23030811317864358,-0.5184158570363867,2.0008753525682383,0.0,-0.0,0.0,0.0,0.0,0.0
7422,-0.0861997894526241,-0.8054154556097338,-3.9767562923411623,-0.6465825266428232,-0.6762261428685079,2.0001634177691154,0.0,-0.0,0.0,0.0,0.0,0.0
7423,-0.12492888809047313,0.18348439750210765,-2.9748423323713364,-0.02203347259462727,-0.3593730121329241,2.0000844237079773,0.0,-0.0,0.0,0.0,0.0,0.0
7424,0.40961029379534314,-0.4291228648262289,-2.8957891641335363,0.8838700899665218,0.21269154479855215,2.0002008701675233,0.0,-0.0,0.0,0.0,0.0,0.0
7425,0.07695310404758475,-0.048721352769472405,-0.2908239154427927,0.2816858367800913,0.9245143748565584,2.0012155980542783,0.0,-0.0,0.0,0.0,0.0,0.0
7426,0.2303012056928438,-0.7162709471128682,-3.80244528563237,0.4505075011244967,-0.0865348396714971,2.0018914648853565,0.0,-0.0,0.0,0.0,0.0,0.0
7427,-0.6137721911741592,0.5261696156219783,-1.4238479576938692,-0.5606431010958076,-0.5969480189690116,1.999771384208637,0.0,-0.0,0.0,0.0,0.0,0.0
7428,0.19682108912494142,0.6754303433267556,0.32974369052586794,-0.14284986156573695,0.6509864229335592,1.9988230914309872,6.892823290109259e-15,-1.7098292685338057e-14,6.3659531596836e-303,0.00015849017675980434,0.0003930067272091289,0.0001864463079051961
7429,0.21301609459041215,-0.4249257822499045,-0.5477404708940489,-0.3706462197132884,-0.6476635305444609,1.9990722215924503,0.0,-0.0,0.0,0.0,0.0,0.0
7430,0.807165132209284,0.17977489295079369,-0.2201225110199249,0.3011163711211309,-0.6028008172605281,2.0011865016283616,0.0,-0.0,0.0,0.0,0.0,0.0
7431,0.2100849898332426,0.2110628834212204,-2.481265297828778,-0.07188139869298749,-0.03233479800383525,2.0010615177968862,0.0,-0.0,0.0,0.0,0.0,0.0
7432,-0.1821191330048976,0.035838641752364044,-3.1082365793433326,0.7368957701650591,-0.5600501288123148,2.0034710111934086,0.0,-0.0,0.0,0.0,0.0,0.0
7433,0.5081462069389239,0.16588629358997056,-4.424551866780659,0.06131361576699031,-0.10506363688881046,2.000389365019944,0.0,-0.0,0.0,0.0,0.0,0.0
7434,0.02144092068146237,-0.21357850390413147,-3.271984244742927,-0.5778538538387035,0.3570145607207089,2.0001446554962006,0.0,-0.0,0.0,0.0,0.0,0.0
7435,0.12868552284280588,-0.5045344681338577,0.34924479099588135,0.387776371312018,0.09536244006897145,1.9997763000462199,9.014949740700331e-15,7.975312077713306e-15,7.717211134861405e-292,0.0002081026939900996,-0.00018288073514721061,0.0002888317395156023
7436,-0.334234285889198,0.2864433754510492,-0.6266772825087564,0.195430637505478,-0.6465449435680317,1.9973561975508003,0.0,-0.0,0.0,0.0,0.0,0.0
7437,-0.5944596029357055,0.7811646335213387,-3.6516769572081,0.7155919200705425,0.3962553030556756,2.0009151704374983,0.0,-0.0,0.0,0.0,0.0,0.0
7438,-0.641372960989299,-0.766079359758598,-3.087479340594438,-0.732139908017051,0.38557820672331006,2.0029326969743146,0.0,-0.0,0.0,0.0,0.0,0.0
7439,0.1813852438199308,-0.6585741612122779,-0.47414707670073153,0.0925427438618994,0.8408388302667525,2.001876622991855,0.0,-0.0,0.0,0.0,0.0,0.0
7440,0.4827351440870167,-0.7808557691542294,-3.5502581558019015,0.4290732858602919,0.8759955745311764,1.9985874586128831,0.0,-0.0,0.0,0.0,0.0,0.0
7441,-0.002670554497482311,0.3142095590739606,-2.8668683631311604,0.8531481611430121,-0.3838808981915186,2.000710313125297,0.0,-0.0,0.0,0.0,0.0,0.0
7442,0.7288354965631969,0.6267812345945176,-0.6992211588499722,0.5644022878764619,-0.3228742887963534,2.001033088070638,0.0,-0.0,0.0,0.0,0.0,0.0
7443,0.23000391202394976,-0.1781963800910616,-4.1536804049817375,-0.19105767130537196,-0.3522998452318359,2.0002607101942687,0.0,-0.0,0.0,0.0,0.0,0.0
7444,0.29791716294723525,-0.8772328344358211,-0.5680359656761687,-0.05987595128139489,0.01104083735207112,2.0015511013538045,0.0,-0.0,0.0,0.0,0.0,0.0
7445,-0.3676947419736078,0.5640792979508312,-3.000740649515661,0.5409453507686862,0.7698729769546478,1.9999725878024595,0.0,-0.0,0.0,0.0,0.0,0.0
7446,0.7336166486427496,-0.38058416716453713,-1.549838758941095,0.05894259983494219,-0.23801292921893524,1.9950313443864685,0.0,-0.0,0.0,0.0,0.0,0.0
7447,-0.19766520277651373,-0.9095589288219433,-1.2436705503349659,0.2480985440346297,0.9265666447493246,1.997189743290607,0.0,-0.0,0.0,0.0,0.0,0.0
7448,-0.6198140859018908,-0.2790464054343623,-2.132352079610531,-0.25614122033920705,-0.31490254615077895,2.000624539107053,0.0,-0.0,0.0,0.0,0.0,0.0
7449,-0.8901351225302633,-0.4369211771378984,-0.05344766158930722,-0.1609948677116169,-0.2172205847457035,1.9991158963395375,0.0,-0.0,0.0,0.0,0.0,0.0
7450,0.4884714785648279,0.17065902870962424,-1.4558738764217107,-0.6724939898770154,0.3483119131755846,2.0033097291709616,0.0,-0.0,0.0,0.0,0.0,0.0
7451,-0.16255502780118827,-0.41274040159932374,-3.7612545133853295,-0.25084570037600434,0.47648108643668036,2.003959286106642,0.0,-0.0,0.0,0.0,0.0,0.0
7452,-0.12140337592886379,-0.1551183988415364,-1.4600656764898277,-0.7120327965862545,-0.17537696082318588,2.003032072398267,0.0,-0.0,0.0,0.0,0.0,0.0
7453,0.9622707544719885,-0.12139688823900312,0.3378462394365844,0.03659421354705635,-0.483366794552373,2.000033223726923,2.277051724821502e-14,6.854876477763006e-15,2.871089102374257e-298,0.0005222867667361959,-0.00016211761543205483,0.00018491496401493577
7454,-0.22708829209130932,0.6190457281794091,-4.471063905188371,-0.04944466855307232,0.08129084252646315,2.0030862456382934,0.0,-0.0,0.0,0.0,0.0,0.0
7455,-0.22656340057407995,0.20140856611040084,-0.2834032652560347,0.6465827798119219,0.611755618213064,2.000417999248794,0.0,-0.0,0.0,0.0,0.0,0.0
7456,-0.4272856398286421,0.5561454948654364,-4.476801817546634,0.9466113883213821,-0.06760775744588683,1.996833442551642,0.0,-0.0,0.0,0.0,0.0,0.0
7457,0.017872018275313175,0.09688440907431403,-2.351768767027725,0.6113817582364371,0.20658596646088503,2.002786957936671,0.0,-0.0,0.0,0.0,0.0,0.0
7458,-0.7028553882686536,0.2487392123026987,-1.0903107279580244,-0.5172336878254731,-0.8278307195499176,2.0015536809339953,0.0,-0.0,0.0,0.0,0.0,0.0
7459,0.03658501952854459,0.7125782353463778,0.0029590874306748382,0.3398852244202661,-0.7594440509248777,2.0001326134977857,6.474632972720832e-15,-1.3868849075630764e-14,-0.0,0.00014784378613369716,0.00031881928032514306,-0.0005937511823767754
7460,0.4830112006532254,0.010960912322464983,-2.847976486705791,0.8438077034706128,0.4561321049660388,2.002579982613015,0.0,-0.0,0.0,0.0,0.0,0.0
7461,-0.6071594566149203,-0.20807837667131163,-3.323414612205901,-0.8541530999110076,0.2396326227520497,1.9966947522967804,0.0,-0.0,0.0,0.0,0.0,0.0
7462,0.014376920895823282,0.2647592904262967,-1.001266283071762,0.20847686444003494,0.4986381738884892,2.0007949941557013,0.0,-0.0,0.0,0.0,0.0,0.0
7463,0.8002858638783465,-0.5446772873372058,-2.4324103803723967,-0.28662646440568557,-0.33243486871250916,2.001030297110478,0.0,-0.0,0.0,0.0,0.0,0.0
7464,-0.5552628519535102,-0.08452345271100796,-1.6361972247939387,0.5663971721259397,-0.8129176889421571,1.9996258730113352,0.0,-0.0,0.0,0.0,0.0,0.0
7465,0.2849973934304819,-0.6945865900204238,-3.0616079960550473,-0.16338434386653747,-0.19740710980013731,1.9986495937731497,0.0,-0.0,0.0,0.0,0.0,0.0
7466,0.20801878548066302,-0.8081500566089358,-4.28905498602723,-0.023866818452721348,-0.6824568111959242,1.999139296030697,0.0,-0.0,0.0,0.0,0.0,0.0
7467,-0.13820582759700745,-0.2316880791132571,-0.852029138918814,0.7171346792230485,-0.28703612097781744,1.9984711589095685,0.0,-0.0,0.0,0.0,0.0,0.0
7468,0.7090873939172024,-0.41989385111569777,0.3919014580704679,-0.2754618951094565,-0.35392019577902256,1.998586179689408,1.0065476278005025e-14,2.6979708025895178e-15,8.220502806321107e-268,0.00023137440844357335,-6.146777865075238e-05,0.000326706646399744
7469,-0.3436708081561147,0.14535013010028242,-1.7326220809817812,-0.04863486393364302,0.12310685425702961,2.002065987396602,0.0,-0.0,0.0,0.0,0.0,0.0
7470,0.8222566324951021,-0.3324449811956542,0.1786203577760786,-0.3613046225919291,-0.03549137543296774,1.9985688993438928,1.3178132978817282e-14,4.1213971201661814e-15,0.0,0.00029724575991661376,-9.345474255139394e-05,-2.0183580794542567e-06
7471,0.3001339691549721,0.6381774530501304,-3.3383045934037274,-0.3246831518464335,0.9017549786696364,1.9995576887582376,0.0,-0.0,0.0,0.0,0.0,0.0
7472,0.4002384605390925,0.07457644055604645,-3.7289061411402993,-0.7476421677962248,0.5257049034824337,1.998591049972959,0.0,-0.0,0.0,0.0,0.0,0.0
7473,-0.24622274917585554,0.8657524928021045,-2.9841332484226704,0.7895260572321795,-0.5569844681674077,1.999892545806623,0.0,-0.0,0.0,0.0,0.0,0.0
7474,-0.7793496419478857,0.013640225616353478,-0.45494058159604056,-0.6494856715028084,-0.4473239329005927,2.0011102533055998,0.0,-0.0,0.0,0.0,0.0,0.0
7475,-0.08580266429872808,-0.3580768700947794,-3.5526203156526805,-0.6326194724237707,0.5135170716140817,2.0038913881488165,0.0,-0.0,0.0,0.0,0.0,0.0
7476,0.12295052572349542,0.7381051347958114,-1.1288841445808744,-0.8658287931056762,-0.1342697388451225,1.9982898976258272,0.0,-0.0,0.0,0.0,0.0,0.0
7477,-0.9538910273893673,0.18169737414454842,-1.739893176832131,-0.5491797381649038,0.5905629131218247,1.9980959289173497,0.0,-0.0,0.0,0.0,0.0,0.0
7478,0.19428340357964816,-0.6309746539644839,-4.0542908730279095,0.2955295355437385,0.17162900121179753,2.0021952724909364,0.0,-0.0,0.0,0.0,0.0,0.0
7479,0.03943948616597056,0.26739357362588323,-1.3187999236844652,0.1443274217238602,-0.2611017977556583,2.00087112777089,0.0,-0.0,0.0,0.0,0.0,0.0
7480,0.17920003078260718,0.005987817513069094,-1.5765346473683877,0.7291388372771045,0.6707473409578791,2.0033997940436246,0.0,-0.0,0.0,0.0,0.0,0.0
7481,0.5388264818428632,0.5128913008055087,-4.076392096449393,0.21544528955712466,-0.9012063219748624,1.9998998451160395,0.0,-0.0,0.0,0.0,0.0,0.0
7482,0.27218077394003887,0.6362776508224856,-0.8040195337675083,0.10292914982696623,0.9539497224224354,2.001036444444152,0.0,-0.0,0.0,0.0,0.0,0.0
7483,-0.0383924860719084,0.37433374850312673,-1.2719553227360791,0.11150843081933805,-0.6072764778997018,2.002189158852778,0.0,-0.0,0.0,0.0,0.0,0.0
7484,-0.60182433054292,0.5523531441146267,-0.08079777025452199,-0.08412398594487416,-0.05990848992958933,2.0027096480887208,0.0,-0.0,0.0,0.0,0.0,0.0
7485,0.8385279675647358,-0.12522486925381449,-4.216714655184025,0.036608800968482805,0.2597457789167036,1.998198895977027,0.0,-0.0,0.0,0.0,0.0,0.0
7486,0.3515947063202293,-0.7586267746067525,-1.3143366315278195,-0.5709426719816586,0.5041691186072401,1.9986655317602513,0.0,-0.0,0.0,0.0,0.0,0.0
7487,0.7674505947315322,0.5356755450085349,-2.2042114856908173,0.8322344470718953,-0.459206680513653,2.003236974031522,0.0,-0.0,0.0,0.0,0.0,0.0
7488,0.8924475970662334,0.13656020252808057,-0.4525639675837744,-0.43552414063356176,-0.8420459058360787,1.9966496316061257,0.0,-0.0,0.0,0.0,0.0,0.0
7489,0.9423427538696215,0.3205960688335229,-2.1712702282340475,-0.1133464430554223,0.5211031922340134,2.0030464464098707,0.0,-0.0,0.0,0.0,0.0,0.0
7490,-0.0625298337723521,-0.6380501516212133,-3.911429998342485,-0.6861020576730962,-0.25839021266834095,1.9997700236704832,0.0,-0.0,0.0,0.0,0.0,0.0
7491,0.20735891611131357,-0.9716145447864799,-2.067939024885579,0.8962508176281195,0.1334185465937575,1.9974643453416177,0.0,-0.0,0.0,0.0,0.0,0.0
7492,0.7061649314608998,-0.5535512834554285,-3.4408256682337277,-0.7327661968051036,0.1680600497157431,2.0001774943683857,0.0,-0.0,0.0,0.0,0.0,0.0
7493,0.4220589404938626,0.45298479639193184,0.012292309495384124,-0.8828890482806261,-0.17342423999687054,1.998492051778926,4.320112206724684e-15,-9.962863026998465e-15,-0.0,9.892621360631004e-05,0.00022848317260933327,-0.0006459074206639734
7494,-0.47510226703542213,-0.2783265725644299,-0.6030324562470178,-0.411703512194607,0.3977099545733775,1.9991610626924137,0.0,-0.0,0.0,0.0,0.0,0.0
7495,0.775300679879745,-0.041777643502754945,-1.629675951848046,0.07242926996263513,0.9059467425213338,2.002858575901212,0.0,-0.0,0.0,0.0,0.0,0.0
7496,-0.17080839572160517,0.916799842673303,-4.103066962271425,0.4228843462625222,0.7159284821993825,2.0009447732998655,0.0,-0.0,0.0,0.0,0.0,0.0
7497,0.6819296573355641,0.4555309672079617,-3.7461617957400017,-0.294683819228696,0.1663069989577787,2.0021168895863513,0.0,-0.0,0.0,0.0,0.0,0.0
7498,0.688619688709405,-0.5080566937938523,-3.109589428921705,-0.01858173169648084,0.24400688654756808,2.001837331194663,0.0,-0.0,0.0,0.0,0.0,0.0
7499,0.539945479000725,-0.5910958744005161,-0.07355149690262851,-0.3306145837315728,0.8579482474155303,2.0012224531057323,0.0,-0.0,0.0,0.0,0.0,0.0
7500,0.13056379815062705,-0.6159386206200651,-3.670031881493433,0.47689561307806894,-0.5697158069646521,1.9974653552245827,0.0,-0.0,0.0,0.0,0.0,0.0
7501,-0.7219474493431157,0.5173173322968962,0.062104237875743935,-0.6440682855377928,0.24423697898225846,2.001630699182699,-1.7300438205529214e-14,-2.0362206100358252e-14,-0.0,-0.0003973270818955984,0.0004683847641262033,-0.000460028386095553
7502,-0.47792651771510475,0.13201987251446728,-3.482103330746046,-0.0597539447762805,-0.4843710654347949,1.9991051569333858,0.0,-0.0,0.0,0.0,0.0,0.0
7503,-0.4649275233017679,-0.17782922516919936,-4.456877161919829,0.4166478081924013,-0.41242134049713697,1.9986528663586474,0.0,-0.0,0.0,0.0,0.0,0.0
7504,0.3488010918698717,0.23005745042071357,-4.049552837525776,-0.6051802018803587,0.6616000536036637,1.9989977282320766,0.0,-0.0,0.0,0.0,0.0,0.0
7505,-0.6910638819807688,0.69512645614426,-1.001005603249394,0.05129213642972848,0.4076839607329396,1.996387874755465,0.0,-0.0,0.0,0.0,0.0,0.0
7506,-0.017617912125106612,0.6020858337950941,-1.6787193637432496,0.3635099263916843,0.34904922167950336,2.0026889903125467,0.0,-0.0,0.0,0.0,0.0,0.0
7507,-0.9216784449913746,-0.31313425850302834,-0.40643287366938374,0.43579580589306366,0.5305604906907821,1.9980210676361139,0.0,-0.0,0.0,0.0,0.0,0.0
7508,0.3463572492285054,-0.5139931060568956,-1.5753299129297833,0.05360736859109687,0.48311494479913897,2.0014151275572116,0.0,-0.0,0.0,0.0,0.0,0.0
7509,0.8018367833177305,0.5208307533904962,-2.3944711144281206,-0.2620853704277431,-0.7139748086116785,2.001632941317306,0.0,-0.0,0.0,0.0,0.0,0.0
7510,-0.5486243925685199,-0.48520633841142946,-0.903486959316737,-0.017687036478791923,0.6294695788647339,2.001203709166419,0.0,-0.0,0.0,0.0,0.0,0.0
7511,0.0488956977775124,0.8283369553284561,-1.4621685345239288,0.33082806728433617,0.6704902764608089,1.9989735763970091,0.0,-0.0,0.0,0.0,0.0,0.0
7512,-0.5271319547246031,0.8321421239002809,-1.2097937106904015,0.37589691576587264,-0.19416487713379207,2.0002129372355175,0.0,-0.0,0.0,0.0,0.0,0.0
7513,-0.02260387221611295,-0.9747546154769944,0.30049684651404635,-0.24349690953669387,0.07493634716434529,1.99818141732982,-6.246003578661333e-15,2.476904373166797e-14,-4.05366e-319,-0.00014319987953332402,-0.0005690760356493581,6.56853846284933e-05
7514,-0.3287307075980057,-0.33251261633656587,-2.6821275198177017,0.5505615880633167,0.2240712152380853,1.9986942526726796,0.0,-0.0,0.0,0.0,0.0,0.0
7515,0.8330201578281452,-0.3024101677605124,-1.14572354036666,-0.01750409173017566,0.9026869817300701,1.9972284985622115,0.0,-0.0,0.0,0.0,0.0,0.0
7516,0.06685875790599033,-0.42298760300236393,-3.457274067830889,-0.40875799785175737,0.8489418905394547,1.9988576186461802,0.0,-0.0,0.0,0.0,0.0,0.0
7517,0.6425267417563203,0.6729976031510485,-1.4994866356085081,0.6320389029852308,-0.7307975944231166,1.9996385752651862,0.0,-0.0,0.0,0.0,0.0,0.0
7518,0.3965631669936631,0.483297344375906,-1.9002406180749427,-0.01996372554711527,0.5668327207467622,2.0018984155872435,0.0,-0.0,0.0,0.0,0.0,0.0
7519,-0.21911302821480916,-0.25805774520760655,-0.5756593151351632,-0.15744928120173501,0.6787798453656848,2.002030551361785,0.0,-0.0,0.0,0.0,0.0,0.0
7520,0.39241467258824303,-0.725292816250681,-3.3158187415274396,-0.1547684576244513,-0.8339787429203834,1.9974689223642446,0.0,-0.0,0.0,0.0,0.0,0.0
7521,-0.3130713653250355,0.18699411591715734,-0.20328325342772874,-0.5908401586037746,0.3470855285876867,2.00185538153514,0.0,-0.0,0.0,0.0,0.0,0.0
7522,-0.16143627992089163,-0.8903652655566866,-1.6155571406295923,0.060595988723168896,-0.7869151175954318,2.0036610520845577,0.0,-0.0,0.0,0.0,0.0,0.0
7523,-0.26917387827820916,0.47210776563500617,-2.094152173170954,-0.5183787280491912,-0.33933856991430594,2.0014456020247624,0.0,-0.0,0.0,0.0,0.0,0.0
7524,0.12578572051700365,-0.6444869373920588,-2.2877214167418956,0.3953854666925908,-0.2235504008145208,1.9979412980396045,0.0,-0.0,0.0,0.0,0.0,0.0
7525,-0.4726298171066839,0.1106854493776321,-0.9481711184443586,0.11885468813515121,0.26256005338405053,1.9989511073537038,0.0,-0.0,0.0,0.0,0.0,0.0
7526,0.13994999500344435,0.6601907871455156,-4.2068323858520635,-0.05031128051548684,-0.750686077550098,2.0019601982301616,0.0,-0.0,0.0,0.0,0.0,0.0
7527,0.4480065484972154,-0.6132082427565523,-2.2765991768844276,-0.7325944032587399,-0.5538944038783553,1.9999579207665752,0.0,-0.0,0.0,0.0,0.0,0.0
7528,0.2606912738638062,0.6675402668133245,-0.42903560755637454,-0.40986597897394633,-0.8961833426116964,1.9987887127493864,0.0,-0.0,0.0,0.0,0.0,0.0
7529,0.36299485497301087,-0.2637486944207575,-4.406193229821466,-0.12481489166198824,0.22130747212325128,1.9979167738492396,0.0,-0.0,0.0,0.0,0.0,0.0
7530,-0.3178424781610901,0.06878887170944818,-2.344633029789516,0.8406629869955123,-0.2895608890385946,2.0014297297344705,0.0,-0.0,0.0,0.0,0.0,0.0
7531,0.6997742376133479,-0.24162306553309087,-1.9272381865072314,-0.40084985065426487,0.183151380553413,1.9997898528677283,0.0,-0.0,0.0,0.0,0.0,0.0
7532,0.17063527541882043,0.6164805554634002,-2.4673471115131154,0.5492414497610407,-0.7010176910692564,1.997016733861143,0.0,-0.0,0.0,0.0,0.0,0.0
7533,0.6033025442481629,0.1302655981840734,-2.4074747352337362,0.21851163109534927,0.16289567191766416,2.000080120923914,0.0,-0.0,0.0,0.0,0.0,0.0
7534,-0.5407448619773184,-0.5326678054646695,-0.9982546035295463,0.5326246393365113,-0.5045375685966385,2.0004371371480127,0.0,-0.0,0.0,0.0,0.0,0.0
7535,-0.8970711266573349,0.3725332673776817,-4.106023353351605,0.1441742875213242,0.041148219138187794,2.0020039985936102,0.0,-0.0,0.0,0.0,0.0,0.0
7536,0.6829885983900084,-0.3392856886154392,-3.31872774028784,-0.42137117219836795,-0.8600379281894976,2.0001330497354077,0.0,-0.0,0.0,0.0,0.0,0.0
7537,-0.4118904576006539,0.6096034577879774,-0.7726700851095069,0.07981931225245206,-0.5226085715248298,2.0013851790392803,0.0,-0.0,0.0,0.0,0.0,0.0
7538,0.35682506193242236,-0.7613432492283037,0.05276348333555251,-0.2531866972714365,-0.6250827520557619,1.9982701125575881,5.6302112874238305e-15,1.2521452630249452e-14,-0.0,0.00013109215136382807,-0.00028728387566119947,-0.0003743287721104181
7539,-0.4579959315639191,0.2423190986086224,-3.9266242474243165,-0.3274205219018909,0.9109820608057279,1.9987315378170374,0.0,-0.0,0.0,0.0,0.0,0.0
7540,-0.5742026767262695,0.4057154283684298,-3.720009758899873,-0.7745181494711328,0.09906639125734554,1.9984460533053703,0.0,-0.0,0.0,0.0,0.0,0.0
7541,-0.4692404296411646,-0.579540151824444,-3.20416816482552,-0.47671796366654734,-0.19556515726562645,2.0019679841563085,0.0,-0.0,0.0,0.0,0.0,0.0
7542,0.7382703031798179,0.17247296664929856,-2.6588529358519715,0.564340575167095,-0.2144667278201247,1.9982144042116152,0.0,-0.0,0.0,0.0,0.0,0.0
7543,0.5980657639174446,0.5653625986883124,-2.0044000009487624,-0.568244773814985,0.33860994393106636,1.999987972375702,0.0,-0.0,0.0,0.0,0.0,0.0
7544,0.5774946738834921,0.4970322261029587,-3.4645694271954097,0.7988392427776166,-0.2427588439970823,2.000034541619955,0.0,-0.0,0.0,0.0,0.0,0.0
7545,-0.8749046018582533,-0.31756598731894553,-2.1424930318456936,0.8611533962087761,-0.2637266955311445,1.9977718905597057,0.0,-0.0,0.0,0.0,0.0,0.0
7546,0.04835492380240886,-0.8955354733960299,-1.26296758485375,0.7728625998574206,0.08583819479841896,1.9991784053188373,0.0,-0.0,0.0,0.0,0.0,0.0
7547,-0.09351896651869197,0.48249655601020386,-0.09139414723567836,-0.8427366289035033,0.33621697521293914,2.001234249021512,0.0,-0.0,0.0,0.0,0.0,0.0
7548,0.06330733429977105,0.3778283700264897,-1.639515365217394,-0.693262319171628,-0.608413303684633,2.0023709104456855,0.0,-0.0,0.0,0.0,0.0,0.0
7549,0.234293839971749,0.5154629053077459,-3.193326796471389,-0.48955967030556596,0.7328856479322536,1.9996365727794783,0.0,-0.0,0.0,0.0,0.0,0.0
7550,0.10701431505231424,-0.6502353889426306,-0.2976249098213585,-0.25604040274551854,0.19494901655914149,1.9993637070931465,0.0,-0.0,0.0,0.0,0.0,0.0
7551,0.8632030230891463,0.44854976197906876,-4.236071980815425,-0.3514094248433332,-0.11829026112115733,1.9980268161580763,0.0,-0.0,0.0,0.0,0.0,0.0
7552,0.09654688200237586,0.11203405200547556,-4.290380550524658,0.4045272574661818,-0.24267575424526344,1.997595667979798,0.0,-0.0,0.0,0.0,0.0,0.0
7553,0.5547902847082239,0.6088118917704984,-4.1257695372827285,-0.19812950639425084,-0.9249344277331262,1.999503805172793,0.0,-0.0,0.0,0.0,0.0,0.0
7554,-0.7392684771911371,0.13969963180016765,-0.49237170202389813,-0.5976646092515394,-0.22186697245527884,2.0018516344072,0.0,-0.0,0.0,0.0,0.0,0.0
7555,-0.17642107314474456,-0.7876229581975172,-3.27257808346639,-0.6420578930299093,0.24075998370325177,1.9998092776956429,0.0,-0.0,0.0,0.0,0.0,0.0
7556,-0.3129866486391986,0.18903153185185292,-0.4556165639606712,0.23164610232369046,0.23999468384795444,1.9985540540810467,0.0,-0.0,0.0,0.0,0.0,0.0
7557,-0.17743103079752331,-0.568296173793288,-3.665823605116647,-0.8724546423998963,-0.4453659561931607,1.9982826252149057,0.0,-0.0,0.0,0.0,0.0,0.0
7558,-0.06083603569309462,-0.44854414677752363,-1.6379341493627873,0.45239905262437835,0.5990683116265064,1.9987614548432933,0.0,-0.0,0.0,0.0,0.0,0.0
7559,0.620680244876385,-0.17412551636491863,-3.911026568612411,0.20487497089956844,-0.26008006402871464,2.001853355171586,0.0,-0.0,0.0,0.0,0.0,0.0
7560,-0.6073809296456879,-0.5624159806570063,-1.93139832184533,-0.03046055967684285,0.8536785428068858,1.9984248957689033,0.0,-0.0,0.0,0.0,0.0,0.0
7561,0.05883169821249488,0.3449833737513391,0.2788490282623995,-0.6168568865017701,-0.7739432056658033,1.9978640054236199,2.2956007416854924e-15,1.179784173907009e-15,-0.0,5.288926251717749e-05,-2.723714658043911e-05,-2.2633082884675216e-05
7562,0.15476092803273456,-0.32619026669353846,-4.269628327985788,-0.25453801290139444,-0.21944972824121647,1.9967918656312258,0.0,-0.0,0.0,0.0,0.0,0.0
7563,-0.7020178853770926,-0.5889578371478672,-1.6287803208869573,0.05227913272759793,0.06202591624349453,2.001139144567099,0.0,-0.0,0.0,0.0,0.0,0.0
7564,-0.406198282962782,0.17085431154914446,-3.4446093828139874,-0.04488376417436721,-0.24365632616458766,1.9983543231302328,0.0,-0.0,0.0,0.0,0.0,0.0
7565,0.51998821207579,0.060439853349140066,-0.562544088984393,0.6326575577327349,-0.5638358952847032,2.0018979606945955,0.0,-0.0,0.0,0.0,0.0,0.0
7566,-0.803867581637959,-0.23107917754553206,-0.9652663733125549,-0.2800871477823454,0.9315143468729605,2.0029696176924676,0.0,-0.0,0.0,0.0,0.0,0.0
7567,-0.5934205611111513,0.7421441299131735,-1.0098130933643075,0.16129298947385418,-0.8853259881243917,2.0009519570368126,0.0,-0.0,0.0,0.0,0.0,0.0
7568,0.6679580967944031,0.4119438813215439,-3.933140350149053,-0.37984583835605373,-0.4142329849938372,2.0002371959810428,0.0,-0.0,0.0,0.0,0.0,0.0
7569,0.7726837286746996,-0.13114839788555713,-1.0568611159305583,-0.34005894618892163,0.2362694435722341,1.9955480909751049,0.0,-0.0,0.0,0.0,0.0,0.0
7570,-0.8847884499716365,0.0381283628699282,-1.2076246436713798,-0.5372824352677605,0.45340619771567864,2.0003950428957107,0.0,-0.0,0.0,0.0,0.0,0.0
7571,-0.52054159165426,0.26700928362900944,-3.7365539944236503,-0.03461388985379439,-0.044290160520871334,1.997278333450862,0.0,-0.0,0.0,0.0,0.0,0.0
7572,0.3794775848186172,-0.24592361690732217,-2.6578535930792184,-0.5447083659658029,0.46876131706006685,2.00025001571539,0.0,-0.0,0.0,0.0,0.0,0.0
7573,-0.3582000559133324,-0.794581063473625,-4.130311773504165,-0.22073286135850853,0.7731241133589878,1.9987602082083264,0.0,-0.0,0.0,0.0,0.0,0.0
7574,0.03158334935966711,0.5385784757910155,-0.769588113526877,0.42394555695203623,0.686593033408046,1.9955112650082687,0.0,-0.0,0.0,0.0,0.0,0.0
7575,-0.690545507347355,-0.19312191315229446,-4.285240321942999,-0.6302349055838433,-0.6730207551988963,2.002771537521948,0.0,-0.0,0.0,0.0,0.0,0.0
7576,-0.8670129077364342,0.2568267200517295,-0.6235618366973366,0.027220579269843,0.02905721626305616,1.9954123723383321,0.0,-0.0,0.0,0.0,0.0,0.0
7577,-0.08583831777528873,-0.0484012682825208,-1.1207646361996126,-0.33805703913817575,-0.5261415115667526,1.995252408583139,0.0,-0.0,0.0,0.0,0.0,0.0
7578,-0.8360619241883835,-0.03598595494690803,-2.266108018860989,-0.0047665400844484835,0.7344355155801394,2.001873834210893,0.0,-0.0,0.0,0.0,0.0,0.0
7579,0.5514549452574209,0.4984164501967772,-3.925825407311084,0.5431787051753338,0.4006103311967569,1.9990088656959122,0.0,-0.0,0.0,0.0,0.0,0.0
7580,0.030897124455817486,0.14973616371635215,-1.0505824825699148,0.45316122597732494,0.6333662787369062,1.9992662957862353,0.0,-0.0,0.0,0.0,0.0,0.0
7581,-0.5979680040052548,-0.7382486372288692,-3.1138167883212944,0.6668098496786448,-0.18861313264007618,1.9986956892930448,0.0,-0.0,0.0,0.0,0.0,0.0
7582,0.4510077243579308,0.056428341164978656,-4.18313525745662,-0.5554588605240303,0.15400258393511537,2.000655610636593,0.0,-0.0,0.0,0.0,0.0,0.0
7583,0.26693459464443997,0.056803530572879825,-0.13170480207019827,-0.30458506673169394,-0.1773975662477343,1.9997919956185557,0.0,-0.0,0.0,0.0,0.0,0.0
7584,0.0619978787319784,0.514831171448138,-0.10675215831161587,-0.7397301640949154,-0.6102598855367579,1.998235334555841,0.0,-0.0,0.0,0.0,0.0,0.0
7585,0.28476453532412566,0.3207576558237101,-3.156599997793957,0.6297262020158885,0.32090491660026293,2.0022359671478194,0.0,-0.0,0.0,0.0,0.0,0.0
7586,0.2903517872085139,-0.13774260028305355,-0.9310280461623364,-0.1524114440555601,-0.09046825935791926,1.9994787907190632,0.0,-0.0,0.0,0.0,0.0,0.0
7587,-0.07275173674038596,0.26372838205917587,-0.3055002703393457,0.5626414696483172,-0.1806268282392982,2.0009619919252835,0.0,-0.0,0.0,0.0,0.0,0.0
7588,0.7437370449390364,0.11335946214119079,-2.108884919175084,0.44182468308865697,-0.7608856909053295,2.000234666868462,0.0,-0.0,0.0,0.0,0.0,0.0
7589,0.7055870603369883,-0.5582402718930858,-0.24574705262727553,0.2609108301266008,-0.569088798158587,2.0017795339509545,0.0,-0.0,0.0,0.0,0.0,0.0
7590,-0.14620319844941373,-0.45381710424392246,-1.3423415467584545,-0.734191450527482,0.4681831551710418,1.9988614436171006,0.0,-0.0,0.0,0.0,0.0,0.0
7591,-0.03327749650847915,0.8566151106058769,-2.3357215647182445,-0.5665889321640998,0.22593262783351087,1.9989698473322242,0.0,-0.0,0.0,0.0,0.0,0.0
7592,-0.7457212177949738,-0.31164711608411494,-3.54366689253367,0.7941498625603005,0.5349835790692252,1.9981313700078003,0.0,-0.0,0.0,0.0,0.0,0.0
7593,-0.8266665046272947,-0.20785087982113376,-4.3189091904814925,-0.8770703097179707,0.34871025379152826,2.000234369716256,0.0,-0.0,0.0,0.0,0.0,0.0
7594,0.38829502862143306,-0.6750914940859581,-2.4778004025313565,0.05785633473926492,0.5863010347330548,1.9997016945762176,0.0,-0.0,0.0,0.0,0.0,0.0
7595,-0.180180403093061,-0.18902767693552314,-1.621624130966391,0.6683193477252927,-0.1353997171397243,2.002564885862145,0.0,-0.0,0.0,0.0,0.0,0.0
7596,-0.5897381855355253,0.2786920637980956,-3.8549974780861067,0.43619319049537336,-0.862826010682711,2.001152473448935,0.0,-0.0,0.0,0.0,0.0,0.0
7597,-0.4432619348195522,-0.16109237520192626,-2.94133324990853,0.7255076590488667,0.5146189102621579,2.0016786395415878,0.0,-0.0,0.0,0.0,0.0,0.0
7598,-0.0688306518809621,-0.3373620887144196,-3.425225855494094,0.7328843910287077,-0.07452559569319915,2.003068854708537,0.0,-0.0,0.0,0.0,0.0,0.0
7599,0.8413135642088255,-0.5240092193008247,-2.267124722375954,0.5799178793961965,0.022257849994461554,1.99897141155558,0.0,-0.0,0.0,0.0,0.0,0.0
7600,0.23188026614792143,0.9579704593059066,-1.2395203947552242,-0.41905377534822125,0.8731739911610943,1.999883021272337,0.0,-0.0,0.0,0.0,0.0,0.0
7601,0.2283695726705958,0.1365418190158838,-1.0074057879314942,-0.6258166329764151,-0.16229161452282587,2.0033343681566427,0.0,-0.0,0.0,0.0,0.0,0.0
7602,0.6854939830719766,0.465256089723074,-3.117388517163992,-0.43370074646886625,0.20140781403421584,1.9982619607658707,0.0,-0.0,0.0,0.0,0.0,0.0
7603,-0.8891514533260615,-0.1452967321839816,-3.229081857408519,-0.7322802650542495,-0.5984406603547879,1.999729462049373,0.0,-0.0,0.0,0.0,0.0,0.0
7604,-0.01298067851181517,-0.151215033485719,-1.304221071171954,0.05563542160175371,-0.4739876973435463,1.9993746429963888,0.0,-0.0,0.0,0.0,0.0,0.0
7605,-0.24962621385323405,-0.8853906059138635,-1.6996764204716828,0.04123925675052175,-0.132536660891395,2.0029269735098385,0.0,-0.0,0.0,0.0,0.0,0.0
7606,-0.8290961254087964,-0.1098851315178633,-3.7770505119394593,-0.2839338800506306,-0.007027515548700028,2.003365825584784,0.0,-0.0,0.0,0.0,0.0,0.0
7607,-0.5296771943964923,-0.5426896112951712,-2.5640126925826645,0.6881654326250979,-0.5979386187315835,2.0010745632988316,0.0,-0.0,0.0,0.0,0.0,0.0
7608,0.08792566273844644,-0.02487403047213091,-1.9355682915142989,0.20546388663060505,-0.897136786236284,2.0012616574460083,0.0,-0.0,0.0,0.0,0.0,0.0
7609,0.37502736535527065,0.2438092285395885,-1.3884784147746556,-0.5007246553230653,-0.6850848978272689,2.000368142147539,0.0,-0.0,0.0,0.0,0.0,0.0
7610,-0.2384505128521182,-0.3745627404105738,-2.435604252356608,0.5025765662312239,0.7690855106391181,2.0013984602074846,0.0,-0.0,0.0,0.0,0.0,0.0
7611,0.1572209644821045,0.10285533347415922,-2.390264121789574,0.08573623603612213,0.9420843640090348,1.9987849813995708,0.0,-0.0,0.0,0.0,0.0,0.0
7612,-0.4723648980308724,0.057808372136557956,-0.7080284571735871,0.1520099714502099,0.6646327489317174,2.00221578069661,0.0,-0.0,0.0,0.0,0.0,0.0
7613,-0.26416629103174727,0.42198825251699057,-0.4201128397698585,-0.4110052549695853,-0.24733086826006384,2.001804905839876,0.0,-0.0,0.0,0.0,0.0,0.0
7614,-0.11270015543607027,0.4501785986139056,0.14721905413119737,-0.17901885792460592,-0.8545414974754357,1.9987822721147186,1.6255476709807501e-15,-1.202284680456246e-14,-0.0,3.732435916088029e-05,0.00027590420865751867,-0.00035347997853111635
7615,0.406668520831667,-0.7597423149844825,-3.2460121782624545,-0.23644881789858677,0.2957570101265341,1.9966109860979493,0.0,-0.0,0.0,0.0,0.0,0.0
7616,0.010829893753648118,-0.8858308366134349,-0.09750260369153421,-0.565911142745116,0.7397381710572598,1.9975203733406357,0.0,-0.0,0.0,0.0,0.0,0.0
7617,0.6594053627130386,-0.4234737906359537,-1.5838764331993958,0.21529250581080706,-0.7290302955189678,1.9967417869140638,0.0,-0.0,0.0,0.0,0.0,0.0
7618,-0.09267419768034936,-0.6219518225699887,-0.3225397908103288,0.22651398348644253,-0.8566119047551294,1.993972767200599,0.0,-0.0,0.0,0.0,0.0,0.0
7619,0.04763460628875542,-0.4444760763502086,-1.8164589498093333,0.373417252606809,-0.6711948185758025,2.0010496489842255,0.0,-0.0,0.0,0.0,0.0,0.0
7620,0.09618721738108983,-0.8621173510093607,-3.5923502195807084,0.633072519151903,0.6503600071123674,2.0055060221645133,0.0,-0.0,0.0,0.0,0.0,0.0
7621,-0.2145689010058829,-0.10149545795605226,-1.0340553997121678,0.4982781991742711,-0.5837783764528801,2.0000423873526776,0.0,-0.0,0.0,0.0,0.0,0.0
7622,-0.9433941584228545,-0.2752797450626554,-3.1809035902290828,-0.9243255929005487,0.06462339013744932,1.998203011626456,0.0,-0.0,0.0,0.0,0.0,0.0
7623,0.2796412915254961,-0.22520766534889033,-4.4267329558104755,-0.31105932735051117,0.09493031493385798,1.9977654040725938,0.0,-0.0,0.0,0.0,0.0,0.0
7624,-0.12793546170700018,0.32432309873690246,-1.9772685753709327,0.18896013416452243,-0.060434963413490854,2.000193048317886,0.0,-0.0,0.0,0.0,0.0,0.0
7625,-0.3475827973416674,-0.9255827108349246,-1.259937428337664,-0.08106359500301835,0.2508550701982588,2.0013644026944424,0.0,-0.0,0.0,0.0,0.0,0.0
7626,0.7468702385161202,0.4269440473456835,-4.2812753077246075,0.3445583282847394,0.5085389001960482,2.0007498326143476,0.0,-0.0,0.0,0.0,0.0,0.0
7627,0.2732965493225005,0.626029520643234,-2.383987856914136,0.5235768561627896,0.7602435500670955,1.9997157940835313,0.0,-0.0,0.0,0.0,0.0,0.0
7628,-0.39311903014442257,0.6884746991341202,-0.6670508825346103,-0.7466309367837309,0.4906146383385641,1.994745508572336,0.0,-0.0,0.0,0.0,0.0,0.0
7629,-0.6661500605453482,-0.7244742703364766,-3.4652082175127514,-0.6911167916135075,0.07276765963316706,2.003055023465024,0.0,-0.0,0.0,0.0,0.0,0.0
7630,0.8343601131076052,-0.5043589846010725,-1.3904775740296023,0.054620368200723884,-0.16890373435554226,1.9995502028516463,0.0,-0.0,0.0,0.0,0.0,0.0
7631,-0.019640168216367597,0.6644940980349626,-0.40353742929654196,0.20990876602565273,0.296941261340094,2.000457151595418,0.0,-0.0,0.0,0.0,0.0,0.0
7632,0.7370143450136999,-0.008793403045621364,0.3933462006489464,0.6947924119476571,-0.30499706824197936,2.001570730856461,1.4039009987454566e-14,-2.780511464934691e-16,3.182815742920434e-266,0.0003219126237918655,5.47319344622519e-06,0.00028723362850526304
7633,0.08021178543030683,0.460354857849276,-3.0984651914868695,-0.7259587172724626,-0.04112232431783391,2.00103782065174,0.0,-0.0,0.0,0.0,0.0,0.0
7634,-0.059840919270977275,-0.1059500939019856,0.4498357918570948,-0.02750886417187035,0.08232567603980173,2.002322884642569,4.715912241412706e-15,-4.068834114360957e-15,1.2889482487258816e-235,0.00010849635702826992,9.208225023337737e-05,0.0005388625898094773
7635,-0.44310012067545995,0.01002604873241696,-1.1365995321159632,0.652943337409174,-0.1610188867032275,1.9958183572703778,0.0,-0.0,0.0,0.0,0.0,0.0
7636,0.3566639698859557,-0.6469336292680157,-1.3507086516627167,-0.7498291158084442,0.37595694494270304,2.001729619378688,0.0,-0.0,0.0,0.0,0.0,0.0
7637,0.8383585442660423,0.29353018984152696,-2.4603056337457114,0.4955731424854444,-0.22226032592540046,2.0017341616503592,0.0,-0.0,0.0,0.0,0.0,0.0
7638,0.6372271035638039,-0.35037938341739283,-0.3911788542278285,0.9491429174698313,0.08275700867914278,2.0022142058422725,0.0,-0.0,0.0,0.0,0.0,0.0
7639,-0.6927703366608016,-0.26976921723511355,-4.328885685344786,0.7874499590598875,0.04712253800042986,2.0004621029085223,0.0,-0.0,0.0,0.0,0.0,0.0
7640,-0.12899132403790436,0.9284363847525405,-1.6556096460635887,-0.4996524525946049,-0.4512841873622237,1.9978298283054965,0.0,-0.0,0.0,0.0,0.0,0.0
7641,-0.2204663407093941,0.7278278069863996,-2.1998168846960326,-0.6596481609542086,0.1773478635373548,1.9988891156255453,0.0,-0.0,0.0,0.0,0.0,0.0
7642,-0.8271869994237588,0.3560403542464691,-0.2829350496730335,-0.9781613156368822,-0.0769927080494487,1.999031042665771,0.0,-0.0,0.0,0.0,0.0,0.0
7643,0.00637348891768727,0.6667390898275545,-1.635535233771793,0.7076403172277673,0.5473351057683965,1.999363684321968,0.0,-0.0,0.0,0.0,0.0,0.0
7644,0.17640279550580226,-0.9753299813647042,-2.181720808014679,0.24900692207314273,-0.14409686654842205,1.9995373158120209,0.0,-0.0,0.0,0.0,0.0,0.0
7645,-0.1721641773016462,0.0076806156386922085,-4.339811809730253,-0.43531816795682216,-0.44815756660803013,1.9965327234789634,0.0,-0.0,0.0,0.0,0.0,0.0
7646,0.3060316696220908,0.7364946134089068,-0.6790269557939889,0.050440160498206286,0.9813416585446373,1.9989101832091205,0.0,-0.0,0.0,0.0,0.0,0.0
7647,0.4432029060138949,0.09792241892335547,-1.5402103613143914,0.39551511464980704,-0.3242381174323801,1.9985650264816228,0.0,-0.0,0.0,0.0,0.0,0.0
7648,-0.5509743767185675,0.5755426912221105,-2.4659934666973737,-0.49911548981697357,-0.637086853951599,2.0006998361719472,0.0,-0.0,0.0,0.0,0.0,0.0
7649,-0.19438709265812967,0.5095970919566932,-0.20314774933083846,-0.18716104688350194,0.7045040997944387,1.9992583351978623,0.0,-0.0,0.0,0.0,0.0,0.0
7650,0.7304640998921778,0.028414491637557777,-0.7457517576039391,0.37666726211693125,-0.06431721091235047,1.9992435293608206,0.0,-0.0,0.0,0.0,0.0,0.0
7651,0.7113711302413877,0.15763647840125608,-1.0145190565545419,0.44533194006146604,-0.5046270409267098,1.9993333535155944,0.0,-0.0,0.0,0.0,0.0,0.0
7652,-0.9179757123769923,0.1996424241596172,0.14776803804556551,0.09858216504219772,-0.580069180055824,2.0047294212104805,-2.4261389949127157e-14,-4.116383455480649e-15,-0.0,-0.0005559402713461491,9.387890310554107e-05,-6.118284954590927e-05
7653,0.14635759619277222,-0.04140430851017923,-3.082773638958928,0.4777970865538543,-0.44597784182700556,2.000049826007057,0.0,-0.0,0.0,0.0,0.0,0.0
7654,-0.7390631633458333,-0.5661939109463023,-2.6306245433348967,0.7121809196456096,0.5449246778747325,2.0027148442730476,0.0,-0.0,0.0,0.0,0.0,0.0
7655,0.551666631571085,-0.18780514658747988,0.05307405465069251,0.8210839627444738,0.16353137096435477,1.9994354937248147,1.0681684323428812e-14,-1.6979240447530099e-15,-0.0,0.0002487010985187108,3.2981650786480194e-05,-0.0003915970023457037
7656,-0.8158911089519204,-0.1157770846505484,-2.8888261493038625,-0.7238136014531622,0.468127314553036,2.0006844205119294,0.0,-0.0,0.0,0.0,0.0,0.0
7657,0.268301389286483,0.39025594592697804,-1.218336732826134,0.1136041974002834,-0.7232610153471661,2.002482988756821,0.0,-0.0,0.0,0.0,0.0,0.0
7658,0.8093535372878657,0.050355665129535265,-0.8944683195804451,-0.3608353138902468,-0.45710501603568693,2.0022615896767895,0.0,-0.0,0.0,0.0,0.0,0.0
7659,0.9182115313541365,-0.1451788758554621,-4.050008182789445,-0.4681069261077486,0.28398019152890214,2.001032298038783,0.0,-0.0,0.0,0.0,0.0,0.0
7660,0.6513641402265664,0.42495339005367483,-0.363260665644008,-0.3367842638317111,0.1304631654131799,2.000829352606978,0.0,-0.0,0.0,0.0,0.0,0.0
7661,-0.2556136855686185,-0.8104720179897636,-3.7988017598443826,-0.3356733499554447,-0.5845487886380695,1.9968842147404573,0.0,-0.0,0.0,0.0,0.0,0.0
7662,0.42949612990324937,-0.8673203809190257,-0.14582899741679384,-0.12079999054150621,-0.38518092485370337,1.9965859092724305,0.0,-0.0,0.0,0.0,0.0,0.0
7663,-0.02553097419479017,0.7504593630765665,-3.634146393114523,-0.5995577342353144,0.663811957550874,1.9984780267721745,0.0,-0.0,0.0,0.0,0.0,0.0
7664,0.43525468949228563,-0.8396892911114586,-1.3289048978335887,-0.102190568858056,-0.15756095291147762,2.0011640768448062,0.0,-0.0,0.0,0.0,0.0,0.0
7665,0.5153928554192768,-0.3743378731548486,-2.146839717165092,0.21452801976225402,0.06962823714551335,2.0017793948610336,0.0,-0.0,0.0,0.0,0.0,0.0
7666,-0.6357934172874318,0.43977228145726227,-4.173372500255393,-0.717166172438243,-0.408639142971722,2.000754496468816,0.0,-0.0,0.0,0.0,0.0,0.0
7667,0.08973792274974855,0.053365407559514355,-3.440688950870681,-0.6142306746424483,0.7708874836610673,2.0012849334734435,0.0,-0.0,0.0,0.0,0.0,0.0
7668,-0.7296063152206591,0.2686571373259727,-2.3177889307819504,0.9620941586189916,-0.22418762141537202,2.001044052701198,0.0,-0.0,0.0,0.0,0.0,0.0
7669,-0.9098130170655602,0.40045240212045696,0.2478601383563728,-0.3547598173288332,0.6521268462036671,1.9984916022920252,-3.8363259607870055e-14,-1.2657382708052745e-14,0.0,-0.0008831359634718263,0.00029159279979491256,4.591208157979981e-05
7670,-0.06589309381815212,0.6452303369360092,-0.8006040948990703,0.05815563443444256,0.43313264839516835,1.999597741953332,0.0,-0.0,0.0,0.0,0.0,0.0
7671,-0.5832588880426021,-0.6411899562879346,-3.8532622222627455,-0.17922943327403845,0.8495040472860801,2.0007214152325097,0.0,-0.0,0.0,0.0,0.0,0.0
7672,0.47164962110842146,0.041725242132627904,-4.233259865573793,0.48671807787618776,0.5435513848663677,2.0007571831124626,0.0,-0.0,0.0,0.0,0.0,0.0
7673,-0.8696980248947218,-0.345838884666339,-3.9716066195203816,0.3340484715640787,0.5346114148976339,2.0000606867621618,0.0,-0.0,0.0,0.0,0.0,0.0
7674,0.4845748042155302,-0.6995531347373682,-0.6628834437566483,0.1725785320300875,0.19531167992242868,1.9992957804219893,0.0,-0.0,0.0,0.0,0.0,0.0
7675,-0.10897276527022101,-0.9869195456700409,-2.281559770033212,0.1720437234131633,-0.7319673436244347,2.0015125786164787,0.0,-0.0,0.0,0.0,0.0,0.0
7676,0.07965304164558006,0.671738028097873,-4.471051362662451,0.7722248141765016,-0.04364855793014073,1.9975625502615793,0.0,-0.0,0.0,0.0,0.0,0.0
7677,-0.3542586576468629,0.06936779523320771,-1.6526956195227074,-0.4951103030767355,0.4920471450363469,2.00048533917629,0.0,-0.0,0.0,0.0,0.0,0.0
7678,0.41920523323089454,0.08362037796745078,-1.9190340303676443,-0.31749230395792644,-0.01256558732938189,1.9983700877960489,0.0,-0.0,0.0,0.0,0.0,0.0
7679,-0.16222628421524168,0.22355818293343233,-0.016720433897976252,0.5459633333539862,-0.025391151682689198,1.998681477751516,0.0,-0.0,0.0,0.0,0.0,0.0
7680,-0.4894525355188636,-0.036440833596036316,-2.3019478212766766,0.7275442397733921,-0.15062448010561805,1.9970453795793182,0.0,-0.0,0.0,0.0,0.0,0.0
7681,-0.8867086223029589,0.4043772159080501,-2.6587392898956987,0.8621777372763001,0.3735306431987407,2.0009950052909655,0.0,-0.0,0.0,0.0,0.0,0.0
7682,0.24777818740226912,-0.16005262220192001,-0.868175778225823,0.8164450839414805,0.20069358772906193,1.999459497682536,0.0,-0.0,0.0,0.0,0.0,0.0
7683,-0.12122532528933994,-0.20534948868175718,-1.5935041518057411,0.7098954692872805,-0.4609614650747066,1.9969686993027025,0.0,-0.0,0.0,0.0,0.0,0.0
7684,0.6764525413407226,-0.5120847733002675,-4.071249088328832,0.011181265210384695,0.7962392879654699,2.000848817597991,0.0,-0.0,0.0,0.0,0.0,0.0
7685,-0.4737744865415969,0.9126692030907883,0.376042920394736,-0.90232787797065,-0.011017387494421152,2.0002155409106606,-1.2025052026427717e-14,-2.1364257162528542e-14,-4.0049578593537566e-276,-0.00027724093958650164,0.000491348589231407,0.00014895987560341144
7686,-0.3093123909395137,-0.49603068151394436,-3.6270698287954435,-0.32272591507919995,-0.3831198522307428,2.0031129392938354,0.0,-0.0,0.0,0.0,0.0,0.0
7687,0.3730900355412186,-0.3244994798252431,0.24146005425719694,0.6013438402563198,0.5680955525444065,1.9986748219624508,8.729985130420904e-15,7.607908045399055e-15,-0.0,0.00020385937673288266,-0.0001760877697160511,-6.551664489894475e-05
7688,-0.4468683796593757,-0.6688046573143285,-2.777097766861352,0.17519646340144476,-0.09432931769239357,1.9994296335787547,0.0,-0.0,0.0,0.0,0.0,0.0
7689,0.1722952952613899,0.5764386502554163,-3.272511207436249,-0.6791164565117599,0.18027977730056874,2.000926787342481,0.0,-0.0,0.0,0.0,0.0,0.0
7690,0.40072062830234234,-0.08038956502503654,-1.9191036637184644,-0.10409374437977773,-0.678340383904585,2.0001064631931538,0.0,-0.0,0.0,0.0,0.0,0.0
7691,0.6592380383250712,0.6098139722378144,-1.78173320440571,-0.31794597307178735,0.34210222139099555,1.997804128213723,0.0,-0.0,0.0,0.0,0.0,0.0
7692,-0.945665314367653,0.313638615013378,-0.7746294074497723,-0.46730517614157385,0.33984469823137975,2.001393879650438,0.0,-0.0,0.0,0.0,0.0,0.0
7693,0.562239942503797,-0.2218009455479999,-1.7301653683395437,-0.30104633006715337,-0.13294199194298512,2.0021771159069996,0.0,-0.0,0.0,0.0,0.0,0.0
7694,-0.8371066787630603,0.47955875619648786,-0.43112387371345945,-0.7262619712838255,-0.6076108383350199,1.9996939991377103,0.0,-0.0,0.0,0.0,0.0,0.0
7695,0.01439152656347382,-0.6494789204514689,0.21633304978410958,-0.5274620969978556,-0.005575220927882104,2.0021332406697017,4.455626338643705e-15,1.3514727831080013e-15,0.0,0.00010456961810063157,-2.9713386188088427e-05,8.275883887922997e-06
7696,-0.27796774505433997,-0.5276952663148506,-3.2987484712700126,-0.7278708147299152,-0.01810691556544773,2.0006689756971467,0.0,-0.0,0.0,0.0,0.0,0.0
7697,-0.6023911957806574,0.2747783303074775,-0.9114817049466857,-0.8446738604812145,-0.28557422461498905,1.9995904624247414,0.0,-0.0,0.0,0.0,0.0,0.0
7698,-0.1745353126664419,0.6221651983910533,-2.4670978311457876,-0.1856364841406273,0.032282712539479695,1.9995156867386767,0.0,-0.0,0.0,0.0,0.0,0.0
7699,0.20196006864983715,-0.24975569234709144,-2.5614256858744633,-0.051310706678205635,-0.6369105304766586,2.0027641818492192,0.0,-0.0,0.0,0.0,0.0,0.0
7700,-0.424818454044749,-0.7259059048399664,-2.4816486171846104,-0.6087854472627944,0.205929464140944,1.998751185062102,0.0,-0.0,0.0,0.0,0.0,0.0
7701,0.2246504571332854,0.6270283633003579,0.07084017697487512,-0.11218283725074558,0.3141865428875614,1.9983250865809536,8.096425823583462e-15,-1.6775142551472082e-14,-0.0,0.00018639629056327667,0.00038480588065475057,-0.0005194762902665878
7702,-0.5296249331408673,-0.2823420110999523,0.4092439306124412,0.08729932943739903,-0.8287043260968192,1.9990645954468709,-1.1397034615538012e-14,5.347101077568683e-15,2.4694317443410486e-257,-0.0002615596611522571,-0.00012303965216860883,0.00036141359227542905
7703,0.18162680818472668,-0.06471145318806575,-4.1278833084900395,0.5218857803628487,-0.20189532255681464,2.00205440568649,0.0,-0.0,0.0,0.0,0.0,0.0
7704,-0.8977955674838145,-0.012856054800780285,-1.3084775261258026,-0.8169731715594406,-0.5330556961637665,2.0015277823344686,0.0,-0.0,0.0,0.0,0.0,0.0
7705,-0.810757843639851,-0.091118128056406,-1.9051955239463778,0.332687352311179,0.8938732108591065,1.9998698948731877,0.0,-0.0,0.0,0.0,0.0,0.0
7706,-0.8975248202181169,0.06946848799320973,-0.013795468684983561,-0.7785453631278633,0.3000458940672435,2.0009581172598154,0.0,-0.0,0.0,0.0,0.0,0.0
7707,-0.36741663444753075,0.008238602641870213,-1.782046406961614,0.04205653717724007,-0.10780463836756397,1.9995078735592515,0.0,-0.0,0.0,0.0,0.0,0.0
7708,0.13816247085650624,0.8284075934210393,-0.5762323146847064,-0.6189763159442025,-0.5388260034392119,2.0007019862037385,0.0,-0.0,0.0,0.0,0.0,0.0
7709,0.5163433666461859,0.25431338816877536,-1.3978783354303106,-0.42513887763913627,0.4842437236989566,2.001463587153457,0.0,-0.0,0.0,0.0,0.0,0.0
7710,-0.5093515220260895,-0.8073656552279811,-1.349013523785282,-0.4696044599635849,-0.2750892821289371,1.9966471788260416,0.0,-0.0,0.0,0.0,0.0,0.0
7711,-0.9363107111112258,0.33092094265029837,-1.8731070052534227,-0.35996175933594016,-0.3752758752288117,2.0017039712096283,0.0,-0.0,0.0,0.0,0.0,0.0
7712,-0.07276265129542725,0.30310449636473524,-0.05272296898464894,0.3724016541691243,-0.4107374121391856,1.9994894078537337,0.0,-0.0,0.0,0.0,0.0,0.0
7713,-0.9181984904588731,0.12145617301452556,-3.777879529130158,-0.11959509167171642,0.8516072859418066,2.000257628945233,0.0,-0.0,0.0,0.0,0.0,0.0
7714,0.07813325826260452,-0.9719626635609857,-1.5086658254724632,0.302298333704095,0.3584789626544907,1.999967638145354,0.0,-0.0,0.0,0.0,0.0,0.0
7715,-0.8516283476728628,-0.5107657339574716,-1.54282607176732,-0.16065010708903382,0.0005746798407889552,1.9997389072641745,0.0,-0.0,0.0,0.0,0.0,0.0
7716,0.06085288655051055,-0.21423645237729833,-0.7225227205147228,0.7655631259921603,-0.5314975231293024,1.998833691953165,0.0,-0.0,0.0,0.0,0.0,0.0
7717,0.6570268458909737,0.7044271600834963,-0.7647693051355936,-0.07937694593973782,0.008864233074405087,1.9992407861214465,0.0,-0.0,0.0,0.0,0.0,0.0
7718,0.22660042911826514,-0.09773211222619779,-2.570129371978231,0.1665111300314343,0.46829793458453695,2.00056984240344,0.0,-0.0,0.0,0.0,0.0,0.0
7719,0.02982635101783065,-0.5937660497341914,-1.7931654468901854,0.3432674004412646,-0.7396125308424503,2.002187796347344,0.0,-0.0,0.0,0.0,0.0,0.0
7720,-0.12787699667117033,-0.8108490046997794,-2.3010059768499604,-0.8201990328115198,0.015108665013828992,1.9981776639700968,0.0,-0.0,0.0,0.0,0.0,0.0
7721,0.5442092776210287,0.5245103470085934,-4.210199444011784,-0.16117620353098636,0.7910975779550036,2.003072764242668,0.0,-0.0,0.0,0.0,0.0,0.0
7722,-0.3042702476109059,0.046876699373027644,-3.9851649782440317,0.3151896365755137,-0.5655764431478432,2.002700967514219,0.0,-0.0,0.0,0.0,0.0,0.0
7723,0.3858361740345977,0.35479255589234804,-3.1841748593975066,0.44448366939243045,0.24852725491120992,2.000047973287542,0.0,-0.0,0.0,0.0,0.0,0.0
7724,0.3956312927804528,-0.21896592169275747,-1.8175690470298786,0.5128752891829031,-0.0938119602952771,1.99772534648377,0.0,-0.0,0.0,0.0,0.0,0.0
7725,-0.5152568098214448,-0.23186616995729112,-4.290319067568618,-0.5393181825914461,-0.31870852576514186,2.00197813751557,0.0,-0.0,0.0,0.0,0.0,0.0
7726,0.32518215931110656,-0.7353275186736805,-1.3677312399998727,0.6219119885262366,0.5928031704081175,2.002405906392178,0.0,-0.0,0.0,0.0,0.0,0.0
7727,0.845677282256617,0.4609534513556439,-1.5187812201169801,-0.8138857084832873,0.10231771053030553,2.001284063687646,0.0,-0.0,0.0,0.0,0.0,0.0
7728,-0.16430356949308478,0.878928631352705,-4.335626412779136,-0.19869667889698214,0.002147443155478866,2.0008388962697214,0.0,-0.0,0.0,0.0,0.0,0.0
7729,0.5164985825791507,0.28078301866525085,-0.23891695505289304,0.9577962936051929,0.11616627309867492,2.0045603643336487,0.0,-0.0,0.0,0.0,0.0,0.0
7730,-0.7960010649786172,0.024301672992563524,-3.7140336124662965,-0.0708453374975593,0.7669369964771223,1.9988393642558036,0.0,-0.0,0.0,0.0,0.0,0.0
7731,0.71217337760099,0.24032107355743362,-0.3250292030676356,-0.39073495634384986,-0.11383013010102849,1.9987225531646815,0.0,-0.0,0.0,0.0,0.0,0.0
7732,-0.650384644815766,0.3530450812955349,-1.954656804426503,-0.5758344169749307,-0.006520635383050845,2.001372825136109,0.0,-0.0,0.0,0.0,0.0,0.0
7733,0.822684693796132,0.5163943517704439,-3.6954545202217814,-0.5943265244530732,-0.204239003852269,1.9987888800478895,0.0,-0.0,0.0,0.0,0.0,0.0
7734,0.43791007676000004,0.4546985289056453,-3.675894247805948,0.36124744564885114,0.4868706761451015,1.9994314587575144,0.0,-0.0,0.0,0.0,0.0,0.0
7735,0.5438262093238637,-0.4355275925466405,-1.0673336972256446,0.5844630801833132,-0.6177614503231684,2.001903218475213,0.0,-0.0,0.0,0.0,0.0,0.0
7736,0.2858983057286021,0.5891620882134246,-2.5188379049427567,0.2313690297525236,-0.16928291610414764,2.000515297964873,0.0,-0.0,0.0,0.0,0.0,0.0
7737,0.8697094568517965,0.35449703494227447,-0.645025536631894,0.7684789984144594,-0.49299835662715746,2.0031970461100856,0.0,-0.0,0.0,0.0,0.0,0.0
7738,0.04636985362059909,-0.2588982326851726,-3.8994237983549733,-0.8449705506094211,-0.17607368146398353,1.999679073555622,0.0,-0.0,0.0,0.0,0.0,0.0
7739,0.8537288890744607,0.12115351928155224,-3.164907614658835,0.34161519013147273,-0.12781106992041336,2.0027015807793633,0.0,-0.0,0.0,0.0,0.0,0.0
7740,-0.42684677656763576,0.2559111955035175,-3.722826343640531,-0.07916062447883851,-0.1037368503180093,1.9991859492344408,0.0,-0.0,0.0,0.0,0.0,0.0
7741,-0.12279976750657774,0.7662862145730156,-0.1537152126661695,0.1869825178561154,0.7733454560021318,2.000386473773302,0.0,-0.0,0.0,0.0,0.0,0.0
7742,-0.0723866855686084,0.19696796666467564,-0.5996421251016396,-0.9296985928790173,0.26395930091217273,2.002461620669603,0.0,-0.0,0.0,0.0,0.0,0.0
7743,-0.23499992193368222,0.3366836473350028,-3.677284262022236,-0.4028768057399049,0.21059834758937032,2.00035181774117,0.0,-0.0,0.0,0.0,0.0,0.0
7744,0.7035220577183378,-0.41217396800462636,-4.0895479220169095,0.6451315186790609,0.04862021241908852,1.9999772347857274,0.0,-0.0,0.0,0.0,0.0,0.0
7745,0.06897303630217141,-0.7907050709047461,-3.443976288879544,-0.010696483895247738,-0.4344041078755124,1.9976051029854172,0.0,-0.0,0.0,0.0,0.0,0.0
7746,-0.21102927020462017,-0.6778368842670874,-3.8343938189368787,-0.14910173315439335,0.27751076229951527,2.001649611280272,0.0,-0.0,0.0,0.0,0.0,0.0
7747,0.776014242308189,0.32898734886391523,-3.6271908155842865,0.7660260294123209,0.5532239870439729,2.0005088508598736,0.0,-0.0,0.0,0.0,0.0,0.0
7748,-0.5126271447540655,0.2737535394710189,-4.284141461309142,-0.4706761841118877,0.08331074704473616,1.9981153744227789,0.0,-0.0,0.0,0.0,0.0,0.0
7749,-0.2179116581511523,-0.49412936678982256,0.3037191915452983,0.15863803302392307,0.7263605600717654,2.001123234718113,-1.1686252497486577e-14,1.537042809670459e-14,5.414426e-318,-0.00026809310912727016,-0.0003526270662583392,0.00020499241846154735
7750,0.564929968348295,0.43506778229162246,-0.1513981514896417,0.39954265527441846,-0.289873923318371,1.9990053242269168,0.0,-0.0,0.0,0.0,0.0,0.0
7751,0.21844050764912756,0.4552143923418488,-0.3029815055076802,-0.13615777766970952,-0.4243108705837313,1.9979554482867017,0.0,-0.0,0.0,0.0,0.0,0.0
7752,0.7328491457029213,-0.3561476351663181,-0.7031967130256656,0.40503482654070627,0.6552591146655862,2.0023616033806215,0.0,-0.0,0.0,0.0,0.0,0.0
7753,-0.435296601668066,0.7371575286975541,-4.333037893804308,-0.6604358963813641,-0.5316403699571053,2.0049705050910673,0.0,-0.0,0.0,0.0,0.0,0.0
7754,0.797986745663847,0.4654556861537938,-1.1084909955145799,-0.27325597012860464,-0.11788840484500523,1.9996891474531733,0.0,-0.0,0.0,0.0,0.0,0.0
7755,-0.43561744087114457,0.26521922603213327,-0.24811134317941308,-0.34822985307416027,-0.5286632400632756,1.9995031609419363,0.0,-0.0,0.0,0.0,0.0,0.0
7756,0.8903544980158901,-0.0770206888319742,-0.6803102775386165,0.9580655160240328,0.033295559453699004,2.0012708233945062,0.0,-0.0,0.0,0.0,0.0,0.0
7757,-0.3557717240461259,-0.240333087183022,-3.0280955039906594,0.5966940414692191,-0.5293539659087108,1.998608502053651,0.0,-0.0,0.0,0.0,0.0,0.0
7758,0.2165726503373062,0.3302489813916207,0.40229006580547577,0.9182067409245904,0.009221781383135551,2.001100805379989,1.349039209003499e-14,-1.1332232859457038e-14,-1.28516392449407e-261,0.0003116328439492906,0.0002627913677548263,0.00047676388732162395
7759,-0.26939501589255815,-0.315746064069223,-2.6782023410153206,-0.22484661755224347,0.6545171275445777,2.00332818240524,0.0,-0.0,0.0,0.0,0.0,0.0
7760,0.12862701151059597,-0.40787476440906106,-3.8192649919352157,0.8395544960711406,-0.10350705816427423,1.9977554383221254,0.0,-0.0,0.0,0.0,0.0,0.0
7761,0.026820847695566318,0.9675361229947509,-3.820947010907367,-0.5377686201269118,0.10756550915733926,1.9973326809956546,0.0,-0.0,0.0,0.0,0.0,0.0
7762,0.4209897497632186,-0.7062819569080967,-4.052691972890917,-0.04496989358187712,0.1403699868139386,1.998069797525878,0.0,-0.0,0.0,0.0,0.0,0.0
7763,-0.7354699723727106,-0.38295021640430205,-0.5968790227123139,-0.7079186720653984,0.24670841568027166,1.9997824359482754,0.0,-0.0,0.0,0.0,0.0,0.0
7764,-0.585098322221074,-0.677874904986087,-3.8318292296460466,-0.6893078592321145,-0.4289461000730492,2.0007968134345058,0.0,-0.0,0.0,0.0,0.0,0.0
7765,0.9218943242837013,-0.26581735208013946,-3.197530897933253,-0.6263907146350403,0.5464892727101691,2.0006308397504076,0.0,-0.0,0.0,0.0,0.0,0.0
7766,-0.5803534654906843,-0.5831558847817571,-0.12217266169382208,0.5073497692785003,-0.5241588720326014,2.0003147193407815,0.0,-0.0,0.0,0.0,0.0,0.0
7767,0.7058111062815773,-0.5616345521209796,0.16318715154631144,0.6552736575510356,0.2137610865850248,1.999884970009256,2.2202749923162496e-14,7.938521342751771e-15,-0.0,0.0005106871657568304,-0.00017577068044338301,-0.00011111407645526265
7768,0.9993150237737344,-0.17334340126547254,0.3329207352363598,0.45922640580293655,-0.19106965653981775,2.000137131439954,2.7113745020727275e-14,8.358450520002963e-15,-1.086578171709617e-301,0.0006213754771728666,-0.0001934276576298215,0.00012089465294755103
7769,-0.514699802472129,0.18404160940809886,-3.291472583707216,0.09375574056722298,0.5988733824857163,2.0037890515963093,0.0,-0.0,0.0,0.0,0.0,0.0
7770,0.9572782209989978,0.20322934718813548,-3.8786213321550456,-0.1913592005022385,0.16909622488867299,1.9997304783896144,0.0,-0.0,0.0,0.0,0.0,0.0
7771,-0.8492694180482345,-0.4444344776121885,-4.379364628306059,-0.6195125950395758,-0.3024236032999221,2.005110548487984,0.0,-0.0,0.0,0.0,0.0,0.0
7772,-0.6609145641714455,-0.3264935161959412,-2.505309935335616,0.528314794440517,0.6012205188186709,2.002860477677425,0.0,-0.0,0.0,0.0,0.0,0.0
7773,-0.20746906704069448,-0.5442115196610067,-1.8933666754264054,0.7332561894318746,0.5210698655399323,2.0036955941157273,0.0,-0.0,0.0,0.0,0.0,0.0
7774,0.37649346978170756,-0.8372876214099121,-0.6501083080893633,0.4774155732391551,0.09683459912760585,1.996832203431957,0.0,-0.0,0.0,0.0,0.0,0.0
7775,0.13785643485173957,0.03046401812358072,-2.5346026673076008,-0.15553765713295736,-0.7818164413637684,1.9999377318239224,0.0,-0.0,0.0,0.0,0.0,0.0
7776,-0.7763125893609096,0.5990270086723228,-2.5705295401311843,-0.6771407267560368,0.5513225343162382,2.0007266812577464,0.0,-0.0,0.0,0.0,0.0,0.0
7777,0.40137864132734735,0.4364970469834806,-1.1159632318758856,0.03268710583968561,-0.14651605193857878,2.0034209045817404,0.0,-0.0,0.0,0.0,0.0,0.0
7778,0.5040182665404904,0.60669216577391,-1.2984321604997318,-0.653052860232253,0.025547556943202585,1.9991942639759173,0.0,-0.0,0.0,0.0,0.0,0.0
7779,-0.15277620980389722,0.7988886029894712,-1.3965229201757077,-0.9809244507782386,-0.16764001919875973,1.9997487671613867,0.0,-0.0,0.0,0.0,0.0,0.0
7780,0.1311972906971703,-0.7675463636159754,-3.644041926240157,0.69836518367191,-0.4101539358299097,1.998607539674575,0.0,-0.0,0.0,0.0,0.0,0.0
7781,-0.5503627900116174,-0.3674797472746573,-2.915644828654702,-0.14458738051702946,-0.4608700420875021,1.9999163513923244,0.0,-0.0,0.0,0.0,0.0,0.0
7782,-0.008862625903436581,0.38330638896466596,-2.8472677230587653,-0.5224028587792062,0.700121656907174,2.000942490800962,0.0,-0.0,0.0,0.0,0.0,0.0
7783,-0.7006119198223043,0.5140776271673541,-1.4233801024852106,-0.3610844435934437,0.8373285555366126,2.000814065737276,0.0,-0.0,0.0,0.0,0.0,0.0
7784,0.1175170593852938,0.14022575204906815,-1.7330350080929504,0.22433562541492108,-0.7911976836574047,2.0046661437601094,0.0,-0.0,0.0,0.0,0.0,0.0
7785,-0.2931008575356576,-0.6071985588088609,-1.5840018992836435,0.35038284455490004,0.5844591789828366,1.9982155186373989,0.0,-0.0,0.0,0.0,0.0,0.0
7786,0.10197398514736646,0.5980581872625688,-2.0958499785190012,-0.0345752033926726,-0.5595302524091225,2.0020586157020084,0.0,-0.0,0.0,0.0,0.0,0.0
7787,0.18265292691228194,-0.836363186658383,-1.6238818302713292,0.1675112699189533,-0.47867279683169056,1.9981983373299126,0.0,-0.0,0.0,0.0,0.0,0.0
7788,0.23212134086351546,0.9540951610345013,-4.414216985785276,-0.06736976397049198,-0.7968393302428506,1.9993187884148662,0.0,-0.0,0.0,0.0,0.0,0.0
7789,-0.5777873570182832,-0.30423657714725977,-0.1595455015586153,0.7945592420374761,0.2204177661569052,2.0014587115462326,0.0,-0.0,0.0,0.0,0.0,0.0
7790,0.1681349578131307,-0.26800342903443525,-2.751949643043342,0.5483094169692012,-0.02527111289363518,2.0000679353891506,0.0,-0.0,0.0,0.0,0.0,0.0
7791,0.3614475671257745,0.28389567816252836,-2.0135323800767018,0.7989184730920176,-0.4217860435653951,1.9991113807169874,0.0,-0.0,0.0,0.0,0.0,0.0
7792,0.46686868918818464,0.7039730293617009,-4.1833209291801925,0.3313743679761159,-0.7739435611527636,1.9994106656200044,0.0,-0.0,0.0,0.0,0.0,0.0
7793,-0.6353769004233244,-0.15572457029226017,-2.0915167253604747,0.1657748882147938,-0.8305245925916385,2.000132447193536,0.0,-0.0,0.0,0.0,0.0,0.0
7794,-0.4584018224140671,-0.45050499951752676,-0.5902887124897865,0.1917563948500062,0.3557634742574621,1.9985841928898822,0.0,-0.0,0.0,0.0,0.0,0.0
7795,0.167449919657942,0.6929682073158344,-3.2643860747246647,-0.47503321023894024,-0.5514673953669045,1.9984006525799691,0.0,-0.0,0.0,0.0,0.0,0.0
7796,0.708052723573532,-0.3049160569997704,-1.5721997679059252,0.9336560088703995,-0.2929628924856031,1.999828743279648,0.0,-0.0,0.0,0.0,0.0,0.0
7797,-0.39754117356898766,-0.608929992709973,-2.8357052535889182,-0.4036105615387763,-0.601325888939136,1.9998906655355682,0.0,-0.0,0.0,0.0,0.0,0.0
7798,0.8720548809033928,0.44812034377755433,-1.392519565734385,0.743401038342383,-0.46928364604122036,1.9952557444721277,0.0,-0.0,0.0,0.0,0.0,0.0
7799,-0.6376602104555483,0.636910652729915,-3.336264329294819,-0.7934521643504224,0.11184332459098961,2.001379978060906,0.0,-0.0,0.0,0.0,0.0,0.0
7800,0.8312456817850601,0.012487508314533753,-1.6197762042939314,0.35512597712493416,0.16088685690767562,2.0000781643414274,0.0,-0.0,0.0,0.0,0.0,0.0
7801,-0.6845785772531521,-0.14035207254149012,-2.126354830957875,-0.9144283592024648,0.28436949262201644,1.9981788854377434,0.0,-0.0,0.0,0.0,0.0,0.0
7802,0.6097431180229864,-0.007112000172633314,-1.417511839095395,-0.25862744385097325,0.5528041984667046,2.0027222087721768,0.0,-0.0,0.0,0.0,0.0,0.0
7803,0.5304626970889209,-0.5730693106449719,-0.3365461248500402,0.6694191112921175,0.4476104424079592,2.001493945940322,0.0,-0.0,0.0,0.0,0.0,0.0
7804,-0.8570578157339463,-0.3330020779254084,-0.6225806316671206,-0.16549698682225458,-0.5126680563102942,2.0045444144137106,0.0,-0.0,0.0,0.0,0.0,0.0
7805,-0.3508680708068563,0.04147989737647781,0.5134443716456674,0.339654853599056,0.08648864425308037,2.0028935748280876,-5.918557196957994e-15,8.982913809862546e-16,3.709798800914215e-198,-0.00013536420954088496,-2.0735307283194055e-05,0.0005462598407477187
7806,0.9134726829345405,0.35781303340351933,-2.6510125404336238,0.43195153129248864,0.5198533444973356,2.003090350159983,0.0,-0.0,0.0,0.0,0.0,0.0
7807,0.15871918929670084,-0.846074174937703,-1.7072709661117709,0.35880732375574537,-0.8050383613780608,2.0007922653590953,0.0,-0.0,0.0,0.0,0.0,0.0
7808,-0.6294103684607157,-0.10068551674641642,-3.101835405206007,-0.42568732724696745,0.5161231812173175,2.0007341052941308,0.0,-0.0,0.0,0.0,0.0,0.0
7809,0.6383921089634725,0.366838984588799,-0.7335989048603277,0.8203738347556042,0.5364987671465494,2.003073951999408,0.0,-0.0,0.0,0.0,0.0,0.0
7810,-0.6173250602121076,0.6834773126074627,0.26449218444163,0.8046838307656101,0.14240619530525933,2.0020185885681947,-1.1130021671505172e-14,-2.1419844468159956e-14,0.0,-0.0002541258457806695,0.0004913741040799978,0.00010550664334988579
7811,-0.33637055241839514,-0.06962761210245037,-4.0119625742974785,-0.27950344715400754,-0.03689155148716178,2.0023882003483644,0.0,-0.0,0.0,0.0,0.0,0.0
7812,-0.3068359732659479,0.018038642409067482,-1.9581346784597409,0.7581474318414911,-0.31548995383636985,1.998614156521306,0.0,-0.0,0.0,0.0,0.0,0.0
7813,-0.23236213765776528,-0.8386376222170326,-1.2554850095915662,-0.2117893552472578,0.34501822824535666,2.0010727093206926,0.0,-0.0,0.0,0.0,0.0,0.0
7814,-0.022098043127591845,-0.10124149691008259,-0.5957486716587588,-0.6922976439998245,-0.46949184230406893,1.9997413240004662,0.0,-0.0,0.0,0.0,0.0,0.0
7815,0.4278264136680076,-0.780324023172004,-2.318498177564031,-0.655766459021867,-0.080296162873874,1.9999678221517865,0.0,-0.0,0.0,0.0,0.0,0.0
7816,0.821110953356647,-0.09402406647517278,-3.0980051509602164,0.6767963420849719,-0.5335578092067224,2.0022206094902755,0.0,-0.0,0.0,0.0,0.0,0.0
7817,0.6503629063585995,-0.44529098936161415,-0.3609482561598327,-0.1999838817362961,0.8328582569852366,1.9976868124166651,0.0,-0.0,0.0,0.0,0.0,0.0
7818,-0.14575152681936576,-0.39940554217622076,-1.7911467630561246,-0.5969386373181412,0.6133696204654174,1.999846759539109,0.0,-0.0,0.0,0.0,0.0,0.0
7819,0.6303452837183654,-0.27488905923214874,-0.5185645654386121,-0.9287568601089313,0.2009919584937915,2.001279289597516,0.0,-0.0,0.0,0.0,0.0,0.0
7820,0.3395119886822728,0.26282975732966635,-1.9931380545639559,-0.1167533925395633,0.007254991078873078,2.0019134343410037,0.0,-0.0,0.0,0.0,0.0,0.0
7821,-0.43171910419272236,0.8563119701617289,-3.107129350694247,0.2758533819095996,0.8417864634055438,2.0010724229912347,0.0,-0.0,0.0,0.0,0.0,0.0
7822,-0.22729821605363568,0.626707012426981,0.26479067743701223,0.01780375978493252,0.26975239346353475,1.999825799679661,4.652041078211015e-16,-1.3460925096565012e-14,-0.0,1.0526792245735104e-05,0.0003094774212237585,-0.00017247628623442044
7823,-0.00521125006866972,0.7963227245229346,-3.155782144692021,-0.46765474605018964,0.44655145087860687,1.999736631247302,0.0,-0.0,0.0,0.0,0.0,0.0
7824,0.09563522767614434,0.9856807430960374,-2.5807918477515073,0.14935493624962784,-0.18699506623647652,2.0019289126011537,0.0,-0.0,0.0,0.0,0.0,0.0
7825,-0.4331255243827741,-0.062401529743230086,-3.49675076416879,-0.7157365157121324,-0.5371924490426768,2.0006544680749987,0.0,-0.0,0.0,0.0,0.0,0.0
7826,-0.06740190409422697,-0.9641100859198035,-1.4414750470668385,0.032742155922243846,0.993803032783849,2.0008012425273667,0.0,-0.0,0.0,0.0,0.0,0.0
7827,-0.8246967593906082,-0.07163412711112675,-0.7879843273769519,0.43319177267585623,0.7362786407385297,2.0030002247231375,0.0,-0.0,0.0,0.0,0.0,0.0
7828,0.4331190481907787,-0.46449077339332084,-2.880242442756524,0.7355463010512296,0.32626642207694995,2.0019530976561333,0.0,-0.0,0.0,0.0,0.0,0.0
7829,-0.1944804081518753,0.5953329273311969,0.41819656737705474,0.36757571788940474,0.45132050673028246,2.003518497275563,-1.1999675902817187e-14,-2.031776242747101e-14,-2.8618705841221096e-252,-0.0002759386906003493,0.00046536420235217355,0.0002875477267136027
7830,-0.7232610611243306,-0.36267982862242226,-0.27148178059690414,-0.13176409673202738,0.05006521129695629,1.9982406660756051,0.0,-0.0,0.0,0.0,0.0,0.0
7831,0.21606151574123234,0.691198676962993,-1.9956714345855902,0.37021449355506303,0.23240529898446166,1.9992174472445317,0.0,-0.0,0.0,0.0,0.0,0.0
7832,0.8735216968909042,-0.31131987410752754,-2.689712574247628,-0.7521057727889806,-0.4680009122839181,1.9985654349568518,0.0,-0.0,0.0,0.0,0.0,0.0
7833,0.5157274021791957,0.3210456736469212,-0.4155182812579498,0.8283929216960795,0.37071580770983487,2.003810152740423,0.0,-0.0,0.0,0.0,0.0,0.0
7834,0.5190160827541503,0.7970525941885565,-1.1873779947886118,-0.9488233710504913,-0.09825346333449367,1.9980152273656204,0.0,-0.0,0.0,0.0,0.0,0.0
7835,-0.6401966216692968,0.6691839921708185,-0.6321189217459311,-0.41033871339844574,0.8905130627828147,2.0020056948261185,0.0,-0.0,0.0,0.0,0.0,0.0
7836,-0.7688869764021503,-0.3273638492058417,0.032452957134690874,0.0743159204723576,0.47234894001207867,1.9992705095680272,-1.5057977498290746e-14,9.18362348772295e-15,-0.0,-0.00034547929482432954,-0.00021115241948706082,-0.00042498400012806894
7837,0.695833472577647,0.5759496557456677,0.0280227528132681,0.9480832342722386,-0.04050844346724878,1.9971708163658677,1.726176299578948e-14,-1.1564247200836383e-14,-0.0,0.0003975694776029392,0.0002651317679632333,-0.00029464222220028857
7838,0.26769502940910544,-0.30086960366930215,-0.013582517590046661,0.2291939466372834,0.5553246348834788,1.9973946659020339,0.0,-0.0,0.0,0.0,0.0,0.0
7839,-0.18567211889817115,-0.08357229307716958,-0.6133415847726531,0.3295976938505806,0.009084227281892635,2.0006617643982127,0.0,-0.0,0.0,0.0,0.0,0.0
7840,0.17681189784676996,0.3001117178956115,0.4217180266272807,-0.6117738657589898,0.6665223129042986,1.9989526482100792,4.749332041416854e-15,2.3548052487267266e-15,6.836500367876969e-251,0.0001078283447198159,-5.69030108709359e-05,0.0005721730728238103
7841,0.4054518381753678,0.6504065202342186,-2.3649806444257297,-0.38827872059343804,0.6520343453698287,1.9988521878363583,0.0,-0.0,0.0,0.0,0.0,0.0
7842,-0.21832366269677544,-0.7065135835156565,-2.4357472893442322,0.6747267422280246,0.14175672358375513,2.002300127134262,0.0,-0.0,0.0,0.0,0.0,0.0
7843,0.4708760023531587,-0.6130337394010026,-1.147539516867321,0.17793262663822318,-0.3943305078052357,1.9969852010310842,0.0,-0.0,0.0,0.0,0.0,0.0
7844,-0.10233132306951163,-0.22376388422573346,-1.6827340111553735,-0.11368089779605764,-0.23039742028562887,1.999989255122463,0.0,-0.0,0.0,0.0,0.0,0.0
7845,-0.7339231232773938,-0.23987476518620826,-1.9455822183471707,-0.7238232942430838,-0.4314967368376916,1.9992280951541954,0.0,-0.0,0.0,0.0,0.0,0.0
7846,0.9245775677148987,0.11221006496254712,-2.86201666126912,-0.16203102448234866,0.20516694020533177,1.9995202765299958,0.0,-0.0,0.0,0.0,0.0,0.0
7847,-0.5736435816787541,0.03807193871564307,-2.4420143949879183,0.5235042874089559,-0.4101478553184627,1.9992581780420395,0.0,-0.0,0.0,0.0,0.0,0.0
7848,0.14783093697775312,-0.06511549923969191,-2.997595339492043,-0.35658243719731875,0.46441397529400286,1.9948407604966045,0.0,-0.0,0.0,0.0,0.0,0.0
7849,-0.9632062134708492,0.23939503845846766,-1.4743936517681093,-0.2100060336374731,0.6584198218063341,2.0009845331880287,0.0,-0.0,0.0,0.0,0.0,0.0
7850,-0.8190455063704642,-0.4608718755301014,-1.787125029043549,-0.7580669045652736,0.45368794849134153,1.998654631210334,0.0,-0.0,0.0,0.0,0.0,0.0
7851,-0.11966522870471544,-0.06212781123614977,-4.049408175858772,-0.42003504398107433,-0.5116749085473283,1.9997076513031855,0.0,-0.0,0.0,0.0,0.0,0.0
7852,0.4788339484071661,0.4664983192082427,-2.290901885408206,-0.11547778793136404,-0.265212064801355,1.999672341885453,0.0,-0.0,0.0,0.0,0.0,0.0
7853,0.12232915478133148,-0.37958136643755414,-4.254277051641094,0.9124116715612396,0.16715198674031023,2.0005799716173875,0.0,-0.0,0.0,0.0,0.0,0.0
7854,0.08072877511525858,0.348875786050976,-3.629159052394626,-0.18707050663526867,0.7878991081590776,2.000234089406059,0.0,-0.0,0.0,0.0,0.0,0.0
7855,0.7829853678344644,0.1126323131769507,-4.4143167693658905,0.5958597618921987,0.03314887267491742,1.9993165959248484,0.0,-0.0,0.0,0.0,0.0,0.0
7856,0.12159226316673998,-0.25417723222922883,-0.8058648915163763,0.4213591917761394,0.3545332785328994,2.0015721433502653,0.0,-0.0,0.0,0.0,0.0,0.0
7857,0.8765986800393065,0.17632006016369128,0.20601727299037936,0.13820700943288752,0.7222687831881466,2.000668194824207,1.2983642505120595e-14,-1.4021979065663647e-14,0.0,0.0002965761211907477,0.00032124084498013863,0.00026515628006507194
7858,0.34732104054414575,-0.5413445055113988,-3.0338762906992196,-0.01753401614835211,0.07368580677544667,1.9998987927020806,0.0,-0.0,0.0,0.0,0.0,0.0
7859,0.29827871827687436,0.1474728198868148,-4.077884728236298,0.6156606309227097,-0.5018771040470892,1.9990185366880617,0.0,-0.0,0.0,0.0,0.0,0.0
7860,0.011621720156516831,-0.49592576588048437,-3.970246704166302,0.8077063785303538,-0.18931744007925808,1.999071489983532,0.0,-0.0,0.0,0.0,0.0,0.0
7861,-0.26658263057253945,0.08791841244943832,-2.8022394320733173,-0.11512470922695667,0.5320440227629845,2.0023021401285024,0.0,-0.0,0.0,0.0,0.0,0.0
7862,-0.0550882259073326,-0.23497397147696925,-2.4897410653931895,-0.20147441204955172,0.44164492532238847,1.9960707757229168,0.0,-0.0,0.0,0.0,0.0,0.0
7863,-0.8857843491656175,-0.3465841149426075,-0.31886824266961356,-0.24301696849533652,-0.7630567601883081,1.997767411874235,0.0,-0.0,0.0,0.0,0.0,0.0
7864,-0.5915772393059524,0.12834476882324147,-2.5133992979805706,0.19307913564763188,0.9790329364141666,1.9993511010724134,0.0,-0.0,0.0,0.0,0.0,0.0
7865,0.2647009238410965,0.07575785189155895,-3.7215302566447637,-0.01092796984762424,0.30707551191401644,2.0015840380055834,0.0,-0.0,0.0,0.0,0.0,0.0
7866,-0.46986299216409466,0.3755368612657268,-4.169563237131411,-0.6592159109858008,0.28040869107246913,1.9963649905779033,0.0,-0.0,0.0,0.0,0.0,0.0
7867,0.5303361789377615,0.5591977072456495,-2.890830926844764,0.7842972171687116,0.3745101065668113,2.0016632428164205,0.0,-0.0,0.0,0.0,0.0,0.0
7868,-0.744562631106801,-0.49179975791666125,-2.572276956746512,0.6949201233767665,-0.07627554967724552,1.998095902580884,0.0,-0.0,0.0,0.0,0.0,0.0
7869,-0.6670358479327863,-0.4920533256716406,0.014841794307526628,-0.043648168999815704,0.8450195392348877,1.9963832256125993,-1.1394507990875794e-14,1.9816268407826297e-15,-0.0,-0.0002606821789851112,-4.527877734816591e-05,-0.000497748596921793
7870,-0.6003579763801,-0.7606434212278369,-0.35295974722080636,-0.7579124607050389,0.32616753292161826,2.0010030169268527,0.0,-0.0,0.0,0.0,0.0,0.0
7871,-0.01910451910636086,0.3207953655304194,-0.5962588938801562,0.1337693236739211,0.03982517285199662,1.9997090302822607,0.0,-0.0,0.0,0.0,0.0,0.0
7872,0.6622935709716666,-0.15261993793035897,-3.536977410409109,0.18445718439626219,-0.2829340683599347,2.0008313373175732,0.0,-0.0,0.0,0.0,0.0,0.0
7873,-0.3444605294468991,-0.5063413196055444,-2.1306297874100073,-0.5031782663150681,0.6808860042796326,2.0020118183430773,0.0,-0.0,0.0,0.0,0.0,0.0
7874,-0.1639502546558731,-0.016551950976258212,-1.0565281765621783,-0.4957455048792678,0.7649843010586692,2.0054902021119627,0.0,-0.0,0.0,0.0,0.0,0.0
7875,-0.5920100645073157,0.4098459259880209,-3.8856561224355386,-0.07396708840639378,0.8305964819653353,1.9996395245119798,0.0,-0.0,0.0,0.0,0.0,0.0
7876,-0.3079632368721221,-0.5592205503293259,-4.399874371024096,0.18502384986942227,-0.6107276394161393,1.9983978779607927,0.0,-0.0,0.0,0.0,0.0,0.0
7877,0.13355900450996414,-0.6461008292260059,-1.3440881683712098,-0.07505950367298767,-0.4476168771592585,1.9998164768651494,0.0,-0.0,0.0,0.0,0.0,0.0
7878,0.6089882884804997,0.31376431308517944,-3.590439551644365,-0.08731367938837932,-0.7578154411794473,2.001512033234308,0.0,-0.0,0.0,0.0,0.0,0.0
7879,-0.8560211276163622,0.09457904549342819,-1.316979033278698,-0.17266934950455948,0.8092909130693848,1.9994508266025557,0.0,-0.0,0.0,0.0,0.0,0.0
7880,0.32641996345656565,0.6158928915683229,-0.7824198151697617,0.4239365593597253,0.5189954081638716,2.0018826298375516,0.0,-0.0,0.0,0.0,0.0,0.0
7881,0.2904711589907952,0.028240973392604823,-4.424196259441025,0.6250476349693616,-0.6293204188404253,1.9976998875806944,0.0,-0.0,0.0,0.0,0.0,0.0
7882,0.04190518919085467,0.6621781916756511,-0.06432484975790986,-0.22767468565007717,0.9555371131190836,2.0014921329700117,0.0,-0.0,0.0,0.0,0.0,0.0
7883,0.2990582622194009,0.775729201200301,-1.2063149688949368,-0.2683205123488003,-0.6300667045833345,1.9976095575064707,0.0,-0.0,0.0,0.0,0.0,0.0
7884,0.14844883438516976,-0.3796008553209434,-4.252941368527249,-0.09020341562717632,-0.34712000804478343,2.000555820769229,0.0,-0.0,0.0,0.0,0.0,0.0
7885,-0.06948644037964938,0.485302863956115,-2.661768120990156,-0.20551177800298803,0.36499080347406404,2.0012137370546923,0.0,-0.0,0.0,0.0,0.0,0.0
7886,-0.2449408180817745,0.8460856174441417,-0.6225345070880596,0.27153980131816335,0.24735541288780738,1.998305113288509,0.0,-0.0,0.0,0.0,0.0,0.0
7887,-0.3068334534505982,0.2684691200418575,-1.2428449367938734,-0.24799932949599846,-0.5115274553373844,1.9985949184049723,0.0,-0.0,0.0,0.0,0.0,0.0
7888,-0.25379846059826355,-0.6852408471395377,0.47492717380549404,-0.4784921795362771,0.6160747577494345,2.000225013252729,-6.259990483482833e-15,2.474079330721912e-14,9.942324469733017e-221,-0.00014161498972797964,-0.0005678019198940341,0.0004746805018730651
7889,-0.4093880271649279,0.654378596671795,-0.14609023567332985,-0.7763740272017174,-0.046410420562024116,1.9987359247132872,0.0,-0.0,0.0,0.0,0.0,0.0
7890,0.14461340249746915,0.11220974845194279,0.09583068314452295,0.0370513442299867,0.16672384624479625,1.9978947129542919,-3.226218631164225e-15,2.859127160441333e-15,-0.0,-7.227347506157179e-05,-6.488679388826477e-05,-0.00043589113257756594
7891,0.345647630171566,-0.9325665953419646,-1.524962572108573,0.1982095243926592,0.7287046016851161,1.9990202678844293,0.0,-0.0,0.0,0.0,0.0,0.0
7892,-0.4912482064259161,-0.01675187151064587,-3.249530844411528,0.7554195511521252,-0.41872604059901825,1.9998836888169238,0.0,-0.0,0.0,0.0,0.0,0.0
7893,-0.5598786684237552,-0.44797795801983503,-2.0540862698398454,0.5863546030101832,0.7341565404644046,1.9979990761236721,0.0,-0.0,0.0,0.0,0.0,0.0
7894,-0.5224015144118762,0.7330370102492959,-1.3434521459189872,0.15201662853378695,-0.9023087968346034,1.9976372916217677,0.0,-0.0,0.0,0.0,0.0,0.0
7895,0.5503814383877774,-0.14188817915928195,-3.9786394144111763,-0.1060121855744284,0.3601501005039674,2.004258034443834,0.0,-0.0,0.0,0.0,0.0,0.0
7896,0.647192572715975,0.36641553397654014,-3.717090419728126,0.29588285711718787,-0.7641443247658942,2.001225088870258,0.0,-0.0,0.0,0.0,0.0,0.0
7897,-0.9163200624667471,-0.3891945896724276,-4.331714396034371,0.2173451071299116,-0.5732996579819355,2.0002567907514495,0.0,-0.0,0.0,0.0,0.0,0.0
7898,-0.3652601146677384,-0.3387746726850704,-0.5232517890038645,-0.7419479893002887,0.23691749548227642,2.0021701447255635,0.0,-0.0,0.0,0.0,0.0,0.0
7899,-0.857170354094727,0.23697093381225195,-4.439270467913751,-0.5806743790692644,-0.37283572332135606,2.00137856180893,0.0,-0.0,0.0,0.0,0.0,0.0
7900,-0.05154504636451657,0.24209632055942684,-3.3023467671328888,0.24923721316066805,0.7251399605626463,1.9993704542733448,0.0,-0.0,0.0,0.0,0.0,0.0
7901,-0.12375140799336418,-0.4365457060927501,0.258139872365814,0.9515342629417556,0.043402150501354056,1.997738602657721,3.5105524405679145e-15,1.4405579454362364e-14,0.0,7.588860217990067e-05,-0.0003369817415232206,0.00036669203280714617
7902,-0.966834452730234,0.17585113941740957,-3.693363099961898,0.7977381486455623,-0.0862121305650293,2.001630891425346,0.0,-0.0,0.0,0.0,0.0,0.0
7903,-0.3088016869699365,-0.1552582243773025,-3.5868296165569453,-0.7423914932977346,0.6260868570354922,2.000779553389863,0.0,-0.0,0.0,0.0,0.0,0.0
7904,0.03292633008667048,0.9956544499693047,-3.599561137694419,-0.7745918191989927,-0.06827522023485913,1.9999072896913066,0.0,-0.0,0.0,0.0,0.0,0.0
7905,0.9373156263099747,-0.3214510968883934,-1.7894125393645794,0.3106402978640396,-0.24650011119946133,1.9988304291989885,0.0,-0.0,0.0,0.0,0.0,0.0
7906,-0.09720687088908532,0.6448762183041918,-3.543211311110395,-0.4455227497057956,-0.5773190601669405,2.0001718049562065,0.0,-0.0,0.0,0.0,0.0,0.0
7907,0.3216997209517542,0.8416795946156631,0.22344280544790734,-0.39249480049091723,0.7401605924151933,1.9994286632667297,6.160454104662939e-15,-2.876330261289382e-14,-0.0,0.00014163878305964501,0.0006610450941668378,-8.07185053663562e-06
7908,0.4286542706366967,-0.9007452483965572,-1.7202006108026862,-0.39976644236673226,0.8129621073984908,1.99881232787771,0.0,-0.0,0.0,0.0,0.0,0.0
7909,-0.4364119344363848,0.22168355252040464,-2.0369565836157144,0.8647153875869308,-0.12201542681229591,2.0001639065672916,0.0,-0.0,0.0,0.0,0.0,0.0
7910,-0.9149876580654857,-0.28184306345379656,-2.7895706481799336,0.08080265936691279,-0.014417461432107223,2.0035564692259413,0.0,-0.0,0.0,0.0,0.0,0.0
7911,-0.26165677706122464,0.19077318186077724,-4.469827379904195,-0.5976832014795219,-0.7237715652470629,1.9974903014758645,0.0,-0.0,0.0,0.0,0.0,0.0
7912,0.11476925574500624,-0.5743040384344299,-3.6860329264344833,-0.6675451014695597,0.2865751612656221,1.9999766180097125,0.0,-0.0,0.0,0.0,0.0,0.0
7913,0.34439921408245744,0.7565512654812335,0.34548822392759077,0.3342361928496667,-0.14046754272178433,2.0006110368667143,1.203544858717684e-15,-4.347141419473546e-14,1.6083161183316982e-293,3.2213769360490766e-05,0.0009824697421859181,0.0001969490811077474
7914,-0.06521162901158424,-0.37133671328959544,-0.6053321921928279,0.2827976761873189,-0.7199480372301459,2.0009328346306914,0.0,-0.0,0.0,0.0,0.0,0.0
7915,-0.6597715284647268,-0.13033597951632706,-4.437550245723836,-0.25941190980760087,0.6551211601796091,2.0021096627350774,0.0,-0.0,0.0,0.0,0.0,0.0
7916,-0.6602749650768944,0.2788957700927996,-2.4226456338417885,0.018488499208128457,0.21195536943263948,2.0016888586663475,0.0,-0.0,0.0,0.0,0.0,0.0
7917,0.3577619922857336,-0.18289193466270312,-0.8713738030972652,-0.19903283415290482,-0.7814524222405587,2.0000582504454667,0.0,-0.0,0.0,0.0,0.0,0.0
7918,0.9967911876570226,-0.021578835436031927,-1.8753625570321,-0.008925402789100213,-0.3843930593983149,1.9998271974411563,0.0,-0.0,0.0,0.0,0.0,0.0
7919,0.561082844040892,0.27990508977553374,-3.6236369945794302,0.5407152629128453,-0.5320709779356584,1.9989313718744455,0.0,-0.0,0.0,0.0,0.0,0.0
7920,-0.4710025028168181,0.07850678053242412,-4.354950596733388,0.15615692872907017,0.26850444316938177,1.9987498987989438,0.0,-0.0,0.0,0.0,0.0,0.0
7921,-0.1681122091858859,-0.9279890686159395,0.4379522660544002,0.830489108093201,-0.3719867208985207,1.9979191794406574,-6.134637301118476e-15,1.926424104311412e-14,-3.79879446661686e-241,-0.00014048381856413214,-0.00044253531092457496,0.00028792501283783373
7922,-0.5445721899661914,-0.02786202221944742,-3.5695532689253087,-0.5492102573481817,-0.7022440052115304,2.001086055968061,0.0,-0.0,0.0,0.0,0.0,0.0
7923,-0.25221193804430886,0.04146036749002476,-1.9436386381875184,0.590013490288536,-0.35523159543476246,2.000862696722292,0.0,-0.0,0.0,0.0,0.0,0.0
7924,-0.6743290188224906,-0.24706542357127675,-4.203940179975295,0.879159120527999,0.058969197870973565,1.9994508879653456,0.0,-0.0,0.0,0.0,0.0,0.0
7925,0.9812128369223535,0.011180326921063018,-0.34418388205705847,-0.3754278903153646,0.12217343085142374,2.001164918425329,0.0,-0.0,0.0,0.0,0.0,0.0
7926,0.3844294282843244,-0.5025308459652472,-4.400975073704053,-0.05764879423938073,-0.10841395025893728,2.0001942600130205,0.0,-0.0,0.0,0.0,0.0,0.0
7927,-0.02674702087689127,-0.4778076261077722,-1.946915143724076,0.0221808542324053,0.5701733867112538,1.9968838084031604,0.0,-0.0,0.0,0.0,0.0,0.0
7928,-0.25648452167951624,0.8662948378965888,-0.4880860330222702,-0.058750073866585664,-0.7244044551013934,2.000775721457714,0.0,-0.0,0.0,0.0,0.0,0.0
7929,0.8437842256861531,-0.11783472921371849,-1.952773236842793,0.15715541704389788,-0.3827217035179964,2.0001269437393163,0.0,-0.0,0.0,0.0,0.0,0.0
7930,-0.10063886587410496,-0.9452881808805967,-0.4359714135180737,-0.10142218460445382,-0.5736211347867077,2.000013644003726,0.0,-0.0,0.0,0.0,0.0,0.0
7931,0.7808898473109294,0.24840230582634232,-2.8472734715936,0.6629212674852868,-0.17256350829708114,1.9970841841849976,0.0,-0.0,0.0,0.0,0.0,0.0
7932,0.10196547192571034,0.624325058766904,-3.495474275643526,-0.015203023585973429,0.3995535490430275,1.9986884680382169,0.0,-0.0,0.0,0.0,0.0,0.0
7933,0.15273958789842548,0.6153914089060762,-1.9431793284110208,-0.5208787897034541,0.1682330646020368,2.0005829328997113,0.0,-0.0,0.0,0.0,0.0,0.0
7934,0.8380761849630153,0.36029471920952694,-4.327845749618986,0.3941489013681261,-0.9180599745683964,1.999734630566,0.0,-0.0,0.0,0.0,0.0,0.0
7935,0.07373902712292746,0.2769978577960795,-0.07277337897272212,0.1162568603857152,0.264573806602281,2.000154348302109,0.0,-0.0,0.0,0.0,0.0,0.0
7936,-0.16327078228497655,0.07756831699501664,-2.5137352059398888,-0.07106376148193849,-0.6644828438516505,2.005233390796195,0.0,-0.0,0.0,0.0,0.0,0.0
7937,-0.3854672508475887,-0.33398439114642625,-1.8786920202421262,0.4514836917208824,0.6802236937753038,2.0020255201355828,0.0,-0.0,0.0,0.0,0.0,0.0
7938,-0.4597857167340128,-0.2469735530303857,0.4968590390467458,0.07016931620722439,0.5659765255055551,1.9989767262397593,-7.252165618037655e-15,4.321180754832837e-15,-6.0392324749077625e-208,-0.00016618583239010802,-9.93007214325697e-05,0.000560619680977817
7939,-0.02102597163478264,-0.4195909350266829,-3.9147297600243323,0.11996973429799852,-0.6391239489059298,2.0029122791013987,0.0,-0.0,0.0,0.0,0.0,0.0
7940,-0.24461813089343043,-0.28305276029627563,-2.6745983184092945,-0.6745091589904184,-0.07715736914796342,1.9984566876294287,0.0,-0.0,0.0,0.0,0.0,0.0
7941,0.05697873175511972,0.07452758135947318,-1.1845085934031336,-0.7348710235086977,-0.5906609412959887,2.001466614765483,0.0,-0.0,0.0,0.0,0.0,0.0
7942,-0.21936769647201307,0.8187712714863479,-2.8517656143333987,0.3549672275845868,-0.7455737105403919,1.9978595706155855,0.0,-0.0,0.0,0.0,0.0,0.0
7943,-0.08667258964363295,0.3766852972122725,-1.5581815227296945,0.8556805203267821,-0.3038995552042075,2.0013585843386057,0.0,-0.0,0.0,0.0,0.0,0.0
7944,-0.32555462421647935,0.4780496463614602,-1.6109020976783732,-0.3868751641914465,-0.026973177300459315,2.001301913965602,0.0,-0.0,0.0,0.0,0.0,0.0
7945,-0.10666088476913625,0.8737130296641208,-2.0527610215998995,-0.8009143533810615,-0.3228426791392806,1.9985607392149547,0.0,-0.0,0.0,0.0,0.0,0.0
7946,-0.6806135871546137,0.3462160249212372,-4.282417969162355,0.15865944369548143,-0.5885398254895042,2.001933938437868,0.0,-0.0,0.0,0.0,0.0,0.0
7947,-0.16488782285504822,0.8800092534502862,-0.7370132590934074,0.42833624403140086,-0.7804782887699657,2.0023039039696324,0.0,-0.0,0.0,0.0,0.0,0.0
7948,0.29623850873615193,-0.40811342956443764,-0.9834085527996225,0.2509408647182377,0.09200030515076828,1.9978811289419833,0.0,-0.0,0.0,0.0,0.0,0.0
7949,0.41175984307838304,0.8894814097728153,-4.128319886359258,-0.06456547953625906,-0.27651423060880564,2.0031033128530176,0.0,-0.0,0.0,0.0,0.0,0.0
7950,-0.31620244732784664,-0.16539394482259423,-3.808637203312533,-0.7310165219495577,-0.6252648934472812,1.9993718066811996,0.0,-0.0,0.0,0.0,0.0,0.0
7951,0.8975076217077418,0.12565950521374292,-2.2433821190237837,-0.4818377518408439,-0.4533915418791746,2.002045040001123,0.0,-0.0,0.0,0.0,0.0,0.0
7952,0.11933677411674562,0.5869865768583402,-0.41657668916924007,0.26201537988193335,0.7489379376902691,1.9999145277683723,0.0,-0.0,0.0,0.0,0.0,0.0
7953,0.7115923816437925,-0.035975429965177344,-3.661368348337341,-0.08247539328937692,0.5249861386468918,2.0019305934617058,0.0,-0.0,0.0,0.0,0.0,0.0
7954,0.8845968285118054,0.2789308075153684,-3.443831601875059,0.2560765283719263,-0.04064148672873787,2.0004320148127297,0.0,-0.0,0.0,0.0,0.0,0.0
7955,-0.3325869028842174,0.766117232657918,-0.38174313432914936,-0.19583656786791878,0.456804982432422,1.9998345560758508,0.0,-0.0,0.0,0.0,0.0,0.0
7956,-0.38246884631289885,0.17102649121937644,-2.4763049103150236,0.737078499858124,-0.2726125665213574,2.000797889625645,0.0,-0.0,0.0,0.0,0.0,0.0
7957,-0.1135944604361257,-0.028690861639713912,-4.233632728556606,-0.357709500830426,0.8143340680807584,1.9989374402627218,0.0,-0.0,0.0,0.0,0.0,0.0
7958,0.34530605004002213,0.2834016115762548,-1.3237864692201984,-0.040978731243555125,-0.8691044455366642,2.003441416432316,0.0,-0.0,0.0,0.0,0.0,0.0
7959,0.2519738722951062,0.5934623695968546,-3.933902025729076,0.2348078459683043,-0.39327932317893227,2.0026303591631174,0.0,-0.0,0.0,0.0,0.0,0.0
7960,-0.8611332890897377,-0.08068247358683509,-2.682093691478786,-0.5464215112768516,-0.12364414408235191,1.997075830523574,0.0,-0.0,0.0,0.0,0.0,0.0
7961,0.6989666906858713,0.2669831575158885,-2.0749985931734387,0.19854858564429215,-0.6471867746226587,1.9985149506902629,0.0,-0.0,0.0,0.0,0.0,0.0
7962,0.8100166015399922,0.49929177440800365,-1.745571059892228,0.13024224074496327,-0.3474255404402675,2.0002895154677645,0.0,-0.0,0.0,0.0,0.0,0.0
7963,-0.10782634628858266,-0.7308545172921871,-0.5410769738489956,-0.1563149166536355,0.1448442857112079,1.9997615605218049,0.0,-0.0,0.0,0.0,0.0,0.0
7964,-0.8108297343807496,0.5449346113406808,-3.3005048181029917,-0.41961070109592635,-0.25985067281592267,1.9985036608235904,0.0,-0.0,0.0,0.0,0.0,0.0
7965,-0.07466752853413604,-0.7502836704286002,0.35533226029546683,-0.13789083538632485,0.7994741777927515,1.9984783698013724,-4.6418656644291974e-15,1.134497766111497e-14,6.082479525123308e-288,-0.00010023181762961387,-0.00026073085462031883,0.00024297314437084019
7966,0.039404734223865485,0.9897701406690101,-0.3826181237512301,-0.8975575350423088,-0.2193766196473674,2.0003458895609945,0.0,-0.0,0.0,0.0,0.0,0.0
7967,0.004130741902599974,-0.6613412231337468,-2.983984531651422,-0.3005614276895649,0.5890452397860095,1.9990560311403016,0.0,-0.0,0.0,0.0,0.0,0.0
7968,-0.9528398680466437,0.07439438384244434,0.2852870509965314,-0.40967974169636984,0.4818018292683297,2.0020239727428986,-2.4102392355524976e-14,-3.4933831788470472e-15,0.0,-0.0005529025854395428,7.97109559183442e-05,5.411579109294443e-05
7969,0.11688036862258783,-0.8130652794880285,-1.2823034758526328,0.18917783046568593,0.39121227803061764,1.9992721934980935,0.0,-0.0,0.0,0.0,0.0,0.0
7970,-0.02543987043441926,-0.388262035443385,-3.832996151785792,-0.4013786333480315,0.5607424523906342,2.00295672428807,0.0,-0.0,0.0,0.0,0.0,0.0
7971,-0.7044013274363854,0.05952866360972065,-2.604728694319964,-0.33044358750125247,-0.3612837508243533,1.9967074733595154,0.0,-0.0,0.0,0.0,0.0,0.0
7972,0.1030919182859591,0.9688124599794338,0.4189910469643821,-0.8021586869057287,0.4360919341609102,2.0007667867044536,-2.7147597848128984e-14,-2.0549726653152665e-14,9.146731398996774e-252,-0.0006326712934514696,0.0004698878987392713,-0.00034024286334553475
7973,0.29047442081017094,-0.02270312896136759,-3.205372861924351,-0.03529069937130613,-0.13324000916599157,1.9997641031240425,0.0,-0.0,0.0,0.0,0.0,0.0
7974,-0.1816336805852604,0.16215675417693381,-1.7412376456313796,-0.039338296258458035,0.6834511688762023,2.0013035390185774,0.0,-0.0,0.0,0.0,0.0,0.0
7975,-0.028093155032339192,0.326246799725176,-2.722718535856305,0.29732685631622124,0.4190481908354975,2.0008282158980277,0.0,-0.0,0.0,0.0,0.0,0.0
7976,0.26150034551953893,0.36905140734088143,-2.56596310854007,-0.4100986074292575,0.505809122157411,1.9990653719627507,0.0,-0.0,0.0,0.0,0.0,0.0
7977,0.7977894234396994,-0.17351848805612569,-3.567845468175136,-0.2588919029814034,-0.1519957107897772,1.9975943560357723,0.0,-0.0,0.0,0.0,0.0,0.0
7978,0.5443885009750745,0.613714476341786,-0.3024836498021596,-0.9282960620264382,-0.0852623448238815,1.9988192544792545,0.0,-0.0,0.0,0.0,0.0,0.0
7979,-0.9532960373026588,-0.10538684044516355,-2.456978615156653,0.12654409037543826,0.17862772666502255,1.999708999633792,0.0,-0.0,0.0,0.0,0.0,0.0
7980,-0.22721450880880711,0.1383333585358356,-3.3776049537627713,0.4162995941640619,0.33784849330609745,1.998018778247013,0.0,-0.0,0.0,0.0,0.0,0.0
7981,-0.1320419229114713,0.9184619591730995,-3.548419279340451,-0.7396678769142612,-0.43027483934473465,2.0018051079186923,0.0,-0.0,0.0,0.0,0.0,0.0
7982,0.8527113396459599,-0.4395046536716236,-3.3174121494384976,-0.7063426901412966,-0.1965376354674164,1.998729108620753,0.0,-0.0,0.0,0.0,0.0,0.0
7983,0.39387493254358036,-0.4408545643328001,-3.401497098514005,0.3591728506489178,-0.717689239466269,2.0027298853958984,0.0,-0.0,0.0,0.0,0.0,0.0
7984,-0.8511604330445838,0.34157547650808007,-3.795920583534336,0.05383505926156924,-0.052332574742817814,1.9989823878649724,0.0,-0.0,0.0,0.0,0.0,0.0
7985,-0.0021630689415874814,-0.12840645283340407,-3.5466745465432954,-0.37844836631388856,-0.4902667958412771,1.9981336681440982,0.0,-0.0,0.0,0.0,0.0,0.0
7986,-0.3603856922578091,-0.8715169856207335,-0.9942912903171569,0.563209516195434,0.18565200638333398,2.0004463704870834,0.0,-0.0,0.0,0.0,0.0,0.0
7987,0.8698987824125003,-0.41914490569846125,-0.7978435416197521,0.7085555323055379,0.013781048202417927,1.9984767662702962,0.0,-0.0,0.0,0.0,0.0,0.0
7988,0.680220877845987,0.20435874692642145,-3.3619013243101943,-0.9630069978056076,-0.18132757463821922,1.9996994852863652,0.0,-0.0,0.0,0.0,0.0,0.0
7989,-0.06790661948343858,0.9630945542104805,-2.4241247617770028,0.5429098586903984,0.45988901512792457,2.0016873910193254,0.0,-0.0,0.0,0.0,0.0,0.0
7990,0.1783003523471024,-0.31934689228394153,-1.3775914928493131,0.33837846114222625,-0.7531150252322493,2.0054635783550414,0.0,-0.0,0.0,0.0,0.0,0.0
7991,-0.660468771711038,0.6177983080654972,-2.221321009121448,-0.5906122036443078,0.265463090543194,1.9993259138272277,0.0,-0.0,0.0,0.0,0.0,0.0
7992,-0.4341427177797424,-0.553005103539174,-4.037742163505501,0.5777853516405291,-0.45819328126951214,2.001102458006143,0.0,-0.0,0.0,0.0,0.0,0.0
7993,-0.3990036617518374,0.35834328383529057,-3.214795603145717,0.48939196099345816,-0.09879311763550482,1.9991307451502285,0.0,-0.0,0.0,0.0,0.0,0.0
7994,0.20002499817534086,0.5735235457131856,-2.5290013482966027,0.7269076907360761,-0.15294425507373363,1.9956834199272209,0.0,-0.0,0.0,0.0,0.0,0.0
7995,0.4350734174586446,-0.13751253999378826,-4.332005901039096,-0.1706892104010789,0.30872034634990003,2.0040190009876584,0.0,-0.0,0.0,0.0,0.0,0.0
7996,0.42271743954623575,0.5996805118116396,-3.105537870727604,-0.13611172238850172,-0.44089577120738016,2.001411401647404,0.0,-0.0,0.0,0.0,0.0,0.0
7997,0.5519921241176826,0.678161826322497,-3.5137626906836963,-0.6289119930679331,0.7066957727715177,2.000961346878792,0.0,-0.0,0.0,0.0,0.0,0.0
7998,0.5918999233138217,-0.7679748200561943,-0.3140742509655817,-0.7251006324580399,0.1255537351113377,2.001986172578471,0.0,-0.0,0.0,0.0,0.0,0.0
7999,0.7164619936348958,0.06236363993579487,0.24511359084380063,-0.6191529778322808,-0.4705156220437102,2.001038166586358,4.390165407123851e-14,1.5354258205921558e-14,0.0,0.0010216217106158833,-0.0003591282943994831,1.2410449315087258e-06
8000,-0.6006560690631532,-0.20605925307941353,-4.29252983422103,-0.6484754434347813,-0.6665352822779363,1.9975282441955895,0.0,-0.0,0.0,0.0,0.0,0.0
8001,-0.519707931856274,-0.009322188845511,-0.6472865359089006,0.41444841291805906,0.38514111668398726,2.0012217802492906,0.0,-0.0,0.0,0.0,0.0,0.0
8002,0.024576679449184152,-0.8376615233113199,-0.03241411936160575,0.7113128210203945,0.21115702414062573,1.997882591509502,0.0,-0.0,0.0,0.0,0.0,0.0
8003,0.6090186701768597,-0.19523963328741922,-3.5153770968882294,-0.4014043806080146,0.8630942345916492,2.0049859346368826,0.0,-0.0,0.0,0.0,0.0,0.0
8004,0.34131593594936976,-0.5904486822357297,0.4091416243556,0.2256485917750681,-0.29484027995195516,2.001803467463916,3.781014289147978e-15,1.2058402883098552e-14,1.6606287764213045e-257,8.751637247005807e-05,-0.0002761160782703219,0.000286590949008173
8005,0.7442900277848409,0.6139664847147873,-0.1477627693410075,-0.23777453326712325,0.44329467800540867,2.0030798227458186,0.0,-0.0,0.0,0.0,0.0,0.0
8006,-0.019874005175774905,0.941601736477265,-4.042145988443256,-0.32158942815493385,-0.09185938944095272,2.001434018875808,0.0,-0.0,0.0,0.0,0.0,0.0
8007,0.6379764655821153,0.5574693841023848,-2.5531440884859955,-0.8246547851837834,0.19936565990490243,1.9998759896924265,0.0,-0.0,0.0,0.0,0.0,0.0
8008,-0.017438543695841337,-0.6354857503089851,-1.114850688224014,0.14731319547984667,0.7670622495290481,2.001047004714089,0.0,-0.0,0.0,0.0,0.0,0.0
8009,-0.37139474365987796,-0.31764166200324984,0.20020357192283256,-0.5065859895607032,-0.7845985279849818,1.9998487990065164,-1.562764735241301e-14,-2.819215493765037e-15,-0.0,-0.0003581637313575111,6.455424331226108e-05,-6.053567425278398e-05
8010,-0.2902283065284929,0.5883535773112197,0.0062070181296142845,-0.8028617357992446,0.30860365485863295,2.000768281193807,-9.073461122822602e-15,-1.2219502415783357e-14,-0.0,-0.00020825786321600288,0.0002799864254535483,-0.0005252427820599347
8011,-0.10078655557589383,-0.04671416056854558,-3.7472304989642184,-0.1287902152046996,-0.32258023233314076,1.999636046619531,0.0,-0.0,0.0,0.0,0.0,0.0
8012,-0.6923227609658688,0.6917769641113568,-0.16295521521778267,-0.2604555014028684,0.24168166792107368,2.000140340815482,0.0,-0.0,0.0,0.0,0.0,0.0
8013,0.1581666017799862,-0.430008775935831,-2.2006479273101123,-0.17765171759487275,-0.37882208338573464,1.9994988364213964,0.0,-0.0,0.0,0.0,0.0,0.0
8014,0.3233897861036229,-0.20164006695344214,-3.0682826748196814,-0.8293096719342394,0.2385707180442148,2.0046226745295526,0.0,-0.0,0.0,0.0,0.0,0.0
8015,-0.4047287511187835,-0.7497784708254377,-1.7623448249805012,-0.4874171318311171,-0.027392665266655875,2.00167836694771,0.0,-0.0,0.0,0.0,0.0,0.0
8016,-0.6740029900880534,0.7183852508563757,-3.584821990726336,-0.014911832032395543,-0.17717505665278122,1.999287397144252,0.0,-0.0,0.0,0.0,0.0,0.0
8017,0.5940341737886713,-0.4748681648631474,-1.0719093222479716,0.5703932266333076,-0.6199067657613314,2.0001479892598573,0.0,-0.0,0.0,0.0,0.0,0.0
8018,0.46991999122293737,0.008633830946882276,-0.7856164159576992,0.45294179030147386,-0.10236092776475972,2.001991928692438,0.0,-0.0,0.0,0.0,0.0,0.0
8019,0.10121648145506505,-0.5477294471342332,-2.966686236196551,0.6798394000981635,-0.5550693921792306,1.994303789689349,0.0,-0.0,0.0,0.0,0.0,0.0
8020,-0.269666904904587,0.7479590127961592,-4.213643493947331,-0.41844872963220686,0.29239401416204275,1.998497845940556,0.0,-0.0,0.0,0.0,0.0,0.0
8021,-0.662328914876101,0.16896371918928263,-0.34442091448527123,-0.43963425922739285,-0.5014211382356877,2.0025815887638694,0.0,-0.0,0.0,0.0,0.0,0.0
8022,0.11823476949252894,0.8984351223273142,-1.3007385433032663,-0.648501211486567,0.35095178817674466,2.0005079147042526,0.0,-0.0,0.0,0.0,0.0,0.0
8023,-0.10831674016993452,0.2332138226460862,-2.537401954345135,-0.2449568134677015,0.5679960514999528,1.9992080786600877,0.0,-0.0,0.0,0.0,0.0,0.0
8024,-0.13493245436670784,-0.13653969687959253,-0.8178789806239538,0.8327583215562908,0.5159392645954781,1.9993101236062223,0.0,-0.0,0.0,0.0,0.0,0.0
8025,-0.06071567866879747,-1.02907212907691,0.24464388402707907,0.23348993424540632,-0.45868188511337027,2.0042225629183643,-5.891595934462737e-15,2.846066546759987e-14,-0.0,-0.0001350572431696049,-0.0006521556398125421,-8.750074020971507e-05
8026,-0.3825868708719232,0.27267827710251913,-2.2450368821106523,-0.494044741411189,-0.44570504547285583,2.0007832421713183,0.0,-0.0,0.0,0.0,0.0,0.0
8027,0.22216498234473583,0.4985882696593173,-2.004204092661622,0.4287656587972745,-0.7452897675013804,2.0002590632773742,0.0,-0.0,0.0,0.0,0.0,0.0
8028,0.2391864745686937,0.7646075829875019,-4.4444440374792125,-0.148513582803927,0.8419857210542743,2.002321738871506,0.0,-0.0,0.0,0.0,0.0,0.0
8029,0.25636349649387546,-0.13341475073279443,-1.9646000739496068,-0.07060839232860101,0.06374381926895765,1.9991584595222354,0.0,-0.0,0.0,0.0,0.0,0.0
8030,0.6213145080676779,-0.49103198504974166,-2.896982234912892,-0.1915697321089284,-0.02142445888506786,2.0025509388690352,0.0,-0.0,0.0,0.0,0.0,0.0
8031,0.34965811479700853,0.0111827128726337,-0.9000451067937227,-0.6499023002305745,0.5582568984000854,2.0003182744696817,0.0,-0.0,0.0,0.0,0.0,0.0
8032,0.34300577272055366,-0.8754710442713888,-0.7165899059142694,0.35764615560129026,-0.563267976007688,1.998158353044606,0.0,-0.0,0.0,0.0,0.0,0.0
8033,0.02486943410674649,-0.2585226361977938,-2.4496303869019433,-0.1283746459987266,-0.25957203083428293,2.0000003862004867,0.0,-0.0,0.0,0.0,0.0,0.0
8034,0.40643810225571847,-0.08286161270738802,-1.0066639821878423,0.16514397574722264,-0.461372694766404,1.9996401428718646,0.0,-0.0,0.0,0.0,0.0,0.0
8035,-0.2949419218806228,0.5854561003491475,-0.8761423663011005,0.187765232562164,0.339494927018426,2.000383943411018,0.0,-0.0,0.0,0.0,0.0,0.0
8036,0.8234255918231163,-0.2213019440279957,-0.8227984359414833,-0.7498945938616673,0.07956864219477888,1.9973282301517277,0.0,-0.0,0.0,0.0,0.0,0.0
8037,0.3979728753426824,0.6964168178160085,0.31808406821017104,-0.23613057818447894,0.5256387847188241,2.002374276300145,2.192075714129549e-14,-3.5194423271144706e-14,-1.598303998679255e-309,0.0005172251667159859,0.0008002990512507809,-0.0003130589235875189
8038,0.028736071254423175,0.4127080962842863,-0.17763143549390117,-0.044264568358656935,-0.31096970285204534,2.0013223025872073,0.0,-0.0,0.0,0.0,0.0,0.0
8039,0.42020265755335534,0.2820755095260252,-0.3739483089966611,-0.47425807018223204,0.736747705994224,2.0041337378283623,0.0,-0.0,0.0,0.0,0.0,0.0
8040,0.7232720092499554,0.13910814847803274,-0.19782660293997928,-0.8455628921134613,-0.17565077134778895,1.9988642976890147,0.0,-0.0,0.0,0.0,0.0,0.0
8041,0.44084950709798715,0.20492777176957339,-2.611085568400347,-0.5663789151837791,0.7332463635075674,1.9986499196487817,0.0,-0.0,0.0,0.0,0.0,0.0
8042,0.8578688096643143,0.14791544167926773,-1.7387136145475055,0.17011893126447034,0.9734113198976391,2.000145023886174,0.0,-0.0,0.0,0.0,0.0,0.0
8043,0.5656690955467569,-0.3070206596572282,-3.722935907801755,0.23117254859371547,-0.14766813072360088,1.9993944260924033,0.0,-0.0,0.0,0.0,0.0,0.0
8044,-0.017728850325219425,0.5725604911733436,-0.18442380467953634,-0.31233909146398475,0.7867421863297902,1.9957999391552985,0.0,-0.0,0.0,0.0,0.0,0.0
8045,0.12763910942570353,-0.6320718233208327,-1.2577477222794022,-0.7390256066757377,0.07614450768825466,2.0016636182429535,0.0,-0.0,0.0,0.0,0.0,0.0
8046,-0.8911721192910852,0.004050433423888611,-2.2403677914084814,-0.4627484449648632,-0.24074181775953854,2.0002903030260577,0.0,-0.0,0.0,0.0,0.0,0.0
8047,0.41823340061221526,0.7466932636153572,-0.31000129846264124,0.4885007993576214,0.8031870564461411,1.9986288198139461,0.0,-0.0,0.0,0.0,0.0,0.0
8048,0.1333830378568835,-0.4603943776479941,-4.264824427203011,-0.9124556386474235,0.3573210230143241,1.9983583617076002,0.0,-0.0,0.0,0.0,0.0,0.0
8049,0.8129163753458322,-0.43942071737894317,-0.8365473661927308,0.4235516323199946,0.6303753777906632,2.0008017121729442,0.0,-0.0,0.0,0.0,0.0,0.0
8050,0.7704263940166403,0.4772561594089973,-4.3803730733047805,-0.6778868383484097,0.003583401043226996,2.0015037391988213,0.0,-0.0,0.0,0.0,0.0,0.0
8051,-0.11462128431454405,-0.7377078535208139,-2.347442719936009,-0.4936541266539894,0.7094758272735692,2.002051140024052,0.0,-0.0,0.0,0.0,0.0,0.0
8052,0.6043481764842306,0.37909755538547135,-1.5090774879613362,0.3939433054492546,-0.2916889742728765,2.0013045202654056,0.0,-0.0,0.0,0.0,0.0,0.0
8053,0.6077142258427327,0.6894283441332598,-0.5922066853303534,-0.1620868986111993,-0.35496118052538145,2.0010121828962273,0.0,-0.0,0.0,0.0,0.0,0.0
8054,0.5869535160108702,-0.21444717652282247,-1.5457202330110982,0.15905717665120955,-0.19047191758371615,2.002318410426755,0.0,-0.0,0.0,0.0,0.0,0.0
8055,0.5795973096989997,0.4422946396996228,-4.2330922673262945,0.5575869388929099,-0.051069209403554965,2.001666812717958,0.0,-0.0,0.0,0.0,0.0,0.0
8056,0.7278201227862995,-0.07262344885600082,-0.9295047015042797,0.8311718047595691,-0.4043117944050879,2.002256292610604,0.0,-0.0,0.0,0.0,0.0,0.0
8057,0.6258824779594792,0.04295985005083002,-1.0850220331175402,0.4949015499970911,-0.21437848541777269,1.9975685840907864,0.0,-0.0,0.0,0.0,0.0,0.0
8058,-0.6460461918258296,0.600043271427879,-2.5447006517845536,0.32798957755572516,-0.9202753184631374,1.9948142043832298,0.0,-0.0,0.0,0.0,0.0,0.0
8059,-0.6153683587570637,-0.762787853778957,-0.8076259920725885,-0.3786209623410843,-0.5200627270574291,1.9999843589524917,0.0,-0.0,0.0,0.0,0.0,0.0
8060,0.15683940474620447,0.3441297772102999,-1.5031420382219411,-0.3293426782806391,0.9427043116729859,2.0006355113497714,0.0,-0.0,0.0,0.0,0.0,0.0
8061,-0.5564297096644207,-0.19787530593077143,-1.1749296928249084,-0.42429363133577364,0.7578223173305164,1.9995699722310738,0.0,-0.0,0.0,0.0,0.0,0.0
8062,-0.29251675900234997,0.10090605037008314,-2.2203373655108027,0.29558938760297065,0.6737717645540559,1.9980223789973444,0.0,-0.0,0.0,0.0,0.0,0.0
8063,0.34877752608882834,0.07171419069831395,-1.222640100005599,0.31804389546904294,-0.5738024541038629,1.995801515941651,0.0,-0.0,0.0,0.0,0.0,0.0
8064,-0.7165699939377643,0.5601424143564393,-2.5808511913104493,-0.46989820224186957,0.4099768401636011,1.9994430101355272,0.0,-0.0,0.0,0.0,0.0,0.0
8065,0.37725659228687003,-0.7571096869354257,-4.29890713365841,-0.6479864746325387,0.5048205928745338,2.0019743238243684,0.0,-0.0,0.0,0.0,0.0,0.0
8066,-0.2910466233321651,-0.8255218444595912,-2.278545746982468,0.6456279693349971,-0.16913795034800094,2.001136349543918,0.0,-0.0,0.0,0.0,0.0,0.0
8067,-0.12521259417968117,-0.4988153870478363,-2.9443265664162728,-0.5066785624606839,-0.18152906420706733,1.9976499710279256,0.0,-0.0,0.0,0.0,0.0,0.0
8068,-0.9695210442382566,-0.04821225272687208,-0.3369600597012415,-0.6010114290957456,-0.5428437382718216,2.0014321465652145,0.0,-0.0,0.0,0.0,0.0,0.0
8069,0.3426520466170132,0.3621716835438764,-1.1983003688511462,0.482213890784657,0.34771391937284324,1.9999514962176903,0.0,-0.0,0.0,0.0,0.0,0.0
8070,-0.6387231415055017,-0.36177054853181045,-1.9805530857843714,-0.1475876110732235,0.34221580660047063,1.9993543634456972,0.0,-0.0,0.0,0.0,0.0,0.0
8071,0.3584732934750865,0.19618574819814208,-1.2666669896639886,0.0045378823353647325,0.059442690748929036,2.003428023517581,0.0,-0.0,0.0,0.0,0.0,0.0
8072,0.2534750138140184,-0.7035024978480271,-0.06469916560615396,0.20626501605494454,0.5389866667312126,1.9980400211962008,0.0,-0.0,0.0,0.0,0.0,0.0
8073,-0.2559474622064901,-0.18810957711068468,-2.315397485832931,-0.20519609402398553,-0.20887598565414395,1.9997195608815947,0.0,-0.0,0.0,0.0,0.0,0.0
8074,-0.12009585648048933,0.7266456255906296,-1.2888341421128875,-0.09539227950257628,0.20546694074926403,2.0026453080547197,0.0,-0.0,0.0,0.0,0.0,0.0
8075,-0.7899854929012858,-0.07190965852810374,-0.32422725824915705,0.022024025883966566,-0.24143020529513415,2.0006121380251445,0.0,-0.0,0.0,0.0,0.0,0.0
8076,-0.7867460045868505,-0.5794315976786961,-3.584044395560014,0.41591366846630495,0.15959126273906968,2.0022508969954367,0.0,-0.0,0.0,0.0,0.0,0.0
8077,0.27045357875753895,-0.9381797999972037,0.4091171422998154,0.15351345573554326,-0.4229182580133374,1.9990433054729484,8.694224153865171e-15,2.1647453893649366e-14,3.0075194039086313e-257,0.000200316509362109,-0.000497010157957345,0.00024333224746288953
8078,0.8200329998717347,0.5523149153969323,-1.5477906327826987,-0.12249336889171353,0.3620780142629612,1.999945101399043,0.0,-0.0,0.0,0.0,0.0,0.0
8079,0.9877648352512157,-0.11871175171946911,-1.4610923483251128,0.24314447319751653,0.4846980550517775,2.0016929982170244,0.0,-0.0,0.0,0.0,0.0,0.0
8080,0.06523940569879041,0.48580374168099955,-0.7874372624833844,-0.0572527740690594,0.3683970751481575,2.002625544493726,0.0,-0.0,0.0,0.0,0.0,0.0
8081,0.40830600187677824,0.3307948867203019,-4.162844935488545,0.0870496879887712,-0.29785404241477,1.999496885763844,0.0,-0.0,0.0,0.0,0.0,0.0
8082,-0.10804894222313603,-0.7211379701709123,-1.7901182596795777,-0.04783490948504557,0.9195546662680892,2.003909798041498,0.0,-0.0,0.0,0.0,0.0,0.0
8083,-0.21852553053917317,-0.654652285496305,-4.439163295018173,-0.6119640946119791,0.7016852837412193,1.9976807823087046,0.0,-0.0,0.0,0.0,0.0,0.0
8084,-0.3602531701531838,0.48293529717638983,-0.9335487342877864,-0.7708687740201102,-0.08689210174926497,2.0001851529782715,0.0,-0.0,0.0,0.0,0.0,0.0
8085,-0.26997288715425644,-0.8318768874948997,-2.594781706203824,0.31859425376544287,-0.493400526868452,1.9995066991479227,0.0,-0.0,0.0,0.0,0.0,0.0
8086,-0.5472893755496447,-0.8259307628881484,-1.0288188782441507,-0.5725481650369386,0.5224832912038397,2.000231369003541,0.0,-0.0,0.0,0.0,0.0,0.0
8087,-0.3820306661386435,0.6595785250880329,-3.0714211467578334,0.7384198422382239,0.6199309961466134,1.9995677582236782,0.0,-0.0,0.0,0.0,0.0,0.0
8088,0.35791767668407826,0.06638806200350744,-3.538068390742931,-0.7015864379097121,-0.1228647697274742,2.000071017284732,0.0,-0.0,0.0,0.0,0.0,0.0
8089,-0.02635673682306149,-0.9504344249725741,-0.5973540183017152,-0.03248658780538338,-0.8959946527609658,1.9984601496468937,0.0,-0.0,0.0,0.0,0.0,0.0
8090,-0.5777980155776632,0.1219817317477417,-0.9210291853227517,0.3007651454716248,-0.649164597942325,2.0030461189787987,0.0,-0.0,0.0,0.0,0.0,0.0
8091,-0.7911648824600407,0.21819177129265246,-0.06718106290487222,0.11853590006689874,-0.6369920778387786,1.999899862024491,0.0,-0.0,0.0,0.0,0.0,0.0
8092,-0.39183944403162574,0.7410321875734186,-0.37308692108902153,0.038819836481824424,0.6321735812100878,1.9990406307297433,0.0,-0.0,0.0,0.0,0.0,0.0
8093,-0.9051659234453578,0.39528962909305276,-4.519897446196279,-0.3777065837047632,-0.8456531667559547,2.0005547746538475,0.0,-0.0,0.0,0.0,0.0,0.0
8094,-0.07486177167478406,-0.7460413288502105,-1.2404228661883672,0.6651452938884147,0.6346619574894419,1.9997201311179298,0.0,-0.0,0.0,0.0,0.0,0.0
8095,-0.28097263355927105,-0.9069796053061304,-4.275237935861777,0.40724388588298904,0.0023184501930275376,1.9973247776692422,0.0,-0.0,0.0,0.0,0.0,0.0
8096,0.36871010795622683,0.7893030237087434,-1.5603379233016903,-0.5059291475738819,0.650553396981695,1.9987321650282583,0.0,-0.0,0.0,0.0,0.0,0.0
8097,-0.49871908793116126,-0.29163532508264767,-4.344696966291131,-0.6887784805045081,0.027807787562180254,1.9998910559614487,0.0,-0.0,0.0,0.0,0.0,0.0
8098,0.1820358401204152,0.6098043272362758,-0.6122782825682287,0.2416656687914994,0.20779513603990785,2.000797918313891,0.0,-0.0,0.0,0.0,0.0,0.0
8099,0.5678337551414341,0.05192377532374201,-0.06697465078775063,0.4516731249722955,-0.19075530003855165,1.9979620143763057,0.0,-0.0,0.0,0.0,0.0,0.0
8100,0.10146814653552899,0.691433917480232,-3.1895424452349275,-0.10732133080149188,-0.21477415613700235,2.0060297027318224,0.0,-0.0,0.0,0.0,0.0,0.0
8101,-0.8306344378729895,-0.12378406028286203,-0.31417055750388373,0.7698233397269154,-0.5673681084154891,2.000416492632255,0.0,-0.0,0.0,0.0,0.0,0.0
8102,-0.35736307903507786,0.8063798023993051,-0.9955677374923689,-0.510937566602089,0.16102500294263125,2.0002882844848737,0.0,-0.0,0.0,0.0,0.0,0.0
8103,-0.5150495479594023,-0.5758138429603019,-4.045338039905179,-0.35871696206704645,-0.8172311292359459,1.996985464713507,0.0,-0.0,0.0,0.0,0.0,0.0
8104,0.3135898906553336,-0.03556378488154672,-1.3266185195772962,-0.858225847448128,-0.12100060097481836,2.0024233168955616,0.0,-0.0,0.0,0.0,0.0,0.0
8105,0.0700911426743055,-0.8181153251782373,-1.3618910326608253,-0.6792606343969616,-0.5318174988604675,1.9987714834104762,0.0,-0.0,0.0,0.0,0.0,0.0
8106,0.817754971474576,-0.4679351617246598,-1.5864950652972112,-0.48548451415987076,-0.5737561110469268,1.9977111834738237,0.0,-0.0,0.0,0.0,0.0,0.0
8107,-0.07282021352011263,0.5763983205293004,-2.3220026283139084,-0.30598631481001265,0.20479216788716006,1.9997659179352576,0.0,-0.0,0.0,0.0,0.0,0.0
8108,-0.2872610405494212,0.5255670027835826,-2.0712495756228297,0.09023468983497598,-0.7901395616718813,1.9982155845496359,0.0,-0.0,0.0,0.0,0.0,0.0
8109,-0.40467427488633617,0.05438468550422907,-2.3407623250448766,-0.6383772756706163,0.41674604620504924,1.9964885603063476,0.0,-0.0,0.0,0.0,0.0,0.0
8110,-0.6771222662718427,0.6928145051985857,-2.895764456891039,-0.06541534567124824,-0.19741151798305276,1.9990778234937017,0.0,-0.0,0.0,0.0,0.0,0.0
8111,-0.3360786362179551,0.6619462022215115,0.23635514228798982,-0.1896983682515382,-0.10795755877051783,1.998072734137488,-8.5588728055391e-15,-1.909321875700435e-14,-0.0,-0.00019688098863205163,0.0004385517915913998,-0.00012011162050628745
8112,0.47026099871731664,-0.5888260088393986,-0.9503169262070291,-0.4838047631712783,0.48465545549288913,1.9991886773278935,0.0,-0.0,0.0,0.0,0.0,0.0
8113,0.4977517210712265,0.8547882683757972,-2.532603449401042,-0.3796219104554721,0.9066033707865944,2.001217836115055,0.0,-0.0,0.0,0.0,0.0,0.0
8114,0.07010874856836494,-0.08222288500930654,-1.8892878783837275,-0.32447990154385853,0.7853993687743801,2.0013753420302023,0.0,-0.0,0.0,0.0,0.0,0.0
8115,-0.5179042279631656,-0.3163234685981242,-1.206668065522882,-0.8959581532699872,-0.25729688682259727,2.000739362625394,0.0,-0.0,0.0,0.0,0.0,0.0
8116,-0.32420395434499955,0.9254761265883141,-3.372235809796874,0.8752206355555227,-0.1666635177265224,2.001136049816167,0.0,-0.0,0.0,0.0,0.0,0.0
8117,0.20862412519973783,0.11134223061280674,-2.2166352107959235,0.40311909432225773,-0.6755284082181011,1.999936953897813,0.0,-0.0,0.0,0.0,0.0,0.0
8118,-0.07734556996514239,0.3270361542429175,-0.12043871441333985,-0.561659880277162,-0.5882145328819518,1.9990139605842283,0.0,-0.0,0.0,0.0,0.0,0.0
8119,0.7063185908110822,-0.5836473368274918,0.2626014186317627,0.020413191923543364,-0.37047203586820787,2.0016473655150824,1.7000386819672225e-14,1.484669520299641e-14,0.0,0.00039002345187216114,-0.00033800207737421766,1.1151041526182656e-06
8120,0.20999650846045356,-0.5451687193021854,-0.7134923447874222,-0.7868184358541952,0.2908485229201112,1.9967414698269832,0.0,-0.0,0.0,0.0,0.0,0.0
8121,-0.26047038345315243,-0.5303431196588639,-2.3746299303366607,0.06673919700541937,0.5089508816537248,1.9993795395921794,0.0,-0.0,0.0,0.0,0.0,0.0
8122,0.42591150344156636,0.3173760754748481,-2.650946691013758,-0.6537109565166408,-0.13727739812950465,2.0012737832845993,0.0,-0.0,0.0,0.0,0.0,0.0
8123,-0.4885101298264259,-0.8420710950824044,-1.7852632951870606,-0.41573976301806376,-0.8763362193141352,1.9980291017369798,0.0,-0.0,0.0,0.0,0.0,0.0
8124,-0.08693748704908713,-0.7437673575925157,-0.6469140434956959,0.37962218358782773,0.25241262839497447,2.0001567044640183,0.0,-0.0,0.0,0.0,0.0,0.0
8125,0.41072338431129307,0.7186473594866694,-2.986813344009029,0.25902932093095166,0.8678679823818196,1.997009206443066,0.0,-0.0,0.0,0.0,0.0,0.0
8126,0.07633141097105589,0.0576718386615331,-1.642464263037657,-0.2859055741628224,-0.4485793225464868,2.001522826636773,0.0,-0.0,0.0,0.0,0.0,0.0
8127,-0.39455016085544725,0.17630531627196475,-0.9300851279588638,0.2329286989016439,-0.052479496895585453,2.001343664008674,0.0,-0.0,0.0,0.0,0.0,0.0
8128,0.2825507519440968,0.1366857268651872,-4.453525988645724,0.1704087926701716,0.7562579071789058,1.9974181947664913,0.0,-0.0,0.0,0.0,0.0,0.0
8129,-0.43877025220538085,-0.37958085816512505,-3.854467009819676,-0.8941984335912853,-0.34026336659861744,2.0012941917293374,0.0,-0.0,0.0,0.0,0.0,0.0
8130,0.12980129184750844,0.8776882953835248,-2.202404101747449,-0.8281503431416855,0.5531257207033633,1.9978434427196576,0.0,-0.0,0.0,0.0,0.0,0.0
8131,0.2803791963417844,-0.1430289116963683,-2.0916702622593584,0.4034664691888567,-0.5230307241866821,2.001968555266024,0.0,-0.0,0.0,0.0,0.0,0.0
8132,0.142315310674555,0.3413034903693219,-0.4336975993212813,-0.18813029749073304,0.2047345740692371,1.999184904993973,0.0,-0.0,0.0,0.0,0.0,0.0
8133,-0.3448934110679582,-0.6652766310466746,-0.49014910767960046,0.10800231158704626,0.8528013308850074,2.000243700797876,0.0,-0.0,0.0,0.0,0.0,0.0
8134,0.0037147189598678992,-0.5652948399743848,-0.130287103509,0.28268642945164946,-0.11222635771877967,2.0045881358386146,0.0,-0.0,0.0,0.0,0.0,0.0
8135,-0.05330621617536095,0.05100418468770846,-1.6582999056850731,-0.9203241739612724,0.2440684567441632,2.0003465003322294,0.0,-0.0,0.0,0.0,0.0,0.0
8136,0.4856422773050606,0.3682301200131687,-1.6114645884544134,-0.9170011151476564,-0.2908022110179023,1.9994715408200847,0.0,-0.0,0.0,0.0,0.0,0.0
8137,-0.6716031075943187,-0.41921240629518053,-4.472467656127772,-0.3481744349267699,0.5664748506693968,2.0009216452984204,0.0,-0.0,0.0,0.0,0.0,0.0
8138,-0.45765039047010425,-0.177350791115189,-1.2476263171685422,-0.771432835383435,0.11815720647373668,2.0004190046853614,0.0,-0.0,0.0,0.0,0.0,0.0
8139,-0.2712397865599087,0.7343368506385175,-1.2509800685043337,-0.7812592764406728,0.1850425508207622,2.0000612914842497,0.0,-0.0,0.0,0.0,0.0,0.0
8140,-0.7910208996755163,0.20156083448071999,-3.923074681723392,-0.06252977060257976,-0.10167101058517454,2.0014891614740438,0.0,-0.0,0.0,0.0,0.0,0.0
8141,-0.1385950778410799,-0.22624975152322638,-3.250689510298423,-0.4779745187099155,0.8063959241108194,2.002677598248942,0.0,-0.0,0.0,0.0,0.0,0.0
8142,-0.150476748858667,-0.2891696875635302,-3.3525834891825346,-0.5433939058249543,0.3203488815253497,1.9997419071153564,0.0,-0.0,0.0,0.0,0.0,0.0
8143,-0.17501255093858303,-0.7545658697039548,-2.9621381848722854,0.7824210092847176,-0.3029319043305896,1.9969330618747283,0.0,-0.0,0.0,0.0,0.0,0.0
8144,-0.19487650962827702,0.5777909862568851,-1.821845643201325,0.11467503366303805,-0.3226771484236116,2.0029355652994907,0.0,-0.0,0.0,0.0,0.0,0.0
8145,-0.22585028077726033,0.28359925846599277,-2.769747760506422,-0.16695190426378276,-0.09412601007511275,1.9998150695204502,0.0,-0.0,0.0,0.0,0.0,0.0
8146,-0.09489036352068801,-0.0979147831483364,-0.23385371110416472,-0.7025465029421067,-0.6975500153792595,2.000939270059744,0.0,-0.0,0.0,0.0,0.0,0.0
8147,0.06348725008082194,-0.6807726063376496,-3.284268640868806,-0.3869911069567441,0.11434910770471639,2.0014617359754423,0.0,-0.0,0.0,0.0,0.0,0.0
8148,-0.004575931458548086,0.13023748314311093,-1.405880435767317,-0.18580004094964808,0.31951203472375755,2.0034332242024795,0.0,-0.0,0.0,0.0,0.0,0.0
8149,0.17135733025939,-0.3731137854960931,0.01811687551246238,0.31484992282566043,-0.8345335576626367,2.0015892726384035,7.086618459070056e-15,8.770168406286936e-15,-0.0,0.00016520548901120588,-0.000202082315467106,-0.0005761646980798051
8150,0.5167990451102541,-0.12356762397613136,-3.947117323487677,0.9388997072229248,0.12951237459434375,1.9995671907289594,0.0,-0.0,0.0,0.0,0.0,0.0
8151,0.5871559170094273,-0.778271329128809,-4.229869955070533,-0.03403210477606692,-0.30732409127697846,1.9995842074054948,0.0,-0.0,0.0,0.0,0.0,0.0
8152,-0.16025012288235901,0.4015476920942339,-2.702619048977693,0.5808858318073236,-0.7694290705604186,2.0007070983871054,0.0,-0.0,0.0,0.0,0.0,0.0
8153,0.15503912372932008,-0.9051595950048095,-0.7042725639905235,0.10664865936140562,-0.1730320924182282,2.002075862600708,0.0,-0.0,0.0,0.0,0.0,0.0
8154,-0.2575572600495738,-0.9324575389334815,-1.2298874586281716,0.20708800501683844,-0.664151755132693,2.0007729381871315,0.0,-0.0,0.0,0.0,0.0,0.0
8155,0.04699295041494636,-0.6521539520187147,-2.9896056583248907,0.027056113506504664,-0.14879942191706882,2.0010721870316877,0.0,-0.0,0.0,0.0,0.0,0.0
8156,-0.17857034774261737,0.22417665370228412,-1.3364181014409549,0.16475900430551832,-0.1557137489614547,1.9978466277256874,0.0,-0.0,0.0,0.0,0.0,0.0
8157,-0.17635140810457411,0.17317552857052027,-1.033654752648836,0.02091573308896408,-0.7415159927171316,1.9980034645955351,0.0,-0.0,0.0,0.0,0.0,0.0
8158,0.24359243923322899,0.05947716489047329,-0.5428994709989472,-0.05429937971966225,-0.7055329494709844,1.9986112974843884,0.0,-0.0,0.0,0.0,0.0,0.0
8159,0.07997231959406449,0.1630091343096296,0.4454664071211378,0.44073171652196547,-0.310589713878648,2.0017079013356205,-1.2773938654888188e-15,2.8321088311080928e-15,1.691751518387173e-237,-2.8314241866754808e-05,-6.592097999058745e-05,0.00036798511470551
8160,-0.24069789253240212,-0.463982326193292,-2.7073481876785825,-0.4213059169014326,-0.46415627748468746,1.9988048927830329,0.0,-0.0,0.0,0.0,0.0,0.0
8161,-0.40516320514009896,-0.8569149730280194,-1.9763774605381343,-0.07972340259999984,0.761857585715213,2.003653580219415,0.0,-0.0,0.0,0.0,0.0,0.0
8162,-0.44286860732485667,-0.3589614198642251,-3.386504858372652,0.6024085827404883,0.7057717437803438,2.000411627115871,0.0,-0.0,0.0,0.0,0.0,0.0
8163,-0.39899379157748793,-0.036500793676841496,-2.1905209231594025,0.3267525763457801,-0.0662727349502998,2.0011178140011934,0.0,-0.0,0.0,0.0,0.0,0.0
8164,-0.863477437871297,-0.4243567777104669,-2.074205952545849,0.5234867279831568,0.8237891439765649,1.9991670517498412,0.0,-0.0,0.0,0.0,0.0,0.0
8165,-0.5594550557055206,0.609668170881089,-2.4929611580394337,-0.870923544481209,0.05130958078884723,1.9974308132337977,0.0,-0.0,0.0,0.0,0.0,0.0
8166,0.2183645806455073,0.276845325094468,0.12012135275799785,0.5769236450753769,0.6051078406050232,2.0013597076169125,3.819386413294795e-15,1.8949526189817554e-15,-0.0,8.784134844027301e-05,-4.269274574217164e-05,-0.0002951778733019051
8167,-0.12887217841149473,0.8389731481419594,-4.481166664347267,0.7481331566264778,-0.3969499183759397,2.001796402500346,0.0,-0.0,0.0,0.0,0.0,0.0
8168,-0.221452819808395,-0.7642479923691453,-1.246628700553398,0.7247395354370068,0.019529498789474378,1.9992043343643529,0.0,-0.0,0.0,0.0,0.0,0.0
8169,0.12913669822591198,-0.8634338783286131,-3.8300983647098175,-0.6076578178600398,0.06924815719614602,1.9995744660871067,0.0,-0.0,0.0,0.0,0.0,0.0
8170,0.7901372846149107,-0.6018232457417203,-4.3296140408763595,0.27036719835118356,-0.4298372299376521,2.0003134004587997,0.0,-0.0,0.0,0.0,0.0,0.0
8171,-0.5922432146642226,-0.7286201180799571,-3.463411775280457,0.19897063716581995,0.16626600023938945,2.0016451940037947,0.0,-0.0,0.0,0.0,0.0,0.0
8172,-0.1515187890806268,-0.5714360190340458,-0.62241444683388,-0.3931988554755968,-0.23026935372525525,1.9998192750029888,0.0,-0.0,0.0,0.0,0.0,0.0
8173,0.11288539325140576,0.8654273522114865,-0.8065237706910292,0.8059766959873335,0.480076568556414,1.9987019021216885,0.0,-0.0,0.0,0.0,0.0,0.0
8174,-0.28910935566606977,0.830647678558523,-1.8524591907255246,-0.08107160759478221,-0.9857628342885344,2.001147498491629,0.0,-0.0,0.0,0.0,0.0,0.0
8175,0.7369246818836097,-0.5310778679046457,-3.776931687396108,-0.26294747482941466,-0.7736962116441499,2.001036976242539,0.0,-0.0,0.0,0.0,0.0,0.0
8176,0.4530775750796438,0.14094729693829994,-2.0550597640605237,0.1772402563165778,0.5904047365553565,1.999506969397126,0.0,-0.0,0.0,0.0,0.0,0.0
8177,-0.3529433155541308,-0.6420325958682674,-3.9461451432488537,-0.6240453954620914,-0.5813573331912639,1.9980497226515963,0.0,-0.0,0.0,0.0,0.0,0.0
8178,-0.14022713934987532,0.46067819066109833,-0.4323439411293387,0.8758540245011028,-0.3726310988862944,1.998510719527807,0.0,-0.0,0.0,0.0,0.0,0.0
8179,-0.40960817886937617,-0.22490410416937878,-3.1192349133133734,0.5227950810702463,-0.8318114938199518,1.9987610811634229,0.0,-0.0,0.0,0.0,0.0,0.0
8180,-0.0733061777639779,0.5142982023359487,-3.4988790290876364,-0.932487486903743,-0.056261953714367,1.999360777503949,0.0,-0.0,0.0,0.0,0.0,0.0
8181,-0.00825925314480625,-0.7178768558112505,-4.203374990296245,0.31594523453365053,-0.5243605345756415,1.9987079526684153,0.0,-0.0,0.0,0.0,0.0,0.0
8182,0.3659242488563718,0.04365386211043823,-1.8708485950778084,0.8750507506071978,0.08188165223299507,1.9989457030904139,0.0,-0.0,0.0,0.0,0.0,0.0
8183,-0.035961107641662826,0.6310460952069413,0.29464423658912275,-0.7188604316188867,0.3750233857310419,1.9984017244206602,-1.9684331260478476e-15,-2.0143284311295124e-14,-0.0,-4.54779568106855e-05,0.00046249534879156583,0.00010106008540520737
8184,-0.1905637884700305,0.13384897861094897,-2.9412758958834395,-0.22443725579588159,-0.6926486984988299,1.9986765453149202,0.0,-0.0,0.0,0.0,0.0,0.0
8185,-0.004555030825208828,0.31681748143018396,-4.3511835231035265,-0.14553152982243106,0.1855160012454025,2.0001174361175575,0.0,-0.0,0.0,0.0,0.0,0.0
8186,0.5389521364906965,-0.8391376940287182,-4.108800762630391,0.37651627152386113,0.25623428336677256,1.9968898435124611,0.0,-0.0,0.0,0.0,0.0,0.0
8187,-0.7139171899605362,-0.16935372406869834,-3.0991048128265515,-0.23969062218377274,-0.6588724115345028,2.0012369410366704,0.0,-0.0,0.0,0.0,0.0,0.0
8188,0.5220393142697788,-0.6628934760032669,-4.3503243592261605,-0.21454319435242286,-0.5098494312844283,2.004322798782556,0.0,-0.0,0.0,0.0,0.0,0.0
8189,-0.045358048976058225,0.8812347330030177,-1.6442093386749117,-0.388864544956016,-0.4098762693498954,1.9988904188211,0.0,-0.0,0.0,0.0,0.0,0.0
8190,-0.12706699991748707,-0.705734114035492,0.10015882030215541,0.32641489010251296,-0.6744789767703193,1.998873555782662,-9.69557606931078e-15,1.4370596866259437e-14,-0.0,-0.00022066390500225089,-0.00033212552126390174,-0.000404872293066054
8191,0.1019715792124818,0.30958088360660735,-3.211809071296607,-0.3998156057203954,-0.1805516314538982,2.0008972919759125,0.0,-0.0,0.0,0.0,0.0,0.0
8192,-0.18108030832936994,0.6866605078369762,-1.5523722209912534,0.6019244605932327,0.2689262823614447,1.9999590257197033,0.0,-0.0,0.0,0.0,0.0,0.0
8193,-0.007684042943689575,-0.0809960424310235,-1.5069305962112094,0.9243316081810861,-0.28362299559035786,2.000116723430593,0.0,-0.0,0.0,0.0,0.0,0.0
8194,0.3797806408780861,-0.2890027916983157,-0.7407817082939281,-0.9916876468419381,0.08929629071647932,2.0017591861772157,0.0,-0.0,0.0,0.0,0.0,0.0
8195,-0.7893748102675069,-0.2718761631363913,-1.6414966914496931,0.7320572433576596,-0.10911881499826145,1.999201486382368,0.0,-0.0,0.0,0.0,0.0,0.0
8196,-0.06672386901064657,0.6326689032881397,-0.1644388212106486,-0.39179534947961775,-0.6582937428750861,1.9994596253016623,0.0,-0.0,0.0,0.0,0.0,0.0
8197,0.3269924856379479,-0.08098102327980232,-3.955344163305408,-0.887655946545669,0.1376569044842508,1.9976699532469728,0.0,-0.0,0.0,0.0,0.0,0.0
8198,0.14320270549956965,0.4618490306213907,-3.9953765467115883,-0.707461376231649,0.12977842881673343,2.002268317319561,0.0,-0.0,0.0,0.0,0.0,0.0
8199,-0.48842250123016556,0.8147796692537127,-0.37679355628918365,0.2850324736042625,-0.4953090272003149,1.996894234510015,0.0,-0.0,0.0,0.0,0.0,0.0
8200,0.21628638647337273,-0.8022360340060201,-3.8792413718069922,-0.47665472598070313,0.8558662341728286,2.0008599752089036,0.0,-0.0,0.0,0.0,0.0,0.0
8201,0.5206497316226415,-0.431482951234798,-2.1507008164235706,-0.7763670992969468,0.4652436135841521,1.9999161401178298,0.0,-0.0,0.0,0.0,0.0,0.0
8202,-0.7978513662280136,-0.12100122067574387,-1.5843372161763225,-0.22210994912844534,0.8752085495873412,2.002690105479742,0.0,-0.0,0.0,0.0,0.0,0.0
8203,-0.31985103124622677,0.795377626252263,-0.5177419751784594,-0.138838357860754,0.1478680780177597,1.999823488877705,0.0,-0.0,0.0,0.0,0.0,0.0
8204,0.7779444206632395,-0.011632033077365189,-0.1052286176722983,-0.7325500566067987,-0.5499069026970074,2.0020932907906883,0.0,-0.0,0.0,0.0,0.0,0.0
8205,-0.20553388648068074,0.5028565983875609,-0.8136715500713696,0.7196489031817872,-0.17019317158052202,1.9987161416902786,0.0,-0.0,0.0,0.0,0.0,0.0
8206,0.7263166355176975,0.6365513444673861,-0.7436167430268961,-0.7723248191456742,0.006942639756067589,1.9997707056315208,0.0,-0.0,0.0,0.0,0.0,0.0
8207,0.7536415056786736,-0.49490343594902475,-3.405520273638263,-0.5997538320026093,0.4930465871270434,1.9993608254899957,0.0,-0.0,0.0,0.0,0.0,0.0
8208,-0.43573246310168745,-0.28356524450841686,-1.0126692209722872,-0.20263159326358207,0.4452720816460234,2.000520753245373,0.0,-0.0,0.0,0.0,0.0,0.0
8209,-0.03278188736618188,-0.6666094696692604,-4.208809105201979,-0.8982084403059449,-0.30052723766888284,1.9995178223700527,0.0,-0.0,0.0,0.0,0.0,0.0
8210,-0.08812455462191407,0.9387865019837275,-3.5138904331442995,0.5244667101616636,0.10715911665200971,1.9974626713891517,0.0,-0.0,0.0,0.0,0.0,0.0
8211,0.38772815974246344,0.04318464585666948,-3.4457961378316457,0.3934079424492538,0.24856760216220114,1.996415785633444,0.0,-0.0,0.0,0.0,0.0,0.0
8212,-0.48230440901190463,0.5629072115797266,-1.153308117902276,0.21030708183396646,0.5905583026961055,1.9996884326018678,0.0,-0.0,0.0,0.0,0.0,0.0
8213,0.4804587849810729,-0.4936964773616168,-4.369115220881348,0.3872615406661737,-0.781770286519133,1.9999719027613874,0.0,-0.0,0.0,0.0,0.0,0.0
8214,0.9305533232198748,0.10325685100351913,-4.049864920207667,-0.5937754727988998,-0.6685871820880063,2.0017035628528106,0.0,-0.0,0.0,0.0,0.0,0.0
8215,-0.17693358532631845,-0.1596681730007185,-4.307075013205308,0.646650490186067,0.41236856287416535,2.000617089307108,0.0,-0.0,0.0,0.0,0.0,0.0
8216,-0.6438786407264211,-0.18113028782780674,0.150176488742573,0.7301199972248442,-0.32366711493430017,1.9998527724536048,-6.571030173450465e-15,7.412028029171075e-15,-0.0,-0.00014979718251348546,-0.00017077125428621828,-0.00043049711529923615
8217,-0.5605902435847971,0.5774870958756114,-0.18056831421065794,-0.20478257787335452,0.4031603760532415,1.9985932260880164,0.0,-0.0,0.0,0.0,0.0,0.0
8218,-0.5482655025938225,0.45567628564514184,-1.4824419553977988,-0.3917011608890601,0.6995622147380562,1.9991857080225544,0.0,-0.0,0.0,0.0,0.0,0.0
8219,-0.3032749197783323,-0.5573771289235363,-2.7438925179363363,0.07289009692726048,0.9246075187587905,2.001272153956048,0.0,-0.0,0.0,0.0,0.0,0.0
8220,-0.07152595173258817,-0.6039979031772237,-2.0963004581828373,-0.5840271935723099,0.637064508120577,2.0003264535432446,0.0,-0.0,0.0,0.0,0.0,0.0
8221,0.5877403519922733,-0.3337203787052037,-0.3407480700979184,0.7309849928160902,-0.6527090411525042,1.999174729694801,0.0,-0.0,0.0,0.0,0.0,0.0
8222,-0.1507312627358243,1.0318762256041505,0.22964148693984085,-0.7242068220828657,0.6819140601650331,1.9998093085283422,1.2057770698127775e-16,-3.0363004207573195e-14,0.0,4.364311555094944e-06,0.0006985168429445324,2.3304655822515583e-05
8223,-0.2405855239360408,0.920529947064392,-4.174957855912537,0.13726100215503237,-0.4658304140181835,2.00157239549861,0.0,-0.0,0.0,0.0,0.0,0.0
8224,-0.12272544594216327,-0.6599130549847835,-2.2952660389695203,-0.12055898293731378,-0.6422958369517804,1.9998468339988293,0.0,-0.0,0.0,0.0,0.0,0.0
8225,-0.07597383721482684,0.3203250136609122,-2.009413551717467,-0.15205879230939884,0.0503114563158783,2.000054561185509,0.0,-0.0,0.0,0.0,0.0,0.0
8226,0.6387985887032591,0.4870228381115983,-3.5209440158418053,0.4179231007767808,-0.8834690254802247,1.998679956300855,0.0,-0.0,0.0,0.0,0.0,0.0
8227,-0.825618656227045,0.2712667024957429,0.2634495820052389,0.2556454153449354,-0.7652860980439614,1.9996462899862124,-2.5188600052305158e-14,-2.455209891648702e-15,-0.0,-0.000578124457839568,5.599511651585853e-05,-1.745553208258227e-05
8228,0.06559204550428167,-0.869284964766527,-0.9212575310166412,-0.0839119541456642,0.14587818593784868,2.003270530733707,0.0,-0.0,0.0,0.0,0.0,0.0
8229,0.24259298720111444,-0.06136768833928105,0.07543360791184396,-0.34315312676937243,-0.4962496408153884,1.9984660385196265,5.852597278217269e-15,6.717932595789831e-16,-0.0,0.00013599901652984375,-1.632663076054513e-05,-0.00047477754445101716
8230,-0.10747238491770324,-0.24315841143298483,-0.975288358080772,-0.8362113092137183,-0.013119366348486728,1.9971190510924772,0.0,-0.0,0.0,0.0,0.0,0.0
8231,-0.39472124394249397,-0.33827398550426213,-2.215908637541495,0.42345894575011744,-0.49895037960411676,1.9936038807451804,0.0,-0.0,0.0,0.0,0.0,0.0
8232,-0.650884042815475,0.6378149977888491,-1.1706647499581275,0.2982547593669567,-0.3647666948509542,2.000573485203097,0.0,-0.0,0.0,0.0,0.0,0.0
8233,-0.25881177330802757,0.9527084057370288,-1.044097507444151,-0.18553683168642426,0.24718752587691847,2.000790690547163,0.0,-0.0,0.0,0.0,0.0,0.0
8234,-0.7487112925893882,0.033308032719434444,-0.6377255133801618,-0.3968878379723452,0.5954645132143499,1.995190075969038,0.0,-0.0,0.0,0.0,0.0,0.0
8235,-0.9539023765375176,0.06403537403306049,-1.2552181169080472,-0.22162816167094365,0.32186440605812305,2.0006612629794875,0.0,-0.0,0.0,0.0,0.0,0.0
8236,-0.7557652595491348,0.4655654701205913,-1.5444694753046584,0.8746438195816125,-0.12336760293647193,1.9965664311895222,0.0,-0.0,0.0,0.0,0.0,0.0
8237,-0.5431117111886771,-0.7156098303433578,-2.1972087856705884,-0.2467753831055254,0.8762888269991679,1.9990215174448367,0.0,-0.0,0.0,0.0,0.0,0.0
8238,0.4918197119386272,0.732697569448551,-4.231859296849914,0.7585629777510153,0.5274490101583337,2.0009652036541743,0.0,-0.0,0.0,0.0,0.0,0.0
8239,-0.5809470905288628,0.7150229275120513,-3.5707497596189186,0.231581776944761,0.8456411360402302,1.99816464883913,0.0,-0.0,0.0,0.0,0.0,0.0
8240,0.42373330910135026,0.49076898665128627,-3.1983263183501056,-0.8780430252816348,0.30642885078444576,2.0007910113669585,0.0,-0.0,0.0,0.0,0.0,0.0
8241,0.6459223613437461,-0.1562908766549627,-4.362502466819819,0.05184464377138703,0.2324602996124002,1.9992086937667994,0.0,-0.0,0.0,0.0,0.0,0.0
8242,-0.4852168878664714,0.37605302695407694,-2.8731539693700867,0.6407756165737202,-0.2744252143151741,2.00063481638505,0.0,-0.0,0.0,0.0,0.0,0.0
8243,0.06465260024009638,0.5102934766659705,-3.9095469360968225,0.9684852491842083,-0.009611725307576898,2.000802342851283,0.0,-0.0,0.0,0.0,0.0,0.0
8244,0.28220342457851694,-0.7824549267858197,0.22853721559120374,0.4366757673922865,0.5550560640574644,2.001779421740878,8.523723563906672e-15,2.0169125153435722e-14,-0.0,0.00019676234742457965,-0.0004617875586957793,-0.00012970513108598523
8245,0.93482826028683,0.04628586402135934,-0.17307080739179503,-0.10319147526360672,-0.39874371578002205,2.0024224500311063,0.0,-0.0,0.0,0.0,0.0,0.0
8246,-0.28193302817002663,-0.3314541074427736,-3.8705316243938754,0.010399860998843187,-0.7635786938396869,1.9998042756195669,0.0,-0.0,0.0,0.0,0.0,0.0
8247,0.5953732469402879,0.024314987374793994,-3.9612456525276922,0.9312938415679167,0.06629696478422807,1.9987163003884094,0.0,-0.0,0.0,0.0,0.0,0.0
8248,-0.6551815461915813,0.4092918470149411,-1.412754555250924,0.33485839890363456,-0.42809875935953934,1.9974770900075896,0.0,-0.0,0.0,0.0,0.0,0.0
8249,-0.5531021945386169,0.5268510756824621,-3.1868563655609634,0.1683804950576962,0.520686962611038,1.9981326325195077,0.0,-0.0,0.0,0.0,0.0,0.0
8250,0.18740369755842173,-0.9046750129343512,-0.7595952645925619,-0.520804159408686,0.11000982488682885,2.0003000287994226,0.0,-0.0,0.0,0.0,0.0,0.0
8251,0.5371798519589666,0.6975865109598618,0.06476613407537092,-0.007311310078278551,0.36789441361268566,1.9996387977405556,1.4504359808240128e-14,-3.598576885945039e-14,-0.0,0.0003346035507880578,0.0008326725362155964,-0.0003288349950218667
8252,0.036854384579082126,-0.793257321937964,0.02961014697827194,0.49717620237165544,-0.6065119252268346,1.99940836609994,3.168387640259733e-15,7.719304358069462e-15,-0.0,7.175084913958313e-05,-0.00017660746621151992,-0.0006832744593589593
8253,0.08647917704743675,0.6084293463460992,0.41670642635155836,0.7472092660736692,-0.5814297393464474,1.99608168962196,-8.976008525803387e-15,-1.7628147090653505e-14,-2.775851938730192e-253,-0.00020116724784011668,0.0004108355949260931,0.0005166410524856669
8254,0.7609502271991322,-0.1859163582172918,-3.7210942121229498,-0.5459076589497134,0.5058823445378031,1.999283203786807,0.0,-0.0,0.0,0.0,0.0,0.0
8255,0.634529189889854,0.6235484066558643,-1.8031457922211964,0.4393354268521053,-0.4596541361019675,2.001973996041676,0.0,-0.0,0.0,0.0,0.0,0.0
8256,-0.6810319850858378,-0.7161425562323229,-0.1197616059413247,0.07486970069556913,-0.8599696020779196,2.001470477887328,0.0,-0.0,0.0,0.0,0.0,0.0
8257,-0.7582956450274358,0.21540698050866805,-4.441462894189784,-0.17476371583719505,0.465573309833564,1.9983074447040237,0.0,-0.0,0.0,0.0,0.0,0.0
8258,0.2065842087158451,0.07095035171825453,-0.17031174583820688,-0.7527201194170045,-0.5887936762580579,2.0009009120841745,0.0,-0.0,0.0,0.0,0.0,0.0
8259,-0.4928536838806975,0.5217696248928649,-0.8912389769132705,-0.10613493283776193,-0.097044817851572,1.9990740609793984,0.0,-0.0,0.0,0.0,0.0,0.0
8260,0.6366141292922831,0.6916638759155538,-0.408647505904196,0.7808427963220381,0.3885256879974041,2.002007352909161,0.0,-0.0,0.0,0.0,0.0,0.0
8261,0.48335311866967523,0.189868832689078,-0.8386698554525284,-0.6012665469438853,-0.16980681509298284,1.9979757576241086,0.0,-0.0,0.0,0.0,0.0,0.0
8262,-0.37629688310363396,0.8486824779269923,-0.2455750762312455,0.5861018614404527,-0.5481003548892667,2.0014175253985016,0.0,-0.0,0.0,0.0,0.0,0.0
8263,-0.06137132654394812,0.7260092396757286,-3.179037991842263,0.7115333203085213,-0.43417674961383734,2.000883753982852,0.0,-0.0,0.0,0.0,0.0,0.0
8264,0.8928659505914149,0.3752969713605784,-3.5669360687428457,-0.29564039476167586,-0.9070661172771812,2.0044308227374383,0.0,-0.0,0.0,0.0,0.0,0.0
8265,-0.2784331220354082,-0.3460378506003852,-1.7299952823267493,0.33783671458682524,0.17111104199176566,2.000522498492818,0.0,-0.0,0.0,0.0,0.0,0.0
8266,0.8882080787337739,0.23474068691802313,-4.13944565678271,0.7255347104082033,-0.053719707825842136,2.0004232072754076,0.0,-0.0,0.0,0.0,0.0,0.0
8267,0.48639396408243046,-0.13939891088386286,-0.04792582854276125,-0.20049446836909846,-0.7022189686075231,1.9983515125978792,0.0,-0.0,0.0,0.0,0.0,0.0
8268,0.5168506521158643,-0.6114150508993622,-2.0764053938194365,-0.09444495742854199,-0.7320005544331522,2.003304182241279,0.0,-0.0,0.0,0.0,0.0,0.0
8269,-0.38405486367292146,-0.7675119036171245,-0.6322426242258516,-0.035205362785400734,-0.7625667076040313,1.9958833592211196,0.0,-0.0,0.0,0.0,0.0,0.0
8270,-0.3804854862413075,-0.8109456494520794,-0.8033102043264209,0.557134545065488,-0.2176316111828947,1.9976577354695204,0.0,-0.0,0.0,0.0,0.0,0.0
8271,0.8310966386163969,0.051030405691316914,0.42695240158583747,0.6233696082668813,-0.5969170270923725,1.9995891402066772,2.026580199318678e-14,-4.221979826888151e-15,1.3377219939784569e-247,0.0004654690156129078,9.582036262450023e-05,0.0004234105184063253
8272,-0.3963142842715782,-0.3604720959175908,-1.4939331301497805,-0.027828692169224446,0.1666521782857646,1.998469599399887,0.0,-0.0,0.0,0.0,0.0,0.0
8273,0.20158929023456365,0.018545340867222565,-1.2931650701725481,0.007164401033064679,-0.7239258859349671,2.0011352744749855,0.0,-0.0,0.0,0.0,0.0,0.0
8274,0.7973796074411927,-0.34908488868660076,-0.6191508143768253,0.1354415516978122,0.10244511515807017,2.0017778196646137,0.0,-0.0,0.0,0.0,0.0,0.0
8275,-0.7458992069824871,-0.13265148650947595,-4.444141774628873,0.4626381932311946,0.29127433601393204,1.9992223438130459,0.0,-0.0,0.0,0.0,0.0,0.0
8276,0.19362763687929727,0.5982101032233795,-2.140919571253881,-0.37358612359283255,-0.6644352723089126,2.0000801742774943,0.0,-0.0,0.0,0.0,0.0,0.0
8277,0.11127426987866663,0.05426667312779875,-1.4863847841927444,-0.5154097153771073,-0.7516937001906052,1.997301469150589,0.0,-0.0,0.0,0.0,0.0,0.0
8278,-0.35198563703285524,0.19842735327315542,-0.44756302159292854,0.8340070884088807,0.40264885658857014,1.9999740573637705,0.0,-0.0,0.0,0.0,0.0,0.0
8279,0.18508478261314718,0.11236941847792677,-2.5137099744618467,0.18717852890078351,-0.6670906161020477,2.0005261878689926,0.0,-0.0,0.0,0.0,0.0,0.0
8280,0.7419343543268992,-0.41151132028879756,-1.4101832997948494,-0.15433054630809026,-0.11994548671407515,2.0021283671349064,0.0,-0.0,0.0,0.0,0.0,0.0
8281,-0.17304183919441743,-0.1893858741388696,-4.056439523361734,0.5772948147327293,0.5816049129834614,1.9999134065754434,0.0,-0.0,0.0,0.0,0.0,0.0
8282,-0.07266379054865489,0.4614159177585905,-0.5590656022865277,-0.8694899443438229,-0.3582520368823718,2.0027136490103965,0.0,-0.0,0.0,0.0,0.0,0.0
8283,-0.39942331764366734,0.2557059117289206,0.24871315840065983,-0.9743674242127396,-0.1166557191976931,1.9983293331564238,-9.055380801245616e-16,-5.121417542083376e-15,-0.0,-2.165706642684183e-05,0.00011732413586804723,-3.620784529332056e-05
8284,-0.5973572935882497,-0.7379726667849551,-0.172695792864574,-0.5997048934200511,-0.7314829932082152,2.00249415058774,0.0,-0.0,0.0,0.0,0.0,0.0
8285,-0.6702067202105308,-0.21620095141207618,-3.8688524330416616,-0.7200421394557449,0.6769097723432987,2.001703707359075,0.0,-0.0,0.0,0.0,0.0,0.0
8286,0.28662876715434565,0.6880077468861271,-1.080510763606852,0.042815031016466214,0.3442885550495014,2.0018516143716165,0.0,-0.0,0.0,0.0,0.0,0.0
8287,0.7476803202188298,0.09777762444715479,-2.192208906750495,-0.7314653735582013,-0.4704488583363181,2.0027615262468506,0.0,-0.0,0.0,0.0,0.0,0.0
8288,0.4783466450628641,0.05919251998498804,-0.5826745716913588,-0.4786997423915396,-0.742587470217937,2.0021535655245404,0.0,-0.0,0.0,0.0,0.0,0.0
8289,-0.12323081561320319,-0.4206347225374439,-3.1820952390917756,0.215354317304832,-0.3692896791481027,2.002018160038307,0.0,-0.0,0.0,0.0,0.0,0.0
8290,0.17279904681951921,0.4687596666592836,-4.438204837675507,-0.25798954359455073,-0.044410008508598386,1.999243911727389,0.0,-0.0,0.0,0.0,0.0,0.0
8291,0.8174222819381772,0.01515831912099262,-1.1871043286720973,-0.6916777851773115,-0.020715766878301217,2.000627552290188,0.0,-0.0,0.0,0.0,0.0,0.0
8292,-0.5162190126491072,0.7409101218635609,-0.5355469430604928,0.2552143737988297,-0.26475871770274384,1.9989075919407284,0.0,-0.0,0.0,0.0,0.0,0.0
8293,-0.2196240649252071,0.6338682724029167,-2.2200875724293034,-0.685304526078135,0.25464760479313864,1.9983362130195577,0.0,-0.0,0.0,0.0,0.0,0.0
8294,0.24182298164388824,0.14699051109156214,-0.568297548209539,0.4453074833057822,0.6931260658715109,2.0025140957510232,0.0,-0.0,0.0,0.0,0.0,0.0
8295,-0.10169854873896708,0.21784457612570035,-0.5490417985965084,0.8739975893574828,-0.2725176109236514,2.000483662611051,0.0,-0.0,0.0,0.0,0.0,0.0
8296,-0.8794058777564807,0.17541721141261138,-1.156505512940791,0.7931267901409227,0.17644244957355196,1.9996883575275093,0.0,-0.0,0.0,0.0,0.0,0.0
8297,0.16233164694165916,-0.22528115347757557,-1.50540891340132,-0.5123709094976227,-0.7906763169985079,1.9986973426969803,0.0,-0.0,0.0,0.0,0.0,0.0
8298,0.7946061123942223,0.42923086685703166,-3.724868840000485,-0.10595312673042033,0.5556086914904488,1.9979348468179103,0.0,-0.0,0.0,0.0,0.0,0.0
8299,0.7929646864191251,-0.41194895783309826,-3.070727477965183,0.6756743985750772,-0.09543063516243797,2.001296108333642,0.0,-0.0,0.0,0.0,0.0,0.0
8300,-0.040289839455287135,0.6506666276795882,-1.7744013872651585,0.9241208049749929,0.3770456158847211,1.9961902572458667,0.0,-0.0,0.0,0.0,0.0,0.0
8301,0.03630078386319205,-0.860181618286579,-3.462299257934644,0.03295598581870243,-0.3816361341039543,2.001003054998812,0.0,-0.0,0.0,0.0,0.0,0.0
8302,0.08385769036360531,-0.6377011101023096,-0.33606913469089045,0.18012089056117972,0.5203376549414878,2.0003555108903694,0.0,-0.0,0.0,0.0,0.0,0.0
8303,-0.21893337166348983,0.16054699631363414,-0.3534124961496665,-0.012165772199180927,-0.9794683146136326,1.996327067939881,0.0,-0.0,0.0,0.0,0.0,0.0
8304,0.048696960351470996,0.11488951394203713,-2.435234667006358,-0.4498942961153526,0.678367724967424,1.996011894538954,0.0,-0.0,0.0,0.0,0.0,0.0
8305,0.6491966190451167,-0.6037627878215552,0.15892384128553702,-0.10823825556079923,-0.7371748225785772,1.9991939786515798,1.6576844689969685e-14,2.516688295509603e-14,-0.0,0.0003841610057601649,-0.0005759795744840599,-8.445510416579634e-05
8306,0.9246599884683745,0.08520116275136443,-2.5955602183791324,-0.19738700253482128,0.042050467857707094,2.002112886775655,0.0,-0.0,0.0,0.0,0.0,0.0
8307,0.4456601010027001,-0.29002712132826836,-1.813420970397709,-0.356965823066773,-0.1505221651661116,1.9974679509243871,0.0,-0.0,0.0,0.0,0.0,0.0
8308,-0.3735128850647816,0.5842975460022043,-3.282978174589896,0.7888607295233614,-0.35948861836985524,1.9969218593440459,0.0,-0.0,0.0,0.0,0.0,0.0
8309,-0.2203086709614936,0.5373690673999595,-2.0541424275775597,-0.5730391888498181,0.5843554451597397,2.0013532955383315,0.0,-0.0,0.0,0.0,0.0,0.0
8310,-0.5528927916301328,-0.16952623458489402,-2.7936474381163445,-0.7914706266369269,0.32136795586512557,1.9989287515093652,0.0,-0.0,0.0,0.0,0.0,0.0
8311,-0.15235203757837298,0.7487932823337368,0.2477558042063036,0.8964060585348774,0.1909963497660969,1.9941068000970676,8.308564683425081e-16,-2.0533631355415328e-14,0.0,1.8844961604934082e-05,0.0004726693287708584,6.835653860082717e-05
8312,-0.2907711966838103,0.6679427094715973,-4.285665241803105,0.3085106403814873,0.6456049962322243,2.000064050525221,0.0,-0.0,0.0,0.0,0.0,0.0
8313,-0.3079322434008567,0.41944038004715833,0.22783773680276964,0.14962194176616347,0.1367946444634837,1.9976049343594173,-9.40185916245024e-15,-6.047566077041064e-17,-0.0,-0.00021710349037251236,2.1943672408973584e-06,-0.00018766934174664472
8314,0.8327677407431089,0.22586273903666243,-2.9574428476369414,0.8012148088693392,-0.016991611572804148,1.9996321170532083,0.0,-0.0,0.0,0.0,0.0,0.0
8315,0.008215621528163249,0.09448140029318759,-2.381778909817838,0.4641290282987164,0.6954757583573499,2.0008613483243627,0.0,-0.0,0.0,0.0,0.0,0.0
8316,0.4006005243436209,-0.8008345469968006,-2.9387870399727363,0.49944168709091075,-0.10474630993281041,2.0003328369652316,0.0,-0.0,0.0,0.0,0.0,0.0
8317,-0.2557517042659808,0.07164670952475805,-1.756425854089766,-0.7881122102291496,-0.4673146223276332,2.0028423107248248,0.0,-0.0,0.0,0.0,0.0,0.0
8318,-0.13336371740337355,0.3304354584029058,-3.9903745623231726,0.5102740414856846,-0.4592171276317346,1.9994720971530746,0.0,-0.0,0.0,0.0,0.0,0.0
8319,-0.30018394299307,0.5330303304417306,-3.136551413854032,-0.38889595101977686,0.692817788899477,2.0013871851117337,0.0,-0.0,0.0,0.0,0.0,0.0
8320,-0.2500706185584238,-0.5732739145267308,-1.530265329746149,0.19747585859251732,0.6382109965311521,2.003113132826438,0.0,-0.0,0.0,0.0,0.0,0.0
8321,0.5606612892919668,-0.4677965372184752,-1.4207643822644114,-0.08478041929487062,0.7918884229218636,2.0024516190842894,0.0,-0.0,0.0,0.0,0.0,0.0
8322,0.6050142463603791,0.32125113461199023,-4.466211748294199,0.7625198156859629,-0.02609695277197999,2.0000820146931564,0.0,-0.0,0.0,0.0,0.0,0.0
8323,0.915813170545173,-0.06068106492474478,-1.151803698673177,0.2084470245271615,0.5095879694269508,1.9984641737009277,0.0,-0.0,0.0,0.0,0.0,0.0
8324,0.7706890737824914,0.6136941725940347,-4.256662879661534,0.36055487098835937,0.4728326511646549,2.001654844826618,0.0,-0.0,0.0,0.0,0.0,0.0
8325,0.38968195945852774,0.7624611614242722,0.02458557466549425,0.8150382272036842,-0.18647509086728087,1.9970369365785399,6.981216233274324e-14,-2.722510198090336e-14,-0.0,0.0016796618927560328,0.000759380792226144,-7.550696704274539e-05
8326,-0.6630259443381186,0.10936598787010482,-4.453095535239637,0.7896241147057562,-0.24883697199110755,1.9977505661573154,0.0,-0.0,0.0,0.0,0.0,0.0
8327,0.4615174162812844,0.011283654395875966,-0.7618447711930396,0.5563261476464345,0.13459127993033068,2.0027345271933594,0.0,-0.0,0.0,0.0,0.0,0.0
8328,0.38488210158938513,0.21707382299759198,-2.296025213123096,-0.7789604829248072,0.3916415602707017,2.0004065067558607,0.0,-0.0,0.0,0.0,0.0,0.0
8329,0.0700656489810609,0.6001222955035845,-0.43442150057572815,-0.21697256679329016,-0.056517608704265546,1.9952514029652995,0.0,-0.0,0.0,0.0,0.0,0.0
8330,-0.07954107782845807,0.12776243518704378,-1.8726784291934901,-0.2252322602497345,0.0207820999695028,2.0027527726750725,0.0,-0.0,0.0,0.0,0.0,0.0
8331,0.4595000490985977,-0.7003133743503321,-1.1153994172779607,-0.3052192321590877,0.13187956778406565,1.998751483069873,0.0,-0.0,0.0,0.0,0.0,0.0
8332,0.17496054018396628,-0.32487017565913673,-0.6446960923045134,0.03771362496067961,-0.646755445547883,1.9987163129351089,0.0,-0.0,0.0,0.0,0.0,0.0
8333,0.08879900762853457,0.5364524629973461,0.23140856400466803,-0.3138239269915286,0.2739814278303274,1.9991540772978416,-2.610048555329853e-15,-1.033059211030875e-14,-0.0,-5.960446587115944e-05,0.0002373568963332743,-0.00011367955976301274
8334,-0.1295748872204273,-0.9858229424242029,-0.7473510861510112,-0.4442901555502739,-0.7088169997084104,1.9996813887113907,0.0,-0.0,0.0,0.0,0.0,0.0
8335,-0.5367887990874611,0.08440277838875505,-4.075709902457736,0.09629096187412775,-0.4621406351578806,2.0053028150159546,0.0,-0.0,0.0,0.0,0.0,0.0
8336,0.7673651138802371,-0.045343194860161126,-1.4850682510633402,0.9624141866474598,0.22254714442469528,1.9987929938697409,0.0,-0.0,0.0,0.0,0.0,0.0
8337,0.1854969469432419,0.5535943323525976,-1.4677491197647492,-0.8583032381525725,-0.056292164997333485,2.0027754547659975,0.0,-0.0,0.0,0.0,0.0,0.0
8338,0.7842261452000094,0.07209855125252794,-2.491382927363241,-0.3918970197974951,-0.8233158332058246,2.0016451828287987,0.0,-0.0,0.0,0.0,0.0,0.0
8339,-0.17884418559534407,0.6971169216572971,0.021708015172538897,0.8437434972790536,-0.35562902128943036,2.001870103095791,-5.1188219474526445e-15,-1.7359022593256385e-14,-0.0,-0.00011696687303189289,0.00039999603560644174,-0.0005060322618141164
8340,-0.5702179141494282,-0.85184956174319,0.2499657642795198,0.4582010859811385,-0.6183648294765147,1.9987491444272427,-1.4926169515688617e-14,2.0896782891307204e-14,-0.0,-0.0003428662587846479,-0.0004801023570277991,-3.1207247341827746e-05
8341,-0.5677087447740363,0.24972208528850248,-0.5222637781314728,0.4726447230150023,-0.5612101111671145,2.0020265450839623,0.0,-0.0,0.0,0.0,0.0,0.0
8342,0.3798383850623224,-0.7630352381961795,-1.53865073063014,-0.41768961718191644,-0.3058365448570819,2.000995958923948,0.0,-0.0,0.0,0.0,0.0,0.0
8343,-0.5532452357455712,0.2924477568792515,0.3510664639647245,0.6740943529332638,-0.7240362239629864,2.0012461635717136,-8.924134516934187e-15,-6.613220649516782e-15,9.717480290794816e-291,-0.00020428746815514536,0.0001515720975844247,0.0002608875919122943
8344,-0.49433396931628837,-0.40245893951434164,-0.8578112942195582,0.18682949309983798,0.31597211780699214,1.99655258143234,0.0,-0.0,0.0,0.0,0.0,0.0
8345,-0.02918621482266558,-0.7976708716521589,0.2267111483704988,-0.7779617013105394,-0.4494394940518045,2.0030492158066946,-1.5768007552915896e-15,2.0477431816285323e-14,-0.0,-3.4250942181229566e-05,-0.00047051741329137296,-3.705628269178554e-05
8346,0.1945494902975863,0.25678275254587934,-2.5313568705125,-0.3112228913865641,0.9022240332353488,2.001461481163731,0.0,-0.0,0.0,0.0,0.0,0.0
8347,0.3893401347757083,0.902228860054951,-3.3458753885153647,0.5892633592362525,-0.3527252477363502,2.0006862913319554,0.0,-0.0,0.0,0.0,0.0,0.0
8348,-0.9243312165933482,0.17205312565449973,-2.4331908610778297,-0.677131754018986,-0.4364863139893605,1.9991910946208615,0.0,-0.0,0.0,0.0,0.0,0.0
8349,0.10814943471063204,-0.04148300279488347,-3.3491462568493833,0.7101917018763108,-0.6965871465169944,1.9954373307821243,0.0,-0.0,0.0,0.0,0.0,0.0
8350,-0.9392568444001194,-0.3427633222290765,-3.02718275711225,-0.639891206403535,0.6122839104179757,1.9971004144217825,0.0,-0.0,0.0,0.0,0.0,0.0
8351,-0.5803710484290259,0.6288676557882589,-1.9314911359421663,-0.24613838707634905,-0.6105912485052899,2.003224492608577,0.0,-0.0,0.0,0.0,0.0,0.0
8352,0.5083147038216704,-0.6661218836432199,-1.517854720524987,-0.07103772680934947,0.2124729278475433,2.001621277433138,0.0,-0.0,0.0,0.0,0.0,0.0
8353,-0.08502435566367601,-0.593127990460706,-2.4062541458374236,-0.11813812729239487,-0.9337841799047284,1.9974948363283205,0.0,-0.0,0.0,0.0,0.0,0.0
8354,0.10947481586664409,0.9175018073750646,-1.0207368931667957,0.9775460441073492,0.20112030461347813,2.0000356173420775,0.0,-0.0,0.0,0.0,0.0,0.0
8355,-0.009086218652294272,-0.7200335116991421,0.2152565154167505,0.14028929954188285,0.4527655749746531,1.9997690922277171,-5.163406198721976e-15,2.2649756114773556e-14,-0.0,-0.0001198758869362896,-0.0005205469947068907,-0.00012245030142236354
8356,0.5086404484549053,0.5419013668961586,-1.4426186134661243,-0.42583377873764305,0.6697977665392543,1.999150347159266,0.0,-0.0,0.0,0.0,0.0,0.0
8357,0.7803643690034332,-0.13246022037322738,-1.6726717516458818,-0.04746612547239476,-0.2505957672740449,2.000147383011059,0.0,-0.0,0.0,0.0,0.0,0.0
8358,0.46567842265136616,0.24395651519031666,-0.1433977492814945,-0.6244531929061768,-0.4933850476221091,1.9995070504096881,0.0,-0.0,0.0,0.0,0.0,0.0
8359,-0.8482798740478072,0.33615553255442204,-0.3363940154349187,-0.9506777583105656,0.10156480118978094,2.0004540570857823,0.0,-0.0,0.0,0.0,0.0,0.0
8360,0.4585631021872454,-0.04178904989556277,-2.1332242036708675,0.12368805243232603,-0.3787445642180071,2.0022282427358737,0.0,-0.0,0.0,0.0,0.0,0.0
8361,-0.9138805637252677,0.06507521103782486,-4.24796293005328,-0.4504115894114244,0.7471449341114735,2.0011375055162506,0.0,-0.0,0.0,0.0,0.0,0.0
8362,-0.2385182744679355,0.16219638051312998,-2.852051544706365,0.09940952975423586,-0.23083925189645665,2.003736271645464,0.0,-0.0,0.0,0.0,0.0,0.0
8363,0.9570833190037604,0.13652150061935098,-1.0170296495277698,-0.5310390679779151,0.6220879072880869,2.0027632665035524,0.0,-0.0,0.0,0.0,0.0,0.0
8364,-0.6998132002847497,-0.31466360427089596,-1.3520323441921025,-0.8847006582713881,-0.21274285440660118,1.9980913051444567,0.0,-0.0,0.0,0.0,0.0,0.0
8365,0.060071955012840725,-0.47370188653890566,-3.1036485028944525,-0.6748818478724309,0.40278284886425225,1.9971822924364215,0.0,-0.0,0.0,0.0,0.0,0.0
8366,-0.4786282266640781,-0.4836453400728593,-1.8563305606674123,0.08158238171647987,-0.22429873220781765,2.0004000298176443,0.0,-0.0,0.0,0.0,0.0,0.0
8367,-0.667996485049804,0.3624257310924034,-0.05932336774516675,0.4361698334085975,0.3835804671509855,1.9963980745364425,0.0,-0.0,0.0,0.0,0.0,0.0
8368,0.7768605702963528,-0.35227226175996673,-1.059350266555561,0.5765986307930455,0.7687764460362887,2.0008157308820005,0.0,-0.0,0.0,0.0,0.0,0.0
8369,0.9071384721891586,0.17273295485510404,0.1736309164885782,0.22922620099545263,0.911133876770651,1.9994827551924983,3.5548436040831265e-14,-1.591298601540106e-14,-0.0,0.0008172522018172647,0.0003641317106328799,-2.6384496107386505e-05
8370,0.4661323800282766,0.5797598801887551,0.0083937019727446,-0.5980514328614057,0.5011016198304478,1.9997331806681686,9.699852684729813e-15,-1.3788043472751829e-14,-0.0,0.00022301692642176556,0.00031647115893788767,-0.0005496689903657906
8371,-0.7621549154635356,0.5875171062733314,-0.9559405517510734,0.6068291258627537,0.0015137537375421155,1.998886216444199,0.0,-0.0,0.0,0.0,0.0,0.0
8372,-0.8462783297690922,0.3173207075784913,-2.418785975270533,-0.24780025485389462,-0.8103597804959223,2.0002315537504076,0.0,-0.0,0.0,0.0,0.0,0.0
8373,0.3034746562995555,0.05131675619147712,-0.6701075644025918,-0.49269510907495745,0.8362683033944951,1.9988253241460128,0.0,-0.0,0.0,0.0,0.0,0.0
8374,-0.01978842935915133,0.042530523512905885,0.21723762680548986,-0.6745355725934685,0.6176651606980361,1.998817150530167,8.436850659985266e-15,-2.1561312432402524e-15,-0.0,0.00019258877832437944,4.978673981821351e-05,-0.0001658909000807828
8375,-0.3981383492494204,0.19293386955987774,-3.788441017122678,-0.03449848363400809,0.7055898562129277,1.9989556091263294,0.0,-0.0,0.0,0.0,0.0,0.0
8376,0.028414470574411432,-0.819854666224883,0.07068933254870176,-0.7908062893467301,0.4369106855724807,2.000908151967196,-7.412249569492687e-15,1.5352431543029475e-14,-0.0,-0.0001731904925182642,-0.00034417582640919585,-0.00011138719995566067
8377,-0.7871673707189584,-0.5177942145315335,-3.00004363499342,-0.06972074405643322,0.6564743159228384,2.003234957992512,0.0,-0.0,0.0,0.0,0.0,0.0
8378,-0.3450681641729672,0.1370821927479261,-1.6923104990645463,-0.6906551623511435,-0.3204625354858001,1.9993908480633744,0.0,-0.0,0.0,0.0,0.0,0.0
8379,-0.20432787423950136,0.3067270080922391,-4.179285079270813,0.3205797468278621,-0.798165650351148,2.0030070042429835,0.0,-0.0,0.0,0.0,0.0,0.0
8380,0.11211651486863172,0.3634460491565386,-3.7851795608938903,0.29720051965605215,-0.7504402741871279,1.9996905235774283,0.0,-0.0,0.0,0.0,0.0,0.0
8381,-0.24664273087572877,0.6298099660617703,-1.6196563413618306,-0.8511208879704236,-0.061382284112311045,1.9971482940171092,0.0,-0.0,0.0,0.0,0.0,0.0
8382,0.4839445285444305,-0.14799320472402427,-2.164047639286189,0.545939201091986,0.6926840970068154,1.9983086942093715,0.0,-0.0,0.0,0.0,0.0,0.0
8383,0.04411441633829735,0.4067786339365097,-1.598314390750796,0.41960491708266534,-0.7762732239332581,2.0024756750649364,0.0,-0.0,0.0,0.0,0.0,0.0
8384,-0.10625111677683637,-0.8942745278613236,-1.856023482005642,-0.6123590529071432,0.22033596610377212,1.9993181389127996,0.0,-0.0,0.0,0.0,0.0,0.0
8385,-0.2651001290777397,-0.9191307995391944,-1.736796618058223,-0.15658210969793926,0.06979578180557863,2.0013528841698185,0.0,-0.0,0.0,0.0,0.0,0.0
8386,0.4039075999363422,0.3525083562433472,-4.163533127073153,-0.5614930369063595,0.46042943809841236,1.9988919476196134,0.0,-0.0,0.0,0.0,0.0,0.0
8387,0.2779945173156183,0.4022875724102532,0.1745429979307063,0.7196042542914494,-0.6651536673436411,1.999236875797597,1.3146303118568703e-14,-5.458380926353827e-15,-0.0,0.0003043328300793034,0.0001251466757321486,-0.00027822116583527427
8388,-0.23412255853821093,0.12446082752004481,-2.741228732091513,0.37088084608847227,0.26451398342143734,1.9979211841561377,0.0,-0.0,0.0,0.0,0.0,0.0
8389,-0.7934965056234722,0.038460836202053046,0.3863909603853581,0.3608756638013489,0.6553281338659808,1.9966622052092349,-1.8589989902071222e-14,-3.3029913651021384e-15,-3.913283560894641e-270,-0.0004277166252331989,7.599632259991398e-05,0.0003227607165397923
8390,0.292470920500041,0.10939130014005553,-3.412811950361031,0.5877650922888835,-0.26119746128748,1.9997531324997075,0.0,-0.0,0.0,0.0,0.0,0.0
8391,-0.6796065690968237,0.26933149137931445,-1.3918982351592193,0.10483646306922725,-0.9240243002938635,2.0023316189396922,0.0,-0.0,0.0,0.0,0.0,0.0
8392,-0.6986424568372029,0.39382962474517963,-4.004256294424783,0.20890751345117173,0.904950120413678,2.0032139157904374,0.0,-0.0,0.0,0.0,0.0,0.0
8393,0.32416608206229297,-0.5223565717473725,-0.8355337352989038,-0.16751401799264426,-0.5648727403162187,1.9987483193732558,0.0,-0.0,0.0,0.0,0.0,0.0
8394,0.9132781638793416,-0.19898343466314505,-0.7692667806578688,0.2397342266838675,0.907717092116887,2.0007906862385316,0.0,-0.0,0.0,0.0,0.0,0.0
8395,-0.6984443127824352,-0.587470668672696,-0.4529913355659302,0.5543041547465093,-0.7279709563401299,1.997196202710315,0.0,-0.0,0.0,0.0,0.0,0.0
8396,-0.021564810406560046,-0.5486476932817381,-3.3435367287753133,-0.9208336882340633,0.07060552268088785,2.004186914991352,0.0,-0.0,0.0,0.0,0.0,0.0
8397,-0.20196909005271418,-0.56429929715053,-3.509732264379733,-0.006937118060215544,0.9511740285074451,1.996506281992481,0.0,-0.0,0.0,0.0,0.0,0.0
8398,-0.3968090274438133,-0.5957249174771415,-1.1618948649957965,-0.269186340838375,0.8891276668584346,1.9983079969763677,0.0,-0.0,0.0,0.0,0.0,0.0
8399,0.22303996993811898,-0.8272099461626367,-4.334985731395326,0.3987795599184715,-0.8182965915857142,2.0055730634531033,0.0,-0.0,0.0,0.0,0.0,0.0
8400,0.07316164923901626,-0.1797279743589998,-1.610761129154824,-0.08524777760896583,-0.47778141438244653,1.9996726763622539,0.0,-0.0,0.0,0.0,0.0,0.0
8401,-0.5751472706577193,0.7967821571768017,-2.982406685916849,0.15891960983309342,0.9022973845236034,2.001983973640067,0.0,-0.0,0.0,0.0,0.0,0.0
8402,-0.665112863947794,-0.41872926867354715,-0.25653044541723935,0.7324641867969852,-0.42231673107805645,2.0016056520164436,0.0,-0.0,0.0,0.0,0.0,0.0
8403,-0.02218199229636843,-0.6320377769914227,-3.9163173333967793,-0.737369561010016,0.08010158592577762,1.9962208817024922,0.0,-0.0,0.0,0.0,0.0,0.0
8404,-0.5058774474228054,0.6375849014854792,-3.0990720999964685,0.5491223305442969,-0.12126704868980494,2.000065492371017,0.0,-0.0,0.0,0.0,0.0,0.0
8405,0.2579845000459029,0.4384784264696374,-2.9278248993702523,0.31199493555165736,0.4933886969709921,2.0019642355419522,0.0,-0.0,0.0,0.0,0.0,0.0
8406,-0.1288889145309997,-0.8390127688085103,-4.217761727961475,-0.04658809098474703,0.8653601291483278,1.9973795164144614,0.0,-0.0,0.0,0.0,0.0,0.0
8407,-0.6763254475698469,0.04173587181079207,-4.452058556549408,-0.6555708984947501,-0.32795910728255107,2.0017006919123963,0.0,-0.0,0.0,0.0,0.0,0.0
8408,0.22479519535771258,-0.13392779609370947,-2.6823847579737636,-0.7748951497517412,-0.12339019037448552,2.001445858470432,0.0,-0.0,0.0,0.0,0.0,0.0
8409,-0.49174637557967166,0.1283666871580628,-4.300192396505989,-0.5617366617712446,0.19427405190461786,1.9991555558842748,0.0,-0.0,0.0,0.0,0.0,0.0
8410,0.6829609696181407,-0.34635072686551227,-1.5716757602241311,0.07762161010031211,-0.3561214464912423,1.9981827168350634,0.0,-0.0,0.0,0.0,0.0,0.0
8411,-0.9005078992654231,-0.15208407532842283,-3.9830724786973666,-0.0723418859600951,-0.9633142374756684,1.9997697304785669,0.0,-0.0,0.0,0.0,0.0,0.0
8412,0.8583529481819386,0.4972468106943933,-0.4675888383189602,-0.3507849350654262,0.3850752311276626,1.999382563523085,0.0,-0.0,0.0,0.0,0.0,0.0
8413,-0.42850376159179654,-0.01655630534244286,-1.8450951686617563,-0.0139439913410262,-0.7934238527934614,1.9980694747426384,0.0,-0.0,0.0,0.0,0.0,0.0
8414,0.6002131674314144,0.08689943473049734,-3.9014518015370308,0.24832403439967599,0.935104452517878,1.9989349888380248,0.0,-0.0,0.0,0.0,0.0,0.0
8415,0.7670716337816507,-0.17207621252550387,-1.3874212966194586,-0.7191486042700891,-0.4142065803105327,2.0022453720686473,0.0,-0.0,0.0,0.0,0.0,0.0
8416,-0.5545983474452604,-0.11062546933177739,0.04739947383678025,-0.42532264944722503,-0.8820035267413274,1.9989987418267463,-1.3802841512198571e-14,-2.8205619505982767e-15,-0.0,-0.000316548729906961,6.542718188658939e-05,-0.0005130333834504695
8417,-0.3965195633886767,-0.1571061722775292,-2.7604381283634507,-0.7768287064964555,0.2258738454194992,2.0030194217137662,0.0,-0.0,0.0,0.0,0.0,0.0
8418,0.7873930296024373,-0.4041868209228717,-0.05097700247040333,0.07911425246232288,0.23463677371687622,1.9976033819745254,0.0,-0.0,0.0,0.0,0.0,0.0
8419,0.26699388739433166,0.11979505728229667,-0.2819303183895948,0.22798684041991055,-0.7333429869768493,2.0012801123062567,0.0,-0.0,0.0,0.0,0.0,0.0
8420,-0.1423918715952789,0.9792160706872376,0.2140802700659502,0.6841720668204764,0.3033648086061701,1.9998010241977369,4.1729796176156075e-15,-1.7571306898324913e-14,-0.0,9.469993341025661e-05,0.0004024667898135129,-7.29855523117215e-05
8421,-0.7753190030359963,0.05255719555515489,-0.8875575944590912,-0.26636512712583615,-0.16658988081319506,2.0007364974475412,0.0,-0.0,0.0,0.0,0.0,0.0
8422,-0.29931668583791576,-0.08988097351448744,0.4894624871340432,-0.15596058198209115,0.41761208377337133,2.000298409914626,-1.8501028294848467e-15,-2.169685089144388e-15,5.76964353790882e-212,-4.160479669442441e-05,5.047385546927756e-05,0.000583421684568612
8423,0.060047287326966244,-0.19724356197622453,0.4030029833300748,-0.48777520930173424,0.6849559433514174,2.0002609000934686,-5.055918878348428e-15,-2.0735165254579523e-14,3.8705410917901306e-262,-0.00011575616457911856,0.00048134388037354074,0.0005562554637719474
8424,-0.7239624658440028,-0.03324304563966891,-0.60061584454137,0.5118403665360747,-0.39123417698419055,2.0006158336577617,0.0,-0.0,0.0,0.0,0.0,0.0
8425,-0.8062446001751038,-0.2060265948926542,0.35219184428030237,-0.8229713763470053,-0.30856743988606594,2.0008871717252146,-9.856307090669717e-15,1.2463426401465309e-14,-1.0152426826969654e-289,-0.00022817863257412223,-0.0002845816344262725,0.00015613250557405494
8426,-0.4933386114504066,-0.6127159508305371,-1.3597981113868798,0.5904507698695375,-0.2407159226595585,2.000524078695568,0.0,-0.0,0.0,0.0,0.0,0.0
8427,0.44143108017389493,0.16884093580430276,-1.4259678112298382,0.267918998180396,0.1406402706405878,2.000156437109822,0.0,-0.0,0.0,0.0,0.0,0.0
8428,0.7657668259085183,0.4697372471064989,-4.41588611793862,0.7291048606189233,0.1814337989470161,1.9981254278794305,0.0,-0.0,0.0,0.0,0.0,0.0
8429,0.5576911592521021,-0.37262568262497636,-0.19096953042614356,0.4813364309618441,-0.6370015779187527,2.0000396411402876,0.0,-0.0,0.0,0.0,0.0,0.0
8430,-0.5427187940317091,0.7956201407789688,-2.251057816027956,0.08668515818841015,0.5048400380950947,1.9986122072512793,0.0,-0.0,0.0,0.0,0.0,0.0
8431,0.03861264639528628,-0.6819296612343043,-2.2134894669148513,-0.04313406948334505,-0.20866009161129717,1.997584597274355,0.0,-0.0,0.0,0.0,0.0,0.0
8432,0.4311151369191981,0.8241408288714349,-0.8688089776796347,-0.848303895765946,-0.3797132137020212,1.9980111569720473,0.0,-0.0,0.0,0.0,0.0,0.0
8433,0.14060996310563775,-0.3881427742079903,-0.06463319584406034,-0.13796199532957967,0.21895601460733585,2.000756790626471,0.0,-0.0,0.0,0.0,0.0,0.0
8434,-0.5368094638656468,-0.2429106458400843,-1.188860321154052,0.5516661849561355,0.6711178515292469,2.001027582535689,0.0,-0.0,0.0,0.0,0.0,0.0
8435,-0.59411917743808,-0.1297349420607656,-4.411622804087088,0.1649388052372254,-0.2099146793843315,2.0005055348682195,0.0,-0.0,0.0,0.0,0.0,0.0
8436,-0.04072285550167949,-0.3064137158426649,-1.05250321860049,-0.578843130425334,0.25539098686568706,1.9967778643965297,0.0,-0.0,0.0,0.0,0.0,0.0
8437,-0.1529880548544051,0.7551328492572372,-3.266951851080434,0.6965820575384433,-0.45269022216730126,2.000622282316983,0.0,-0.0,0.0,0.0,0.0,0.0
8438,0.16614227079910668,0.5377437465793357,-2.8066937146108866,-0.7961943410305135,0.27340457406368135,2.0034757680232014,0.0,-0.0,0.0,0.0,0.0,0.0
8439,0.6017098673505573,-0.10281914000328796,-3.5029153947481118,-0.006232450616141047,-0.8208098063700189,2.001235232910765,0.0,-0.0,0.0,0.0,0.0,0.0
8440,-0.44748886179339364,0.32286144641052644,-0.9522327528263579,-0.5724078351263022,0.552101735442186,1.9986563317817592,0.0,-0.0,0.0,0.0,0.0,0.0
8441,-0.23824800967246598,-0.08129214830981767,-2.971139604660942,-0.47109652043205114,0.41528064395174424,1.9953976975220886,0.0,-0.0,0.0,0.0,0.0,0.0
8442,0.39332118446573755,0.20805007269150133,-1.3829812824863186,-0.6436115812641467,0.07942719033838395,1.998295724653769,0.0,-0.0,0.0,0.0,0.0,0.0
8443,-0.3468441014368461,0.4108256617551402,-2.2790361432383066,0.6572527582074553,0.09465010971520059,1.9957463278150107,0.0,-0.0,0.0,0.0,0.0,0.0
8444,0.9530959493931958,-0.2548143033006176,0.2436923114907693,0.41661364806788215,-0.5985044797536294,1.9984891962211615,2.490802506365628e-14,5.538247486187028e-15,0.0,0.0005702273552198316,-0.00012836841378210945,4.547975695787477e-06
8445,0.8725671196898412,-0.311858162487022,-0.4270368648628103,-0.9323555529877079,-0.2641190813771123,1.9979473589302204,0.0,-0.0,0.0,0.0,0.0,0.0
8446,0.72764801877664,-0.15986764257144828,-0.4430373687863081,-0.16417603814885842,0.5304422713747639,2.0025469898769734,0.0,-0.0,0.0,0.0,0.0,0.0
8447,0.5067197189391447,0.1561014414673461,-3.5361400643447842,-0.24245230839562454,0.575537826053958,2.0005554075742125,0.0,-0.0,0.0,0.0,0.0,0.0
8448,0.5566018655758378,-0.21915190872733978,-2.880407160575515,0.02802375063360101,-0.7464247129647784,1.9984430449859547,0.0,-0.0,0.0,0.0,0.0,0.0
8449,0.8180331420467376,0.249156101777472,-3.584305731455242,-0.3170273224067753,-0.8075147093009819,1.9984641336392714,0.0,-0.0,0.0,0.0,0.0,0.0
8450,0.22388158300764271,0.2684347367066595,-1.099079129689764,-0.35598592486874475,-0.3583184599248538,1.9993623443205846,0.0,-0.0,0.0,0.0,0.0,0.0
8451,-0.3557723658005758,0.013804567595924364,0.2294946246292738,-0.01034097040789778,0.683068213410645,2.003190353799374,-2.9325159009571035e-14,1.4769815942947236e-14,0.0,-0.0006631149190690286,-0.00036431435458628744,0.00023059372614979445
8452,0.1829730252188503,0.5651370511217628,-1.4388871975378266,0.85591067956876,0.18896682447545016,1.9999505560697874,0.0,-0.0,0.0,0.0,0.0,0.0
8453,-0.3618542340125355,0.8800293269453646,-0.20580458325845255,-0.7115298666598151,-0.17512291445631237,2.0028222365209825,0.0,-0.0,0.0,0.0,0.0,0.0
8454,-0.3826698240338984,-0.595134866124022,-0.7144523571971703,-0.6560980255634103,0.18863899461701053,1.9997625104857208,0.0,-0.0,0.0,0.0,0.0,0.0
8455,-0.5506700271292608,-0.6458864440550313,-1.2011621522598288,-0.16775845121379487,-0.3580635485038095,2.001560644474799,0.0,-0.0,0.0,0.0,0.0,0.0
8456,0.029659645716352868,0.28764288552850886,-0.9535740784592169,-0.6148475791748732,-0.3253990449390801,2.0016334783312617,0.0,-0.0,0.0,0.0,0.0,0.0
8457,0.8512034325735165,0.5081526459035315,-3.481636928025979,-0.752757205447337,0.4414897919828845,2.002093086783453,0.0,-0.0,0.0,0.0,0.0,0.0
8458,0.707393097626525,0.5039731724359012,-1.8134175428032158,-0.2785335279665767,-0.17703866997051582,2.0036455848072925,0.0,-0.0,0.0,0.0,0.0,0.0
8459,-0.13750123218468224,0.9815803818177948,-3.0167876636519813,0.8827235409537482,0.277562674746572,1.9982160567695988,0.0,-0.0,0.0,0.0,0.0,0.0
8460,0.202192927534291,-0.013960778394956004,-3.6001071008016123,0.09522401667194999,0.7426192972550243,1.998260994277663,0.0,-0.0,0.0,0.0,0.0,0.0
8461,-0.8171307473640601,0.1022553907578036,-4.08377315259764,-0.14514501105762828,-0.7408370123539932,1.9999022590558233,0.0,-0.0,0.0,0.0,0.0,0.0
8462,-0.598180368094724,-0.6838036832711998,-4.157823161850541,0.34877115071292825,-0.79767502693813,1.9971314229994452,0.0,-0.0,0.0,0.0,0.0,0.0
8463,-0.7828727992783874,-0.07200291649684137,-3.418211760002455,-0.2217122122352088,0.6556753564572274,2.000768548807088,0.0,-0.0,0.0,0.0,0.0,0.0
8464,-0.32443903384297795,0.9073888788203693,-2.8678444035691832,-0.41702469728152597,-0.9025905020147875,1.9988762702334522,0.0,-0.0,0.0,0.0,0.0,0.0
8465,-0.4654400262427012,0.2535708880172325,-3.2200365454955726,-0.4063317270427162,-0.7178578055407787,2.0020702748290566,0.0,-0.0,0.0,0.0,0.0,0.0
8466,-0.5756890142856513,-0.4186814968910175,-2.7775994188817337,0.8380828742592602,-0.28524125671888795,2.0054664015957826,0.0,-0.0,0.0,0.0,0.0,0.0
8467,0.334203215728889,-0.7053831382502433,-4.504785900210925,0.7713756100526978,0.5716505937776812,1.9991800503561135,0.0,-0.0,0.0,0.0,0.0,0.0
8468,-0.17695440519418515,-0.29421104684162885,-0.32468008160383943,-0.2813177159006337,0.15780415976319323,2.002099163109722,0.0,-0.0,0.0,0.0,0.0,0.0
8469,0.02616464107496588,-0.43007872600272834,-3.4316325394364866,-0.020399978312985286,-0.030304552496719303,2.0001944537483483,0.0,-0.0,0.0,0.0,0.0,0.0
8470,-0.20755344624232658,0.526510214385015,-4.424158754235671,0.550517095578033,-0.6697206167297495,2.000319206554619,0.0,-0.0,0.0,0.0,0.0,0.0
8471,-0.03804377402304369,-0.6028101144665716,-3.962519253100543,-0.256132618537493,0.743776541189206,2.0016809978628003,0.0,-0.0,0.0,0.0,0.0,0.0
8472,-0.5381331664875848,0.5123083099990903,-2.346028377590214,-0.9366787722535884,-0.11305165204757368,2.0010374709241034,0.0,-0.0,0.0,0.0,0.0,0.0
8473,0.870060649424395,-0.4632970594295985,-0.6359159203262557,0.2058939018829696,-0.7609950037689914,2.0006577962986967,0.0,-0.0,0.0,0.0,0.0,0.0
8474,0.7178336365921385,0.6276186658595168,-0.17712396058223293,0.02565777424120328,0.30286533015311484,1.9985396665475696,0.0,-0.0,0.0,0.0,0.0,0.0
8475,-0.5357660585095528,0.42209069644297803,-3.298008737274202,0.03408778517763447,-0.5622519007602627,1.9970252317099308,0.0,-0.0,0.0,0.0,0.0,0.0
8476,0.9413484484460745,0.036260025050717286,-1.532024060726349,-0.5091951485191514,-0.4355695910908216,2.0001224838812997,0.0,-0.0,0.0,0.0,0.0,0.0
8477,-0.2816165628530508,-0.6492722670919021,-2.6688253646096713,-0.8663658913649928,0.31099073495853646,1.997827424148281,0.0,-0.0,0.0,0.0,0.0,0.0
8478,-0.49627849461400075,0.024653301901166207,-0.9329436006113466,-0.7453535822820125,-0.5709351401351342,2.0002501529461263,0.0,-0.0,0.0,0.0,0.0,0.0
8479,0.030970744857621486,0.9483212597227086,-3.658822830078445,0.9246540427649361,-0.29012938779488057,1.9998405728780266,0.0,-0.0,0.0,0.0,0.0,0.0
8480,-0.16834394318201287,0.6739578161546134,-2.725502237357657,0.12301206459684859,-0.621968515569147,2.0027937906100317,0.0,-0.0,0.0,0.0,0.0,0.0
8481,-0.6917353011361924,0.4500835004607867,-1.6521087529120284,-0.482936409125677,-0.18633692486374007,2.0016931632077597,0.0,-0.0,0.0,0.0,0.0,0.0
8482,-0.3968663630704908,-0.8460814032026094,-2.5809609770293727,-0.08009042715853174,-0.8257928427281631,2.0011838498644052,0.0,-0.0,0.0,0.0,0.0,0.0
8483,0.19436236577617322,0.9548094685803286,-3.5713996627637963,-0.271409798998005,0.737184392606061,2.0032405910401225,0.0,-0.0,0.0,0.0,0.0,0.0
8484,-0.6306760324688715,-0.14452733948908708,-1.5292346895448576,0.39973152263411543,-0.6577485577898933,1.9984379369887182,0.0,-0.0,0.0,0.0,0.0,0.0
8485,0.7435921153073637,-0.5822592606923858,-2.377976681385018,0.049606699646483406,0.03165123306306994,2.000424714447326,0.0,-0.0,0.0,0.0,0.0,0.0
8486,-0.7236335729136962,0.28965413987682836,-1.4690182334580637,0.1213347888805398,0.033418523925636365,2.0017755810530224,0.0,-0.0,0.0,0.0,0.0,0.0
8487,0.37981275047420976,0.6063955389554908,0.20635846016182255,-0.3527425699255113,-0.6740806949542211,2.002769222938695,9.616462996481026e-15,-2.1234013776586597e-14,-0.0,0.00022024153963018026,0.0004849244838285623,-1.2493030241007503e-05
8488,-0.7066401734931159,0.36394439864182865,-1.3497779942924861,0.19995278143847822,0.2563483362314156,1.9985349114220523,0.0,-0.0,0.0,0.0,0.0,0.0
8489,-0.5071276363853117,-0.026474059429924753,-3.0991770512336747,-0.12290790276352641,0.11335634791183638,2.0009257691422864,0.0,-0.0,0.0,0.0,0.0,0.0
8490,0.27296039083424023,0.038326554684178546,-0.8121999145649303,0.4200975688308885,0.420860931535009,2.0022565086926414,0.0,-0.0,0.0,0.0,0.0,0.0
8491,-0.7214782786626863,0.4845015646427158,-4.000479970804196,-0.0691457624314844,-0.35450462687301726,1.9981906846135251,0.0,-0.0,0.0,0.0,0.0,0.0
8492,0.7423484598078584,0.6502396372297101,-0.29878083185292575,0.01663155868023486,0.9489390385137233,2.000501417171251,0.0,-0.0,0.0,0.0,0.0,0.0
8493,-0.13141749023847693,0.9842228495409096,-4.300198430560615,0.004475891280510862,0.8935737373554165,1.9992215711290828,0.0,-0.0,0.0,0.0,0.0,0.0
8494,-0.7660021002530837,0.6307255314430793,-3.5130860456686315,0.4184461370951016,0.6970348504084778,2.000047593996789,0.0,-0.0,0.0,0.0,0.0,0.0
8495,0.07192574408486138,0.13399843076046697,-1.9414755928012362,0.4897999801874903,0.10150613612177335,2.002176417346978,0.0,-0.0,0.0,0.0,0.0,0.0
8496,-0.9046703663207197,0.13016812765773084,-2.6367939707798103,-0.1329458186601903,0.44183140675484317,2.0021313610594698,0.0,-0.0,0.0,0.0,0.0,0.0
8497,-0.8936905285558947,-0.2972541084163788,-2.002171921446157,0.6626048447416245,0.30833539309745456,2.0008720200455388,0.0,-0.0,0.0,0.0,0.0,0.0
8498,0.0810177309536447,0.2974346112640146,-0.20551480105803768,0.46561989004820337,-0.35771321956746194,1.9997673609553674,0.0,-0.0,0.0,0.0,0.0,0.0
8499,-0.7321804986767084,-0.2105594861970172,-1.3706867013948547,0.08416034914635202,0.7036666063168415,1.997772967927545,0.0,-0.0,0.0,0.0,0.0,0.0
8500,0.4935535415138733,0.4837486406896181,-0.7212550656886214,-0.08574603791579363,-0.23036116442709387,1.9989939055756683,0.0,-0.0,0.0,0.0,0.0,0.0
8501,-0.011938202537516734,-0.9919310431238775,-4.358245913407299,0.4346790228720493,0.05039969679872921,2.002539196617444,0.0,-0.0,0.0,0.0,0.0,0.0
8502,0.4711632734509606,0.7769210281071876,-1.6400596312844524,0.5098236849930016,0.29462634718976666,2.0014807123788376,0.0,-0.0,0.0,0.0,0.0,0.0
8503,-0.25100456859513764,-0.2524851859534071,-4.31537687623975,-0.1550042650931502,0.28914027128298947,1.998138615970389,0.0,-0.0,0.0,0.0,0.0,0.0
8504,0.7654459561741209,0.20025726996026438,-0.5222967076928156,0.7780027766910997,-0.2884731236135995,1.9995021770148005,0.0,-0.0,0.0,0.0,0.0,0.0
8505,-0.43552059581018376,-0.5848055792729634,0.17242006893568018,-0.6600913532302103,0.5677125578994932,1.9957148066367025,-7.761592566014637e-15,1.6755256567154497e-14,-0.0,-0.00017846512171730775,-0.00038498404359828487,-0.00014855058937385414
8506,-0.8950822616849671,0.4265113888291087,-0.7350955587521044,0.01733122929843903,-0.24939830751935868,2.0007137885067894,0.0,-0.0,0.0,0.0,0.0,0.0
8507,0.2427397413578137,-0.9089769431813199,-1.9855720113543023,-0.06801809091877069,0.2283768481518678,1.999403473812907,0.0,-0.0,0.0,0.0,0.0,0.0
8508,-0.24757550923980953,-0.6322535808544794,-1.6543816359177344,0.5273758195178169,0.358803754953851,2.003597937972788,0.0,-0.0,0.0,0.0,0.0,0.0
8509,0.15682128174404378,-0.826888497696242,-0.4222610147981966,-0.07604200458173231,0.6851876341789027,2.002500797966829,0.0,-0.0,0.0,0.0,0.0,0.0
8510,-0.7570944451168724,-0.26057376023162926,-1.2218749459355802,0.586634330177961,0.5806346137140443,2.000856511466718,0.0,-0.0,0.0,0.0,0.0,0.0
8511,-0.7690337799169299,0.10438253895792925,-2.138455697172585,0.6667489234224016,-0.5877428703802771,2.002748604821102,0.0,-0.0,0.0,0.0,0.0,0.0
8512,0.5357459645383549,-0.21571039667361658,-1.6037338570424597,-0.3413627609521535,-0.324277884038936,1.9999416262733816,0.0,-0.0,0.0,0.0,0.0,0.0
8513,0.424874321269051,-0.10558349065717285,-0.2723579689510985,-0.20470224734387668,0.5908034620368342,1.99886657111934,0.0,-0.0,0.0,0.0,0.0,0.0
8514,-0.36825753456556315,0.13820394035269887,-0.9163229992677462,-0.04148341680327776,-0.11004108798379492,1.9990847418969457,0.0,-0.0,0.0,0.0,0.0,0.0
8515,0.23385872648298045,-0.8577890230493909,-1.9025376213931198,0.08522806485622383,-0.4671750503014065,2.0024120707987487,0.0,-0.0,0.0,0.0,0.0,0.0
8516,-0.007787529630153221,-0.5215814675767669,-1.8689726343070243,0.6850636340936569,0.6725965787119433,2.002868793688516,0.0,-0.0,0.0,0.0,0.0,0.0
8517,-0.7399555307624769,0.03824722819954626,-0.7075211560502028,-0.459628617439591,0.564796551499038,1.999496658757903,0.0,-0.0,0.0,0.0,0.0,0.0
8518,-0.08026082395098151,-0.8764314647604723,0.21842853881678914,0.21083481754099095,-0.6590467525496457,2.002284835714335,-1.3928530243832881e-14,8.808573650132124e-15,-0.0,-0.0003183688530839256,-0.00020687947361480575,-0.00022182907446168334
8519,0.3143554858291618,-0.11105243030508848,-2.2059555390745014,-0.3854175116663972,-0.4953252191878847,2.0019941051280794,0.0,-0.0,0.0,0.0,0.0,0.0
8520,-0.8259703131965589,0.07217943679472597,-0.6833632209455907,0.023318467868339972,0.8681702893106312,2.000754009760209,0.0,-0.0,0.0,0.0,0.0,0.0
8521,0.21494431640864478,0.2242960616108993,-3.9621445965637823,-0.13599883192886567,-0.7129545096511016,1.99984230873068,0.0,-0.0,0.0,0.0,0.0,0.0
8522,0.26376240751378655,-0.1716665942331948,-0.9981687590716863,0.3941600232507094,0.7113384193824575,2.0012425122692283,0.0,-0.0,0.0,0.0,0.0,0.0
8523,-0.579751597308579,0.27786160751467565,0.10012098721309332,-0.44865353266018543,0.6032211055848911,1.995893452101575,-7.737902940587464e-15,-4.71348569218725e-15,-0.0,-0.00017745604954797666,0.00010809754216776849,-0.0004326001496976827
8524,-0.11776961572499656,-0.7589517288566197,-0.847344809434596,-0.18911084838955758,0.32955883927423185,1.9970791378873731,0.0,-0.0,0.0,0.0,0.0,0.0
8525,0.7533555849058919,0.6251642424497399,-2.105137304405548,0.21117636453121275,-0.20766512401668888,2.000859506564425,0.0,-0.0,0.0,0.0,0.0,0.0
8526,0.8989428191589507,-0.3017999418982568,-0.9507535631799826,-0.4542083869349566,0.8477344294332964,1.9978635699943936,0.0,-0.0,0.0,0.0,0.0,0.0
8527,-0.9124632316595681,-0.02155784676132419,-0.3097682975497732,0.19608178583052718,0.5250281243713801,1.9974435838730913,0.0,-0.0,0.0,0.0,0.0,0.0
8528,-0.48946112207220965,0.31723103361544364,-0.3918902933986776,-0.31853704812490813,0.4159520885670818,1.996009923715531,0.0,-0.0,0.0,0.0,0.0,0.0
8529,0.6229001402593368,-0.5632548611297343,0.14911309526009764,-0.2988072215994795,0.6192626236745491,1.9984023747986897,1.109367874524825e-14,5.26968011753867e-15,-0.0,0.00025188333289476427,-0.00011262185109686829,-0.0002475041015291373
8530,0.2493629101521239,-0.036058008938198015,0.11336124196569988,-0.2409875667676735,-0.4522401847349647,1.9993177715714017,7.720638835393265e-15,-8.341964212484541e-15,-0.0,0.00017829683651936185,0.00019097179616891173,-8.304750713585208e-05
8531,-0.1689556489807661,0.8917169562329662,-3.8896457756127507,-0.11109005560693966,-0.5042051590451426,2.002660198933026,0.0,-0.0,0.0,0.0,0.0,0.0
8532,-0.3253181442111213,-0.24354946747572753,-1.2208846681039485,-0.6668059738657545,0.31860036637662825,1.9968603092673811,0.0,-0.0,0.0,0.0,0.0,0.0
8533,0.2924771181152582,0.4493254825214819,-1.7575448782210066,0.44245854032589205,0.7906694851720808,1.9984495624521201,0.0,-0.0,0.0,0.0,0.0,0.0
8534,-0.741299933811649,-0.601081749493861,-0.05996071543829463,0.5081091014169448,-0.5414060803195493,1.9975539975858736,0.0,-0.0,0.0,0.0,0.0,0.0
8535,-0.637712224845076,-0.14027041013251182,-1.412942744538826,0.3399332063870549,-0.3433701107795987,1.9981090386251543,0.0,-0.0,0.0,0.0,0.0,0.0
8536,-0.2605447083529251,0.32445051942718106,-2.3192646242632695,-0.0014260814851198892,0.076172565848899,2.0008552961025003,0.0,-0.0,0.0,0.0,0.0,0.0
8537,0.481247207922463,0.6346605029440243,-2.649756062823556,-0.21382307330325417,0.847064540051584,1.9960147805698027,0.0,-0.0,0.0,0.0,0.0,0.0
8538,0.2514728300838579,-0.8068069570072094,-0.4058073105817115,0.11215934969337313,-0.22526025626526872,2.003197170616322,0.0,-0.0,0.0,0.0,0.0,0.0
8539,1.0542662088670725,0.17135650834427948,0.48571186483726825,0.54097053817755,-0.48022245890440995,1.9995668598241052,1.9567104761769007e-14,-5.55844364907223e-15,2.610899472706556e-213,0.00044899971267908545,0.00012742972255621202,0.00024300725668748098
8540,-0.17400122098489457,-0.8635611689096118,-3.715499118135328,0.15906841378414022,-0.3637411511362904,1.9993795306655038,0.0,-0.0,0.0,0.0,0.0,0.0
8541,-0.4883512435521289,-0.4682546903060259,-4.099198090682494,-0.06054103380121647,0.203239610095328,2.0002447193221693,0.0,-0.0,0.0,0.0,0.0,0.0
8542,0.3797348895346085,0.2520175615824002,-1.5388717981219926,0.04735819129576728,-0.248335310614862,2.0000167940453992,0.0,-0.0,0.0,0.0,0.0,0.0
8543,0.7055426821909522,0.6863354974264214,-4.344267483985099,-0.3767597923676042,0.46198722287641475,2.001269070654834,0.0,-0.0,0.0,0.0,0.0,0.0
8544,-0.07999266340972593,0.31813086544726854,-1.050801516457208,0.6294256227058754,0.3611064761928233,2.001086345467881,0.0,-0.0,0.0,0.0,0.0,0.0
8545,0.11856284641355325,-0.11621460833330634,-4.23965030975781,-0.10766030839413515,0.4559635701819578,1.9978220326746035,0.0,-0.0,0.0,0.0,0.0,0.0
8546,0.40369515316020244,0.206524711373563,-2.1672654224649066,0.725816821428912,-0.3171505715556908,2.000728713911184,0.0,-0.0,0.0,0.0,0.0,0.0
8547,-0.21692032870053576,0.49669417025786794,-3.229556826308196,0.6437722117708433,0.5223082300278539,1.9986777946213077,0.0,-0.0,0.0,0.0,0.0,0.0
8548,0.05831551810319804,-0.5999064670639909,-0.7427780473547181,-0.46612838877811014,-0.5405325609540811,1.9956664424332382,0.0,-0.0,0.0,0.0,0.0,0.0
8549,-0.8929452536686691,0.35625859510159635,-1.4202406416051496,0.11338046681234971,0.6862044014410515,1.9996227935057116,0.0,-0.0,0.0,0.0,0.0,0.0
8550,-0.671595761320332,-0.1843505644375081,-2.626519700360789,0.03540323614532849,-0.4978459515084298,1.9972027335436746,0.0,-0.0,0.0,0.0,0.0,0.0
8551,0.2808308087608759,0.8457970782449296,-0.5695276508147467,-0.2728114784957857,0.3615411882850204,1.9995888406346334,0.0,-0.0,0.0,0.0,0.0,0.0
8552,0.5390909364549723,0.48917632268695216,-2.709670591464081,0.04114076849022841,-0.7673172448103371,1.9989047028268472,0.0,-0.0,0.0,0.0,0.0,0.0
8553,-0.5571335809307019,0.44223533762358963,-1.3970044455686763,0.5459151695374063,-0.7145926315178811,2.000407820515959,0.0,-0.0,0.0,0.0,0.0,0.0
8554,0.3915002994728873,-0.6076422834012284,-4.310099330657491,-0.1677913791064377,-0.17942631067718579,1.9981152603886827,0.0,-0.0,0.0,0.0,0.0,0.0
8555,-0.22894179060030637,0.5602231885030127,-1.913810742639738,0.3657636200062244,-0.32963905846320624,2.0006113924693456,0.0,-0.0,0.0,0.0,0.0,0.0
8556,-0.8108054522747901,-0.3403115748880701,-4.392624792731498,-0.3366731198318434,-0.21427801192813978,2.000576439135732,0.0,-0.0,0.0,0.0,0.0,0.0
8557,0.7323606932058232,-0.33666624556286834,-2.3788905865211247,0.47259671185785446,0.00849082320538512,1.999907883852044,0.0,-0.0,0.0,0.0,0.0,0.0
8558,0.04119308526519706,0.03147792692418802,-0.3810116258688633,0.28400952522435047,0.8856342561391125,2.0020337786838573,0.0,-0.0,0.0,0.0,0.0,0.0
8559,0.11200761382858508,-0.026190553038592496,-2.8565893349086693,0.3618659747240273,0.8025061160477034,1.9955001220676207,0.0,-0.0,0.0,0.0,0.0,0.0
8560,-0.6715903880417676,-0.5494850494252157,-4.297651834228561,0.7688035936799893,0.12160376492931237,1.9970082530997109,0.0,-0.0,0.0,0.0,0.0,0.0
8561,0.05672791585873006,-0.906730218188769,0.3504554396513322,-0.3874645018821762,-0.06384802845391409,1.9984543397960717,2.972204449174439e-14,1.0030294098670858e-14,-1.3457335852001837e-290,0.000656616558410216,-0.00024083908219774873,0.00029994983227421096
8562,0.04074034516704526,0.2618707731691158,-2.8892696220728307,-0.3442446972081711,-0.7764297070013276,2.0008777797184707,0.0,-0.0,0.0,0.0,0.0,0.0
8563,0.4470773501259633,0.7685257521578782,-2.6978378772855294,0.19544876703091157,0.6131956548409613,2.000362524777148,0.0,-0.0,0.0,0.0,0.0,0.0
8564,-0.03512225469221962,-0.6362708079286677,-1.0853026664021503,0.9384932105175366,0.1375757595976388,1.9984941783892705,0.0,-0.0,0.0,0.0,0.0,0.0
8565,0.8187475991006148,0.1058815601389569,-2.976341995102835,-0.4604591672768289,-0.857708511259828,1.9994756511842966,0.0,-0.0,0.0,0.0,0.0,0.0
8566,0.09940831551642261,0.10077907186927626,-0.2913497653610316,-0.7997086245125234,-0.40141645170838386,2.0006439283786945,0.0,-0.0,0.0,0.0,0.0,0.0
8567,0.17893924400828742,-0.10609555045522245,-2.640487636868079,-0.4806002387859025,-0.4459704378388775,1.9991884433210234,0.0,-0.0,0.0,0.0,0.0,0.0
8568,-0.01850308229539463,0.2505536873682357,-0.6830443796302796,0.15572745340341917,0.2493867056237116,1.9993428118155336,0.0,-0.0,0.0,0.0,0.0,0.0
8569,0.32869593431644234,-0.6431708271935376,-0.5059135466111947,0.9218271350284402,0.1456134453083153,1.9987037772545677,0.0,-0.0,0.0,0.0,0.0,0.0
8570,-0.5732183356445741,-0.4594288062933705,-1.1853548882555103,-0.17546575354807398,-0.573422061644159,1.9980766307280908,0.0,-0.0,0.0,0.0,0.0,0.0
8571,0.6364289273461634,0.7694478104935311,-2.702352186407409,-0.7859131892099006,-0.0630209044880182,2.0030471150446436,0.0,-0.0,0.0,0.0,0.0,0.0
8572,0.3481210464605508,0.6880154945787083,-4.466867855076616,-0.0164112500119085,-0.42774434931761735,1.9992021059661018,0.0,-0.0,0.0,0.0,0.0,0.0
8573,0.21394146557948338,-0.7357061525174806,0.390453478625985,0.5894636786625781,-0.4020036166283201,1.9979995101151262,2.8791106452486397e-15,1.3799200993105836e-14,-7.515236676247692e-268,6.623491898483353e-05,-0.0003163478741400342,0.00025570166982179807
8574,-0.25564433539701364,-0.04764133728440997,-2.3250952982003383,0.20664417569636853,0.09749468704968937,1.9996778651310139,0.0,-0.0,0.0,0.0,0.0,0.0
8575,0.2415102432973163,0.09789332324762808,-3.7767854245754573,0.869682878978836,0.47823574556717874,1.999526436732693,0.0,-0.0,0.0,0.0,0.0,0.0
8576,-0.22177491919798487,-0.08735329171868061,0.218322199567275,-0.31156702588471735,0.9477162911815662,1.9963566055016908,-4.132723714919143e-15,1.5571188777132937e-15,-0.0,-9.473394079780338e-05,-3.502437220030313e-05,-0.00012231836354042983
8577,0.8167527070788267,-0.4307955429745818,-4.292103151513014,-0.43060881136408413,-0.8149837479260862,2.0003261249069872,0.0,-0.0,0.0,0.0,0.0,0.0
8578,0.10159470612956724,0.4766642211638171,-3.7558688092295616,0.7544037570996529,-0.3788535408163715,1.9994914303148286,0.0,-0.0,0.0,0.0,0.0,0.0
8579,0.16597882901964967,0.35769317040839066,-3.500760692579146,-0.49130392542093215,-0.2767747222737077,1.9995852832587373,0.0,-0.0,0.0,0.0,0.0,0.0
8580,0.20438502893392113,-0.4121132017240657,-0.24086569512255288,-0.4267696406242294,-0.11370791055054379,1.9998903465654572,0.0,-0.0,0.0,0.0,0.0,0.0
8581,-0.4701618808399706,-0.7859983406351766,-2.783694684942807,0.4093215431222059,-0.2106687418060729,2.0001695547025222,0.0,-0.0,0.0,0.0,0.0,0.0
8582,-0.29471780830806904,-1.0364566280682055,0.401191792416189,-0.7958097950771997,-0.2685765997988626,1.9998342268838192,-5.331435112479538e-15,2.0168897081410793e-14,1.754441144106091e-261,-0.00012224144752273,-0.0004632289282245317,0.00013304181114997434
8583,0.830075752069073,0.04399112367142415,-2.6517759184188234,0.01969902690843447,0.4732802013458225,2.0036963422807617,0.0,-0.0,0.0,0.0,0.0,0.0
8584,-0.07205625654104346,-0.22576588324507743,-3.047476404896492,-0.10444059412914555,-0.6790553061821016,1.9983443665868563,0.0,-0.0,0.0,0.0,0.0,0.0
8585,-0.6856874773163588,0.30460294715577846,-1.6903987896918249,0.8906166333520622,0.32920316506641584,2.000902053819367,0.0,-0.0,0.0,0.0,0.0,0.0
8586,0.5728272254417868,-0.3364470002625763,-2.754519648588735,-0.06535340163297272,0.693370993385699,1.9974584020515322,0.0,-0.0,0.0,0.0,0.0,0.0
8587,-0.5594343970455044,0.5863035716290195,-3.8005689549214354,-0.35354379527600915,0.8449050490608743,1.9977388452103468,0.0,-0.0,0.0,0.0,0.0,0.0
8588,0.15311648560100496,0.9669403877672993,-1.6710287266950015,-0.5150293655019744,0.03388568103813046,2.003989497067083,0.0,-0.0,0.0,0.0,0.0,0.0
8589,-0.74723199316245,0.034271942241184725,-4.421168413886395,0.2570487579756751,0.1293813871305824,2.00006259743572,0.0,-0.0,0.0,0.0,0.0,0.0
8590,0.6341644440807304,0.7297418622003656,-1.2304590336275238,0.007199613202741431,0.735934644304933,1.9984442972197698,0.0,-0.0,0.0,0.0,0.0,0.0
8591,-0.3705668260062146,0.7897395949043364,0.3954722564932704,-0.2182080803735549,-0.4749340549344981,2.001296597017,-5.1399983129589796e-15,-2.2579083817325425e-14,6.992688336446532e-265,-0.00011924826573626797,0.0005172425177688614,0.000360507827922442
8592,0.38607573032600495,-0.8481372901031856,-3.2072664690199817,0.1866878161838027,0.2309669983998162,1.9973693227865994,0.0,-0.0,0.0,0.0,0.0,0.0
8593,0.10297466664188745,-0.23777853070890745,-2.73078336548489,-0.6500481274007351,-0.45392039409783,1.9995803777845926,0.0,-0.0,0.0,0.0,0.0,0.0
8594,-0.13540030265909733,0.5056036785876286,-1.963729783422013,-0.3038478273260575,-0.5677145986314517,1.9990717472198167,0.0,-0.0,0.0,0.0,0.0,0.0
8595,-0.006482172152615657,-0.9026840225290056,-3.962117044778605,0.510220364978649,-0.3015310840466635,2.000224693922396,0.0,-0.0,0.0,0.0,0.0,0.0
8596,0.8026133714113547,-0.4025813499100408,-3.4848060456394916,0.3451453924065193,-0.030367746746270265,1.9997339745433285,0.0,-0.0,0.0,0.0,0.0,0.0
8597,-0.8166977644867399,0.29974789299650756,-2.762018294034902,-0.7635825017640511,-0.5377617676205495,1.9982753828848283,0.0,-0.0,0.0,0.0,0.0,0.0
8598,0.46188653676956054,0.15866098533026732,-3.4612783780798284,0.4795810192454905,-0.4436029906397996,2.002375593922676,0.0,-0.0,0.0,0.0,0.0,0.0
8599,0.7753799502095395,0.5316046196894688,-1.8326157424083958,0.19013199906540104,-0.9563214895516795,2.000659124707549,0.0,-0.0,0.0,0.0,0.0,0.0
8600,-0.10718528802345154,-0.013615282725168808,-1.8554544705298681,-0.20458822675185925,0.21266481109299673,1.9980618422844847,0.0,-0.0,0.0,0.0,0.0,0.0
8601,-0.6632681748050738,0.5503299475067783,-0.7908183699912594,-0.5689926833791097,0.31277510248652474,2.000090215274111,0.0,-0.0,0.0,0.0,0.0,0.0
8602,0.5966095938606888,0.46203276389732517,-0.8634837965025557,-0.7282681982397671,-0.07007573622620103,2.0032814976090543,0.0,-0.0,0.0,0.0,0.0,0.0
8603,-0.4447402098494534,0.2819154654360161,0.35234302259932,-0.20353608413911425,-0.9397270571367609,2.0005943717880044,-4.061797760461632e-15,-1.1950012493275043e-14,-6.193930442211753e-290,-9.389132299218695e-05,0.00027166044468709553,0.0002556804461801349
8604,-0.5483968974387874,0.22378012474497389,-0.19582598656069067,-0.5377813477009034,-0.7893236237580679,2.0009984568915424,0.0,-0.0,0.0,0.0,0.0,0.0
8605,0.4236975781359136,0.13536007703614872,-1.3437554999906007,-0.38307760205562563,0.5716906467814669,2.0000702706405886,0.0,-0.0,0.0,0.0,0.0,0.0
8606,0.09533878780041882,-0.13683607280076127,-2.1779438185547413,0.5390356000679312,0.33004782715293773,1.9990113527329236,0.0,-0.0,0.0,0.0,0.0,0.0
8607,-0.1917358534201124,-0.2518780273838427,-4.066404808726534,-0.36196370889016544,-0.7823277646042934,2.002342916328237,0.0,-0.0,0.0,0.0,0.0,0.0
8608,0.44976118685832533,-0.018166500250074446,-4.384161590920651,0.3045963526738329,0.40298243590921584,1.9977547095193022,0.0,-0.0,0.0,0.0,0.0,0.0
8609,-0.007269258048502385,0.0631251397032198,-2.988081196360259,-0.5527762836009783,-0.5589200568761069,2.0000747823219394,0.0,-0.0,0.0,0.0,0.0,0.0
8610,0.7973070218209254,-0.27239857670904766,0.14948975541273837,-0.49356292521054296,0.30143686631114974,1.99736732432019,1.6689587206572128e-14,1.930388075574131e-14,-0.0,0.00038236497749020385,-0.00045165284384067326,-0.00018457630948655158
8611,-0.11526198382171175,-0.005683231011758632,-1.7957198391378748,-0.2703263660242336,-0.1488539637979304,2.0003578099026953,0.0,-0.0,0.0,0.0,0.0,0.0
8612,-0.7559275791430233,0.34417391270951336,-3.444666326394887,-0.4819922879748286,0.5405770779652214,1.9984336530166724,0.0,-0.0,0.0,0.0,0.0,0.0
8613,-0.8147114847655823,0.32932878624614154,-3.6883354944316,-0.0231435551384766,-0.5681832635327178,2.002701332779101,0.0,-0.0,0.0,0.0,0.0,0.0
8614,-0.7674476418123024,-0.11864201528515586,-2.2026464290481127,-0.2016786051843293,0.4687876267988837,1.9997946422413546,0.0,-0.0,0.0,0.0,0.0,0.0
8615,-0.3556505745531699,-0.3336397602625189,0.15279373784211484,0.5453653115269695,-0.7115628820842006,1.9996677721535034,-5.136852964827316e-15,7.323294686371102e-15,-0.0,-0.00011850209190835625,-0.00016828519197029622,-0.0005575032917306955
8616,0.637336046649306,0.5040708026930576,-3.008225182408499,0.16791287840572527,-0.712298021514584,1.996479468484739,0.0,-0.0,0.0,0.0,0.0,0.0
8617,-0.9390416888535617,-0.11439453655298902,0.01318035534726211,-0.09807938387308969,-0.9912045681447221,1.9989644479899806,-4.494630673353241e-14,8.774114887714264e-15,-0.0,-0.0010293321514427232,-0.00018461517745327569,-0.0003187864928005513
8618,0.51788608188741,-0.04690094257423034,-1.7910247488676625,0.732762724831362,0.13247338561984093,1.9979950923551908,0.0,-0.0,0.0,0.0,0.0,0.0
8619,0.18054379808144994,0.36113159006383844,-2.0400759518146536,-0.4234941441015499,-0.8405853746196293,1.9985363190447178,0.0,-0.0,0.0,0.0,0.0,0.0
8620,0.2476272464414628,-0.24323675240236972,0.3929796315477831,-0.2073095724295773,-0.3031668566858971,2.001319607749698,-1.3877655370226554e-15,3.603676657656748e-15,3.828211120897816e-268,-2.972135535044014e-05,-8.238854715222877e-05,0.00023490781314380743
8621,-0.2604907613358707,0.739820655450386,-1.5948071923601443,-0.7107659572369023,-0.3770285911343872,1.9990583853364965,0.0,-0.0,0.0,0.0,0.0,0.0
8622,0.014304010154126827,-0.7686329861849318,-2.668008167043563,0.11080449071614976,0.4262383546822434,2.000355268136622,0.0,-0.0,0.0,0.0,0.0,0.0
8623,-0.8943859101169452,0.20819914482204122,-0.5779904356068356,0.27243367787390443,-0.5537849875278112,1.9993730110280412,0.0,-0.0,0.0,0.0,0.0,0.0
8624,-0.3805222366380837,-0.6510830593887525,0.01046593728385077,-0.6322409404882406,0.6451208239616253,1.998944537626495,-7.443972677067699e-15,1.1579596481274411e-14,-0.0,-0.00017088749555311945,-0.00026585250389355304,-0.00044957832816289867
8625,0.22111006169320452,-0.9629555573905042,-0.44371139946196786,0.34341860888376047,-0.4766128759731087,1.9981101589574424,0.0,-0.0,0.0,0.0,0.0,0.0
8626,-0.12268539536193948,0.5268746705836097,-4.159472740610994,-0.2761003421100301,0.7057844488017764,1.999790468230218,0.0,-0.0,0.0,0.0,0.0,0.0
8627,0.2511761469406467,0.7685847784868235,-1.3249583577372113,-0.22620104307433092,-0.5012746613719579,1.9992913360011155,0.0,-0.0,0.0,0.0,0.0,0.0
8628,0.37230640218803907,-0.10570964114711762,-3.644368591752076,-0.6055110870168592,-0.528575473319009,1.9993391355154897,0.0,-0.0,0.0,0.0,0.0,0.0
8629,0.5178448223180138,-0.39418648669859857,-0.4551174247100258,-0.37390518645458565,-0.7924073228991886,1.999320003163933,0.0,-0.0,0.0,0.0,0.0,0.0
8630,0.5643356686868936,0.3312109306029033,0.13041766532151075,0.8841105193684478,0.4516989850496154,2.003219495784568,1.682219837620911e-14,-7.586144593378413e-15,-0.0,0.00038568355232480666,0.0001730735043278243,-0.0001449487999943407
8631,0.6913476787582682,0.6620782509043724,-2.452541742393067,-0.7205210822414811,-0.6304485635759537,1.9997866852664417,0.0,-0.0,0.0,0.0,0.0,0.0
8632,0.9733398456311246,-0.12869816801740214,-3.8024579018947,-0.8394704188583856,0.07220477403176304,1.999499912363844,0.0,-0.0,0.0,0.0,0.0,0.0
8633,0.7574936041721437,-0.22057149689513048,-0.14819611944229916,0.295924355211585,0.7727356279781791,2.00239698257831,0.0,-0.0,0.0,0.0,0.0,0.0
8634,-0.27754869930242737,-0.5746942098078209,-1.1396108450521731,-0.6561086769878474,-0.1855756703392769,2.003460786260734,0.0,-0.0,0.0,0.0,0.0,0.0
8635,0.5009782369897564,-0.23177608932766547,-0.9855565043907926,0.8247527487879395,0.020474727019684617,2.0012387219375674,0.0,-0.0,0.0,0.0,0.0,0.0
8636,-0.04345660469204771,-0.9280285361869625,-1.7303672948292117,-0.09154666742326073,0.3445744493821781,1.999046594731572,0.0,-0.0,0.0,0.0,0.0,0.0
8637,-0.17137441790653718,-0.9210504283372698,-1.7467713976429173,0.3417763303740738,-0.8688913390626066,1.9999041645249809,0.0,-0.0,0.0,0.0,0.0,0.0
8638,-0.9220277436842351,0.11782541376114725,-2.5342607281305387,0.06480089127094209,0.47697839191831665,2.0016125673295906,0.0,-0.0,0.0,0.0,0.0,0.0
8639,0.108951439892277,-0.0913295540206373,-3.607447779974142,-0.569306481433837,-0.6204437854902201,2.0000169325250563,0.0,-0.0,0.0,0.0,0.0,0.0
8640,-0.09198168757519262,-0.7355124942953795,-1.7868471062643858,0.03095771966544655,-0.6942636071605256,2.002012829397511,0.0,-0.0,0.0,0.0,0.0,0.0
8641,-0.5664849723479713,-0.012417845534843689,-1.2055611672969249,0.5737468539001453,-0.2713282053230567,1.998375186573538,0.0,-0.0,0.0,0.0,0.0,0.0
8642,0.5301714288924373,-0.5299330473054342,-3.78663466432118,-0.14368844288104024,-0.6884395537836132,2.000507299639467,0.0,-0.0,0.0,0.0,0.0,0.0
8643,-0.05801536319065776,-0.3789985537825171,-2.790434655525576,-0.14144665615652582,-0.1203983579468266,1.9990090076167344,0.0,-0.0,0.0,0.0,0.0,0.0
8644,-0.6196264406374324,-0.23192083488415208,-0.8240377817944997,0.2399376436922526,0.07699282298216276,2.0002816062323876,0.0,-0.0,0.0,0.0,0.0,0.0
8645,-0.38983970661326156,-0.19099166027977957,-1.3716956742285855,-0.11022653390730207,0.6564249397008297,1.999218385380986,0.0,-0.0,0.0,0.0,0.0,0.0
8646,-0.2884104089386191,-0.7747376559386253,-1.286719206051792,-0.01176005319684216,0.403563022050327,1.9979910507921899,0.0,-0.0,0.0,0.0,0.0,0.0
8647,0.25318394619282175,0.2685928996067963,-2.141960118752198,-0.8348012212822962,-0.31658158589464375,2.00102835861813,0.0,-0.0,0.0,0.0,0.0,0.0
8648,0.6836964133889657,-0.6087722765274872,-0.1448254763852428,0.3993553248349673,0.8879682484185942,2.0017076149213953,0.0,-0.0,0.0,0.0,0.0,0.0
8649,-0.8032578033897795,0.12463106755109794,-3.9313995849161336,0.6193373165307915,0.6291764426693524,1.9983876175152313,0.0,-0.0,0.0,0.0,0.0,0.0
8650,-0.8362712281690885,-0.5371805939778149,-3.7434334608486006,-0.17174495920326757,0.4936236264286111,1.996761156190779,0.0,-0.0,0.0,0.0,0.0,0.0
8651,0.0909721753658392,-0.3672254344211016,-3.7219825518361382,0.7182292458824114,-0.1897780797398411,2.000817037786709,0.0,-0.0,0.0,0.0,0.0,0.0
8652,0.6388465054890645,-0.09147363259378029,-1.5796963918214761,0.19244973222537026,0.9053217611650611,1.9976911378916404,0.0,-0.0,0.0,0.0,0.0,0.0
8653,0.33285792020953797,0.5572951468986782,-4.392783221784872,0.1763022766480846,0.9587492359411297,2.001067045355132,0.0,-0.0,0.0,0.0,0.0,0.0
8654,-0.12763095564028268,0.22076049507034742,-0.5035023213674303,-0.2794431146720713,-0.06255388583915648,1.997005378443488,0.0,-0.0,0.0,0.0,0.0,0.0
8655,0.5723935076291591,-0.35784827931079405,-1.5467642369358798,-0.17294588191217247,0.20900986625069473,2.001489727261372,0.0,-0.0,0.0,0.0,0.0,0.0
8656,0.8118610015626863,-0.47933842873723276,-1.0095325316482302,0.5546610848786007,0.5051274374111526,1.998433371258658,0.0,-0.0,0.0,0.0,0.0,0.0
8657,-0.5888202812701281,0.7822203021997628,-2.4166006624000747,-0.9966618192166571,-0.0011800493382985212,1.9989704052340127,0.0,-0.0,0.0,0.0,0.0,0.0
8658,-0.20120868890178828,-0.6589270521267142,-3.1958356056900548,0.6495301967152264,-0.5319561504130708,2.0022385762761754,0.0,-0.0,0.0,0.0,0.0,0.0
8659,-0.8194433969809043,0.2722618296288979,-3.709281098421678,0.41313405698639677,-0.1548515771415151,1.9987302023064424,0.0,-0.0,0.0,0.0,0.0,0.0
8660,-0.3052595820412468,0.16895326370383562,-0.434814547718143,-0.32378015798849236,-0.06300421909775887,2.002219098729077,0.0,-0.0,0.0,0.0,0.0,0.0
8661,-0.2022985948500782,-0.7464397440743904,-4.2708875513761555,-0.6213541404157479,-0.21298019998509246,1.996765295128405,0.0,-0.0,0.0,0.0,0.0,0.0
8662,0.7634482308597401,0.38452999128233495,-1.5129628675400237,-0.038232019703818954,-0.8728888922567607,1.9981581982751508,0.0,-0.0,0.0,0.0,0.0,0.0
8663,-0.9206042290018476,-0.11305583722147511,-1.2096832535259885,-0.11311728955158597,-0.26248434113521635,2.000191465529878,0.0,-0.0,0.0,0.0,0.0,0.0
8664,0.006393883066941336,0.5959527420032567,-1.0786906031264571,-0.3636088604403367,0.6441066004606257,1.9989961509076455,0.0,-0.0,0.0,0.0,0.0,0.0
8665,0.25069112768211926,-0.23236098001532357,-2.1986193138499273,0.054383963599918886,0.481936900132758,1.9992526363400898,0.0,-0.0,0.0,0.0,0.0,0.0
8666,0.341721307578481,0.2772709411404729,-3.640044673228093,0.3417104306187402,-0.31728570153722835,1.9992722456158132,0.0,-0.0,0.0,0.0,0.0,0.0
8667,-0.687034490788564,0.07472402992190665,-3.0543628465583716,0.6735348740229785,-0.3998997923876592,1.9994839437875134,0.0,-0.0,0.0,0.0,0.0,0.0
8668,0.20662066031299864,0.18872367695422626,-2.8669919243779196,0.94636212412355,0.10651297690010089,1.997043413389157,0.0,-0.0,0.0,0.0,0.0,0.0
8669,-0.5830498145680961,-0.08100058827934431,-1.8186065368410316,0.2665769371445696,-0.9416800789694171,2.001983256509388,0.0,-0.0,0.0,0.0,0.0,0.0
8670,0.3946113343614456,-0.9084205916791922,-1.816573977966175,-0.9556101153669563,0.28070477996855714,2.00100100337209,0.0,-0.0,0.0,0.0,0.0,0.0
8671,-0.3932788277432301,0.3380400493961116,-3.1106453391052757,-0.2692163455413584,0.9239764676299903,2.003187802844452,0.0,-0.0,0.0,0.0,0.0,0.0
8672,0.11394587120654158,-0.5623994769706742,-1.3174735545037015,-0.03402250130968112,-0.7677977292075171,2.0033414127554723,0.0,-0.0,0.0,0.0,0.0,0.0
8673,-0.07023873856218732,-0.9719282737461276,-3.8009498498877408,-0.13750085897468436,0.17027898893643126,2.0003045665479537,0.0,-0.0,0.0,0.0,0.0,0.0
8674,0.6793226129064204,0.5852244459711189,-4.450392992486001,-0.6893160580034086,0.08867428638075656,1.9966117255521756,0.0,-0.0,0.0,0.0,0.0,0.0
8675,0.3026421996906801,0.017793752206340867,-0.6897303962299137,0.4174324309913521,-0.02552202793462984,2.0036190109582086,0.0,-0.0,0.0,0.0,0.0,0.0
8676,0.5411498229377996,0.44041635168063087,-2.6169997705338854,-0.6768937842064836,0.6980398153809404,1.999076228561962,0.0,-0.0,0.0,0.0,0.0,0.0
8677,0.0025858804695954953,-0.42087042502728206,-0.6944196042230191,-0.0937734099390236,-0.5606736685676701,2.004740760514047,0.0,-0.0,0.0,0.0,0.0,0.0
8678,-0.30633336030153674,-0.9346238666858033,-2.7478213683618025,-0.42983942444818224,0.4395922169526987,1.9976461549248008,0.0,-0.0,0.0,0.0,0.0,0.0
8679,-0.7561068465584695,-0.17501675899687708,-0.36483662898245356,-0.37685663683295495,-0.033010608172698526,1.9994725122591466,0.0,-0.0,0.0,0.0,0.0,0.0
8680,-0.3417290829526803,-0.4616945702141915,-1.2699154618976676,0.6595258232442677,0.0449538667172648,2.000269568337849,0.0,-0.0,0.0,0.0,0.0,0.0
8681,-0.06783371222455765,-0.9704846715969402,-1.2429958311421214,-0.16295205582025207,0.4252940899829156,2.001167562488014,0.0,-0.0,0.0,0.0,0.0,0.0
8682,-0.7010378882004338,0.6320073666270714,-2.3518970784187005,0.5728489806077457,0.573046351514407,1.999660300095829,0.0,-0.0,0.0,0.0,0.0,0.0
8683,0.4969955382630374,0.82769810706884,-0.4909189055682749,-0.6323111663649426,0.5779493497058003,1.999719148619184,0.0,-0.0,0.0,0.0,0.0,0.0
8684,0.4286769713537974,0.44834688413597107,-0.2884326249080563,0.806167080573691,-0.456147932387971,2.001676816240943,0.0,-0.0,0.0,0.0,0.0,0.0
8685,-0.22034531393357226,0.7361123451406958,-0.5398807776513428,0.23726740899753573,-0.8766587205671293,1.9970428980244703,0.0,-0.0,0.0,0.0,0.0,0.0
8686,-0.23818925335395613,0.58806828437669,-4.284830711100722,-0.3357707134497523,0.6635372267685635,1.9968853521341405,0.0,-0.0,0.0,0.0,0.0,0.0
8687,0.017330901852116894,-0.6607611539389086,-4.3702097971886005,-0.34307035988199813,0.5658607115202764,2.0000821075193365,0.0,-0.0,0.0,0.0,0.0,0.0
8688,0.8459756630050222,0.44869777418746665,-1.0173435821404606,0.5875861655906338,-0.17120782234152615,2.001442910372268,0.0,-0.0,0.0,0.0,0.0,0.0
8689,0.2064515159098125,-0.44234648640710794,-0.45418224936738755,0.430623780687336,-0.8620236775818491,1.9999883288830462,0.0,-0.0,0.0,0.0,0.0,0.0
8690,0.24242130446210994,0.7382673542489903,-1.7744461448446303,-0.7130755109973552,-0.2838036168392516,2.0040747034116175,0.0,-0.0,0.0,0.0,0.0,0.0
8691,0.04385892891274115,-0.964799159549631,-3.058971596769077,0.35845335122100175,-0.36920727328261466,2.0017776243738306,0.0,-0.0,0.0,0.0,0.0,0.0
8692,0.8865140344101079,0.47809200104151756,0.07028443774611635,0.8835653802320975,0.41813203145142874,1.999859819795799,1.9826713722977588e-14,-1.779001164068273e-14,-0.0,0.0004557372534058873,0.00040834880058380514,-0.0003726371585188168
8693,0.32611485861640854,0.6827346985759193,-3.4193561853728935,0.2803938978134798,-0.36885790498523136,2.000048629894567,0.0,-0.0,0.0,0.0,0.0,0.0
8694,-0.45285024048960615,-0.36256831259079975,-3.192478942477414,0.7456799095905502,-0.3782410833803809,1.9990600002980121,0.0,-0.0,0.0,0.0,0.0,0.0
8695,-0.5803260090457457,0.24021985519801137,-3.442167966797413,-0.07406756683232632,-0.9770907578224527,2.0000430424058933,0.0,-0.0,0.0,0.0,0.0,0.0
8696,-0.5227463042093656,-0.8410295138617377,0.4790055883281128,0.10868456812747185,-0.7848635992175983,2.000984180432343,-7.766310828051354e-15,1.8188747638832316e-14,1.8777171779549083e-217,-0.0001773153956400536,-0.0004179399128053409,0.00026684548067901264
8697,0.11983292192130174,0.9683765450879034,0.43728497800277466,0.3644416944817825,0.23728774256909002,1.998370703626699,2.1224194560781214e-14,-1.7415562173583447e-14,6.428785544799962e-241,0.0004964315506193314,0.0004028391446935231,0.000943439546543599
8698,0.87169917657467,-0.38843975853190443,-3.1182266855213303,-0.8410505321357035,-0.21098978037366622,1.9989590289259047,0.0,-0.0,0.0,0.0,0.0,0.0
8699,-0.6356968280105272,0.1721138660330259,-2.162607632636526,0.2626479616450903,0.3096822242508081,1.994657442144289,0.0,-0.0,0.0,0.0,0.0,0.0
8700,0.7630729917235792,0.48843281778494363,-2.3812542173011333,-0.06603795150398198,0.9316639570720546,2.0001816190219492,0.0,-0.0,0.0,0.0,0.0,0.0
8701,-0.16411258510262633,-0.7378609242876831,-1.2981054436877548,0.19436412432108904,0.27933806207245154,2.0020250736882934,0.0,-0.0,0.0,0.0,0.0,0.0
8702,-0.24441282866220246,0.43082729445997553,-2.1461995131607687,0.20362885218925864,-0.8168743593868518,2.0015310315014756,0.0,-0.0,0.0,0.0,0.0,0.0
8703,-0.3563181372801895,-0.0948004585918203,-3.76842630785923,0.1484730800955122,0.8582783068909885,1.9962599331437687,0.0,-0.0,0.0,0.0,0.0,0.0
8704,-0.22664121405193394,-0.010504122078100085,-4.067026748634037,0.3037012061620701,0.6040142293385811,1.9977959803282468,0.0,-0.0,0.0,0.0,0.0,0.0
8705,-0.3470219659608372,-0.30911537384006016,-2.213057826118906,-0.7566395695036086,0.42485682775100714,2.0001038328424703,0.0,-0.0,0.0,0.0,0.0,0.0
8706,-0.5864809213939887,-0.4955639009750223,-2.0178719169477417,0.3336385449656885,0.18501687887065776,1.9966244243661189,0.0,-0.0,0.0,0.0,0.0,0.0
8707,-0.692332516985136,0.4933096753585623,-0.43957305115465356,0.006262712364772924,0.7195695210534556,1.9999454513147683,0.0,-0.0,0.0,0.0,0.0,0.0
8708,0.664213995761536,-0.5924487095290734,-3.2930481443848127,0.8092881818907462,-0.5586169451016749,2.0027078635262625,0.0,-0.0,0.0,0.0,0.0,0.0
8709,-0.6245966812088573,-0.08004864633386909,-3.9907258494509446,-0.09844295012936698,0.813386397097035,2.000019388038506,0.0,-0.0,0.0,0.0,0.0,0.0
8710,0.14159370192394227,-0.3492807794461471,-3.083534380622774,0.7837878247782163,-0.366037776495525,2.000154519389006,0.0,-0.0,0.0,0.0,0.0,0.0
8711,0.4777440547253708,0.026396461464356237,-2.2977102185804346,0.9093537216751056,-0.06240037303439202,2.0015255219264456,0.0,-0.0,0.0,0.0,0.0,0.0
8712,-0.27023211195430585,-0.3494787257382146,-0.058816297468755024,-0.6302713944351369,0.5326992122744276,1.998581634520767,0.0,-0.0,0.0,0.0,0.0,0.0
8713,0.7982395136644984,-0.5618840918163042,-1.0290176772116233,-0.15278955875631522,0.7749948576426509,1.9959277465252052,0.0,-0.0,0.0,0.0,0.0,0.0
8714,-0.08297190578831275,0.34773446182095075,-2.4841066228396587,0.44101216190492054,0.08037938637173211,2.0011377033564735,0.0,-0.0,0.0,0.0,0.0,0.0
8715,0.6109871931915853,0.05595339368421082,-4.507932819180406,0.8570315588512741,0.45981282314224287,2.0027658424918893,0.0,-0.0,0.0,0.0,0.0,0.0
8716,0.7606260200010568,-0.643834750560201,-3.2922545201633264,-0.019475898489231896,-0.6708832800708814,1.9985736986761438,0.0,-0.0,0.0,0.0,0.0,0.0
8717,-0.2064680513070425,-0.28519194043911494,-2.804327434565569,-0.7034134995314243,-0.21890922636634952,2.0029543425642418,0.0,-0.0,0.0,0.0,0.0,0.0
8718,-0.919965003680952,0.37959921648419054,0.48402081947928755,-0.16660295510982912,-0.06363596817294288,1.99956955291573,-1.9382938579848646e-14,-6.6405223856057935e-15,-7.165949040293984e-215,-0.0004451921812882665,0.00015255463263155888,0.0003314953471771062
8719,0.24532161506237896,0.9357853547140225,-1.6348727877743032,0.3337865453052102,0.6100649219732984,1.9995693619655583,0.0,-0.0,0.0,0.0,0.0,0.0
8720,0.023959915025854393,-0.5035327029256864,-3.1749160668837138,-0.6378450896437481,-0.5113475879152709,1.997743456494893,0.0,-0.0,0.0,0.0,0.0,0.0
8721,-0.11968537906877963,-0.7090532637698151,-2.1794006777468935,-0.3389454926110677,0.27944041310446616,1.9971044377288336,0.0,-0.0,0.0,0.0,0.0,0.0
8722,-0.48218102097432564,-0.5940403558862282,-3.1067607425020785,-0.4867474110544387,0.5245731118351423,1.9978104271608421,0.0,-0.0,0.0,0.0,0.0,0.0
8723,-0.015034407088955384,-0.8300925099478004,-1.905747165585569,0.3229342786928718,0.2617390996848006,1.9979285776085198,0.0,-0.0,0.0,0.0,0.0,0.0
8724,-0.3705237749788633,0.38675069072411183,-3.1604139398905637,0.5702046330328825,-0.2978296592482984,1.9999451143166806,0.0,-0.0,0.0,0.0,0.0,0.0
8725,-0.6551672133414896,0.5110040979188737,-1.8874133605346177,0.6904247514020364,-0.01771338246071023,2.000834391214937,0.0,-0.0,0.0,0.0,0.0,0.0
8726,-0.1265481063589971,-0.44302104943521603,0.42337998994198534,-0.6115763896192051,0.6323023701619489,2.000095926529825,-2.090582817649194e-15,1.167886159058856e-14,2.019686365946349e-249,-4.7114400081138e-05,-0.0002676007068012028,0.0005003886896520929
8727,-0.8667055412270336,0.4747313294289212,-3.5643805900299688,-0.2817106960617413,-0.7105539273582525,2.000303907179906,0.0,-0.0,0.0,0.0,0.0,0.0
8728,-0.13610040974410445,0.8166253492071188,-0.7353341501007015,0.13141929949840772,-0.03816423490218533,2.0028122136574606,0.0,-0.0,0.0,0.0,0.0,0.0
8729,0.3056724008392989,-0.6039073821576186,-1.7315898312448348,-0.7572955841566407,-0.5548428500968894,2.000492378114754,0.0,-0.0,0.0,0.0,0.0,0.0
8730,-0.6519125244998683,0.7095575457782061,0.46272255988275024,-0.5046745258413065,0.5534613325589377,2.00094263608847,-1.8376924762161095e-14,-1.4602987669665386e-14,-1.4290320934965852e-226,-0.00042159790306508366,0.00033451973891562186,0.0002679976379289548
8731,-0.5441408629536862,-0.3548459013484262,-1.6111697298179501,0.5712934985127489,0.781101787139682,1.9986526372811346,0.0,-0.0,0.0,0.0,0.0,0.0
8732,0.10488264663150658,0.23607240535097618,-4.019426851714359,-0.08406908344350766,-0.6576014677907003,1.998354908014851,0.0,-0.0,0.0,0.0,0.0,0.0
8733,-0.5013009756788522,0.8289966018866736,-4.079109031097146,0.25947014337752267,0.8512013389825095,2.001292639625263,0.0,-0.0,0.0,0.0,0.0,0.0
8734,-0.8029527452889538,0.25269907937829655,-0.13465270893117579,-0.3940993906673071,-0.5981326087047555,2.001975322366838,0.0,-0.0,0.0,0.0,0.0,0.0
8735,-0.2751417190956773,0.5098449191766183,0.241240126813623,-0.551245127822184,-0.3357032517600528,2.0007603085531214,7.621831773181738e-16,-1.437308711321441e-14,-0.0,1.624412470029474e-05,0.0003291039021238811,-9.801511577813243e-05
8736,-0.3047933828067626,0.5604634667176497,-2.108937582587277,-0.4732385550953268,-0.4777177659652972,1.999799905912939,0.0,-0.0,0.0,0.0,0.0,0.0
8737,0.07150887320425338,0.09496600393250827,-2.278841193675497,-0.718225115340467,0.04710179849737588,2.00101547639557,0.0,-0.0,0.0,0.0,0.0,0.0
8738,0.4382417971720436,-0.7732957515091041,-0.3232099660475876,0.6315280354469887,-0.1336093871287524,1.9987625518927326,0.0,-0.0,0.0,0.0,0.0,0.0
8739,-0.38017329577932835,0.7791411596391274,-0.37534710416410394,0.35138282594307646,-0.27408261238644516,2.0041299897237446,0.0,-0.0,0.0,0.0,0.0,0.0
8740,-0.6562656969107683,0.21085857656446136,-1.7560166784321787,-0.20023754921726866,-0.3816427696157374,2.002120047653704,0.0,-0.0,0.0,0.0,0.0,0.0
8741,-0.3408976283508806,0.040509264336269654,-0.29618328991049897,-0.3995382732177518,0.3289685165103239,1.9994388403592462,0.0,-0.0,0.0,0.0,0.0,0.0
8742,-0.31145969934955536,-0.16888621576469237,-0.09640774195412231,-0.008492034213399838,-0.7636682789686263,1.9991186700663008,0.0,-0.0,0.0,0.0,0.0,0.0
8743,-0.3518876715032078,0.738498243861876,-2.667684872891237,-0.22081395784490682,0.8012995015063867,1.9986723748098223,0.0,-0.0,0.0,0.0,0.0,0.0
8744,0.14170592966143683,0.7528394540604553,-4.329309284959682,0.5654032671595539,0.0920249447408723,1.9982062527239688,0.0,-0.0,0.0,0.0,0.0,0.0
8745,-0.27153334593103073,0.4134804962002802,-1.4592088976848172,0.9988052354027326,-0.02004141010361852,1.997460180478684,0.0,-0.0,0.0,0.0,0.0,0.0
8746,-0.36959114495843465,-0.19771435085172673,-3.243045607545273,0.7361298970074533,-0.5817636257742179,2.0003433469687084,0.0,-0.0,0.0,0.0,0.0,0.0
8747,-0.20027788445045883,0.6464818322686109,-1.2044271624608176,-0.6087126179944703,0.004327069772138545,1.9993519929929358,0.0,-0.0,0.0,0.0,0.0,0.0
8748,0.05271956706871055,-0.23134243939317592,-4.075445603350985,-0.6981271685720062,-0.3608088007836956,2.0019485994113846,0.0,-0.0,0.0,0.0,0.0,0.0
8749,-0.9741060968427807,-0.12875544590999552,-3.230615189116041,0.15704111087279757,-0.07341002106519719,1.9987442430325935,0.0,-0.0,0.0,0.0,0.0,0.0
8750,0.4719384611744145,-0.36532021465955844,-0.6998046525118188,-0.39709862351036895,-0.24387421788188743,2.001376929505294,0.0,-0.0,0.0,0.0,0.0,0.0
8751,0.19699973521230843,-0.5711785556617036,-4.3168880935292275,0.5186640472335023,-0.030414672454629244,1.9974294109601616,0.0,-0.0,0.0,0.0,0.0,0.0
8752,-0.8191389775310532,0.5661367064669064,0.02942763123029976,-0.4261271483208826,-0.36904591544800547,1.9980838948499795,-1.7854614129789142e-14,-1.508339679359894e-14,-0.0,-0.0004101399151798875,0.0003466565620311162,-0.00031564513385599007
8753,-0.3936937365478369,-0.2681907535104612,-0.7914721692225277,0.172567936248473,0.801236945343242,2.0028485401284044,0.0,-0.0,0.0,0.0,0.0,0.0
8754,0.8247056771302086,0.18161679264083322,-1.9795596521599583,-0.6644123653174334,-0.6155048948993354,1.996020824764604,0.0,-0.0,0.0,0.0,0.0,0.0
8755,0.9044052370658431,-0.21397159387125836,-2.0738816251256686,0.26529341930599676,-0.8658759354192767,1.9971877573809218,0.0,-0.0,0.0,0.0,0.0,0.0
8756,0.6597745942676674,0.5137193618984955,-2.899388124947951,-0.6498990533158472,-0.2505037208489881,2.0005890565724678,0.0,-0.0,0.0,0.0,0.0,0.0
8757,-0.4962946130594711,0.4328099729964148,-1.556615649629061,0.4452434042802862,0.0565099347488493,1.9988682838781655,0.0,-0.0,0.0,0.0,0.0,0.0
8758,0.26400912732823334,0.5110547744387888,-3.9752023913269623,0.16680603066887667,-0.6233032628245061,1.9991567007072617,0.0,-0.0,0.0,0.0,0.0,0.0
8759,0.16474907677232628,-0.5098484054459004,-4.326510567276128,-0.2707321861032163,-0.3800927631958374,2.003940140622241,0.0,-0.0,0.0,0.0,0.0,0.0
8760,-0.5187948552362885,-0.6468301116507056,-0.740971292809588,-0.3090494607108495,0.6253278261063872,2.002422405016816,0.0,-0.0,0.0,0.0,0.0,0.0
8761,0.16246367018722438,0.5729895308673982,-3.512475124474712,0.10911585170387676,-0.12677472343312757,1.9990437872106717,0.0,-0.0,0.0,0.0,0.0,0.0
8762,-0.4308539737900959,0.3956767563194885,-4.259806934607353,-0.24713936663311428,-0.49574870094578866,1.9961456269170352,0.0,-0.0,0.0,0.0,0.0,0.0
8763,0.7429040512428292,0.3046484819228708,-2.4284690254935626,0.8241815417211537,0.35150969687054806,1.9974499294556813,0.0,-0.0,0.0,0.0,0.0,0.0
8764,0.03504076329223655,-0.9082807059255296,-2.4099072362397425,-0.876257060210146,0.06585191236958393,2.000336128548849,0.0,-0.0,0.0,0.0,0.0,0.0
8765,-0.6536778039642296,0.12689833167030182,-3.1194164567378135,-0.1074640331974708,-0.8184716174918957,1.998486589317195,0.0,-0.0,0.0,0.0,0.0,0.0
8766,0.33037934902851007,-0.5335001005434391,-2.28909290954565,-0.6385163514405494,-0.08106345242857037,1.9989400802107815,0.0,-0.0,0.0,0.0,0.0,0.0
8767,0.2247448752106327,0.5294716109554146,-2.7629063349236644,-0.6044542016857758,0.665139820316588,1.9977663143156503,0.0,-0.0,0.0,0.0,0.0,0.0
8768,-0.08060569786385509,-0.02029356805942387,-0.21005280618335107,0.06918705131211833,-0.7214681800201688,1.9991880375026605,0.0,-0.0,0.0,0.0,0.0,0.0
8769,-0.7620649469009547,0.3551022413875089,-0.33401640430586027,-0.04544589492219296,-0.06983461157468183,2.0022500071254092,0.0,-0.0,0.0,0.0,0.0,0.0
8770,0.5416983082597052,-0.591524008190508,-4.092291309056892,-0.2752215927227637,-0.32622284494781134,1.998857463182157,0.0,-0.0,0.0,0.0,0.0,0.0
8771,-0.18244753937942873,0.32275123624410934,-4.2716420942817654,0.425142327053578,0.14652651250029372,2.0025911635922236,0.0,-0.0,0.0,0.0,0.0,0.0
8772,0.6007593526204035,0.7080476127287965,-1.0253462933798565,0.6776966852874949,0.22560353546378906,1.9999610805101198,0.0,-0.0,0.0,0.0,0.0,0.0
8773,0.025465861538667284,0.8130625464424865,-3.8947771173379495,0.6848550349537303,-0.6957429779752848,1.997617191041295,0.0,-0.0,0.0,0.0,0.0,0.0
8774,0.24152381000026132,-0.428116776054217,-3.66291001684277,0.2573277694465813,-0.4201755538138376,1.9986864464528447,0.0,-0.0,0.0,0.0,0.0,0.0
8775,0.19868274993963364,0.19591381561265994,-0.5650058660582571,-0.29866608046104365,-0.3348662489899245,1.994073904244113,0.0,-0.0,0.0,0.0,0.0,0.0
8776,-0.4301456837031192,-0.19164937347586286,-1.266813355933665,0.36489254757222467,0.4917034437090435,1.9998632423089953,0.0,-0.0,0.0,0.0,0.0,0.0
8777,0.14064481572291537,-0.5973891656469464,-3.5842553671311967,-0.9229755241717658,-0.06415710335402466,2.0003015545158567,0.0,-0.0,0.0,0.0,0.0,0.0
8778,-0.40454432438986,-0.8488176608028689,-3.5212041962655904,-0.5904313045457434,-0.7794050430011581,1.9947042170878246,0.0,-0.0,0.0,0.0,0.0,0.0
8779,-0.33589167995714686,0.7923540086830425,-0.4343807290479109,0.4509905063711573,0.3210556571589568,1.9957684783146368,0.0,-0.0,0.0,0.0,0.0,0.0
8780,-0.6291685744112775,-0.6000394107883484,-2.619237233029443,0.8333874939217489,0.22096239144598925,1.9975495596664359,0.0,-0.0,0.0,0.0,0.0,0.0
8781,0.30830067898705316,0.032705735929505764,-3.781770013940824,-0.9955403493349504,-0.05141862948522288,1.999142655355683,0.0,-0.0,0.0,0.0,0.0,0.0
8782,-0.47231638979817603,0.26274502689241463,-3.1205593019912934,-0.5674642041650377,-0.06524245820472425,2.0012273669662717,0.0,-0.0,0.0,0.0,0.0,0.0
8783,-0.7604091063357555,0.5152209012944737,-2.1693997475150075,-0.4737928271271828,-0.6404777956963091,2.0017078406818403,0.0,-0.0,0.0,0.0,0.0,0.0
8784,-0.24604543024556033,-0.6932936659246633,-1.001402949478481,-0.7878514781866642,0.39727086406209705,2.0001488010113317,0.0,-0.0,0.0,0.0,0.0,0.0
8785,0.15164271297138,0.46596056177938416,-2.900451187290579,-0.012688705917475555,-0.1416720403600622,2.0003398391350378,0.0,-0.0,0.0,0.0,0.0,0.0
8786,0.06301654473090029,0.7460676444449275,-0.09555393229975823,-0.20695074525795606,0.6587679574988093,1.9994982227966542,0.0,-0.0,0.0,0.0,0.0,0.0
8787,-0.4823662882340721,0.8233583406913543,-4.025092723820463,0.6613992635482677,0.7156170480459588,1.996153592395341,0.0,-0.0,0.0,0.0,0.0,0.0
8788,0.5875701554939086,0.22679024355973693,0.3395774354149519,0.39886272357959446,0.2614320213536244,1.998932809691995,1.4499972208715755e-14,-6.810084358355637e-15,3.592951680387042e-297,0.0003339120857471486,0.0001561336071039808,0.00025142321285559716
8789,0.30656631348787367,-0.8346844467062494,-2.5104444818985656,-0.23405493842386835,-0.05206445819587923,2.0002446744027638,0.0,-0.0,0.0,0.0,0.0,0.0
8790,0.5979350530867987,-0.5111379377350121,-1.5913324193127993,0.19679164997641804,-0.4650385117709792,2.0008391994051666,0.0,-0.0,0.0,0.0,0.0,0.0
8791,0.8908363688351792,-0.21000096418481587,-4.329652025714315,-0.039157827224732704,-0.22415976034271964,1.9972398002575886,0.0,-0.0,0.0,0.0,0.0,0.0
8792,-0.6633035871754928,0.3346607890780013,-0.06410681792692786,0.09672613387815693,0.5944236306714362,2.0015042245133685,0.0,-0.0,0.0,0.0,0.0,0.0
8793,-0.749031110627999,0.6192918702601136,-0.9015396058233875,-0.02916391076811151,0.34735078703777605,2.000141150633563,0.0,-0.0,0.0,0.0,0.0,0.0
8794,0.489014934391211,-0.6837920731001974,-4.332392875284833,0.5719770057181195,-0.7874964414661836,2.0002290476730753,0.0,-0.0,0.0,0.0,0.0,0.0
8795,-0.06558842803115472,0.1858115147153735,-2.767342321908446,0.00868066218330593,0.9378483043842613,2.0005728482681127,0.0,-0.0,0.0,0.0,0.0,0.0
8796,-0.8321117313020219,-0.15836921901724305,-2.0947707471892016,-0.31446553497015606,0.5542530901510441,2.001896621329359,0.0,-0.0,0.0,0.0,0.0,0.0
8797,-0.4675296196744233,0.7528660390512174,-0.7320968396417323,-0.36326874794105873,0.08813575303797401,2.000411409603225,0.0,-0.0,0.0,0.0,0.0,0.0
8798,-0.022111313722424673,0.013724088673511648,-2.733493635480549,-0.12045879654505769,0.005604395399738496,1.9997077851947984,0.0,-0.0,0.0,0.0,0.0,0.0
8799,-0.12433845451992476,0.8001163434543355,-3.630134078677181,-0.042014209465044125,-0.6080940719969673,1.9957913540275867,0.0,-0.0,0.0,0.0,0.0,0.0
8800,0.3938391227827691,-0.36682958577870745,-0.8574417297272521,0.22215561665957512,0.34733520394017836,1.9986580259340696,0.0,-0.0,0.0,0.0,0.0,0.0
8801,-0.11457968108156014,-0.8533331356131454,-0.9635437200491309,-0.2935621427835512,0.9400329371692637,1.9984850754596417,0.0,-0.0,0.0,0.0,0.0,0.0
8802,0.5118787146198777,0.8191152335051877,-3.571287427814046,0.7256132657396208,0.5899856920296803,1.9986707786835458,0.0,-0.0,0.0,0.0,0.0,0.0
8803,0.2500364731838053,-0.013646504700903929,-1.0286840381029398,-0.4447990984100889,0.013136993176261404,1.9987611669892131,0.0,-0.0,0.0,0.0,0.0,0.0
8804,-0.1771532641287579,0.7334467322000084,-0.48666547645523767,-0.18511793435752888,0.3656783312206933,1.9971438667065011,0.0,-0.0,0.0,0.0,0.0,0.0
8805,-0.04161560506170738,0.9317165933675675,-2.7543573663412824,0.8508953682657896,0.17120242735192548,2.001632365009679,0.0,-0.0,0.0,0.0,0.0,0.0
8806,-0.1634706254301964,0.393558065668702,-0.11056977298414952,-0.34868422650538344,0.5751867140512553,1.9991614005331213,0.0,-0.0,0.0,0.0,0.0,0.0
8807,0.27462726566181006,-0.3754765219872421,-2.00039172858657,-0.6339785891193342,-0.43886079401188144,2.0009918213300897,0.0,-0.0,0.0,0.0,0.0,0.0
8808,-0.47608530959162004,-0.3326528402166172,-4.069657608986325,-0.09114297006929219,-0.3927919284248481,1.9988862106548781,0.0,-0.0,0.0,0.0,0.0,0.0
8809,0.3457972697951799,-0.019253762557984496,-1.0736476933660137,-0.37702578405418025,-0.5297680142296536,1.9986267504650328,0.0,-0.0,0.0,0.0,0.0,0.0
8810,-0.8417919399129747,0.5116808006173728,-1.068988622547662,-0.40427083179069084,0.3626851158935398,1.9993831456826987,0.0,-0.0,0.0,0.0,0.0,0.0
8811,-0.45600507122923145,0.22314865529959166,-1.8711273444338044,0.9007826151012018,-0.2922598566305911,1.9972413616924631,0.0,-0.0,0.0,0.0,0.0,0.0
8812,-0.7342043934817004,-0.04651177322142634,-1.6400382788604406,0.4037809538838601,0.8424754122599645,2.000636938788884,0.0,-0.0,0.0,0.0,0.0,0.0
8813,-0.2828163311815305,0.5915037440024851,-3.823858475994354,-0.5416309886356091,-0.6189489626554057,1.9984847729388946,0.0,-0.0,0.0,0.0,0.0,0.0
8814,-0.3878937566323486,0.17513089446498623,-3.891963732811895,0.5526851790147642,-0.5369569916985787,2.000586139849965,0.0,-0.0,0.0,0.0,0.0,0.0
8815,-0.28503437051452946,0.14212489057906716,0.28417096224640864,0.29192459942402094,0.3784657989430398,2.000462297306,-2.910335632319503e-15,-3.6366405614344195e-15,0.0,-6.579442866174312e-05,8.413446380027194e-05,0.00011165160406876043
8816,0.516636094450522,-0.6305858395239003,-0.5016466847861495,-0.020104789165463075,-0.6898342559571882,1.9989401431082654,0.0,-0.0,0.0,0.0,0.0,0.0
8817,0.18487612013902793,0.3584228878936091,-2.562585527973129,-0.9180102832642565,0.36887259833761654,1.9996110290136286,0.0,-0.0,0.0,0.0,0.0,0.0
8818,-0.7684534563440756,0.18341830693113373,0.3134002744066925,0.5514088582886347,-0.05467368376509784,2.001225591791015,-1.6792194486957873e-14,-7.715527572372717e-17,6.699431902827e-312,-0.00038551614305704725,1.735453239728812e-06,-2.1647753424774237e-05
8819,-0.5468779801732399,-0.43521299145077846,0.3252314818033703,-0.7818998046805359,0.41119302103523514,1.9991993905478462,-2.017937230808226e-14,9.689357596156518e-15,2.9582653229679027e-305,-0.0004646624706838041,-0.00022140752631858026,0.00030301100586818203
8820,-0.0847736179563737,-0.24771458266425853,-2.5785455310760614,-0.15669609631371134,0.6531474665803554,1.9998356141593918,0.0,-0.0,0.0,0.0,0.0,0.0
8821,0.5382678563509917,-0.4521883697503587,-2.4942860660181645,0.6013396708227025,-0.5438498183598142,1.9992073290866834,0.0,-0.0,0.0,0.0,0.0,0.0
8822,-0.17288190896425779,0.3455736877949745,-2.1200012846244234,-0.45926552799016007,-0.26898998212581826,2.0034829013033537,0.0,-0.0,0.0,0.0,0.0,0.0
8823,-0.09987080128216448,0.799208483982384,-1.1773071709909049,0.6858300584377602,0.5739537435589211,1.9981946851053853,0.0,-0.0,0.0,0.0,0.0,0.0
8824,-0.4598432912970606,0.6217152809174963,-3.446481063941855,0.5189105345083792,-0.5652437390054789,2.000389195608283,0.0,-0.0,0.0,0.0,0.0,0.0
8825,-0.654733800271855,-0.38424724694459034,-0.22836876456930943,0.34625678226896467,0.9066784557459212,2.0013173766145105,0.0,-0.0,0.0,0.0,0.0,0.0
8826,-0.555911180701237,-0.06738933679320845,-3.707457450610078,-0.10734078315088914,-0.5868122448374927,2.0020950836896643,0.0,-0.0,0.0,0.0,0.0,0.0
8827,-0.4498858306609581,-0.6107183200799364,-4.068884936395258,0.5559664410321549,0.47749085495211036,1.9991789556178539,0.0,-0.0,0.0,0.0,0.0,0.0
8828,-0.757763679169744,0.5927219227685889,-1.306162218719397,0.45816386861773445,-0.6970076164658076,2.0001775919557967,0.0,-0.0,0.0,0.0,0.0,0.0
8829,-0.1459647638024439,0.7323968528596856,-3.6754514927981057,0.552958727912371,-0.2183823633455652,2.0053256908330215,0.0,-0.0,0.0,0.0,0.0,0.0
8830,0.5249527980470332,-0.77985149690701,-0.7153402894365436,-0.32270205800629564,0.33878226224159,1.9997442248405504,0.0,-0.0,0.0,0.0,0.0,0.0
8831,0.11644297247981625,0.3110256872035715,0.47023081453569004,-0.4935611157722646,0.6033885409863552,2.0056914713571357,8.19540328660016e-15,-7.211107372880664e-15,-5.978933322897057e-223,0.00018832213935936353,0.0001638839518933571,0.0006276598856411861
8832,0.05612564346442138,-0.5495075147528213,-0.80420994681738,0.7434310931609113,0.048046396458768605,1.9965896317041847,0.0,-0.0,0.0,0.0,0.0,0.0
8833,-0.5704334369594858,-0.49684587172903316,-3.865564958684371,-0.13088863135076165,0.31225095814829146,1.9993746206586944,0.0,-0.0,0.0,0.0,0.0,0.0
8834,-0.2108238986498608,-0.82918874039453,-1.171198453248561,0.942018275227789,0.23727224807555997,1.9997745482256073,0.0,-0.0,0.0,0.0,0.0,0.0
8835,0.7165726836460874,-0.16159603633479183,-3.0756272810648606,0.5358289088195357,-0.375532466925412,2.0022275441049873,0.0,-0.0,0.0,0.0,0.0,0.0
8836,-0.7746475881999866,-0.22193301907700427,-2.1740880814049977,0.23964416385917098,-0.8427700771838237,1.9967102711315599,0.0,-0.0,0.0,0.0,0.0,0.0
8837,0.16459005552866082,0.9210997301578636,-1.8648276131552113,0.47393284332232677,0.13866327282946278,1.9995083037221604,0.0,-0.0,0.0,0.0,0.0,0.0
8838,-0.04864943772358646,0.5714150149160504,-1.608917830983349,0.32578941439325243,-0.4588738686220054,2.001998968842448,0.0,-0.0,0.0,0.0,0.0,0.0
8839,0.18481273697523987,0.2966606790603164,-2.5573593296578108,0.5700546784611836,-0.1275634294919609,2.001360480818007,0.0,-0.0,0.0,0.0,0.0,0.0
8840,-0.7887109883200075,-0.289066360207778,-4.223847747972174,-0.5254736771111136,-0.11079651989577113,2.00203889969335,0.0,-0.0,0.0,0.0,0.0,0.0
8841,-0.230293643043863,-0.567178518515226,-3.579236700978256,0.4776510828469193,-0.020083369111956087,1.9984631704871034,0.0,-0.0,0.0,0.0,0.0,0.0
8842,-0.3281574286014289,-0.21690051297963203,-4.431632920677168,0.5289750979016817,0.5313080670672755,2.000121908683136,0.0,-0.0,0.0,0.0,0.0,0.0
8843,-0.32581383527432106,-0.6810778569833601,-0.23527370810248244,-0.7814245799611754,0.6037795310302092,1.9986642776789525,0.0,-0.0,0.0,0.0,0.0,0.0
8844,-0.7030140476298231,0.3038216876937631,-4.258446527296489,-0.8273279522066226,0.18261831152336314,2.0003590710832264,0.0,-0.0,0.0,0.0,0.0,0.0
8845,-0.45828916894916794,-0.34757217794510975,-2.9834933967373822,0.4296355940428804,-0.5734786624788762,2.001229315947686,0.0,-0.0,0.0,0.0,0.0,0.0
8846,0.05829651258657978,0.39221731485488004,-1.777190527704278,-0.338943295727429,-0.7747585254367557,2.0017114174215718,0.0,-0.0,0.0,0.0,0.0,0.0
8847,0.9540928443863573,0.2766928462457843,-2.443967966933373,-0.568304389570083,-0.3777424971469778,1.9994771741893704,0.0,-0.0,0.0,0.0,0.0,0.0
8848,0.6919270767541148,0.04798351996208758,-4.324681605282117,0.18827827177091444,0.5748255831379954,1.999145148351826,0.0,-0.0,0.0,0.0,0.0,0.0
8849,-0.5845561999828265,-0.7022916385218954,-3.272538830036796,0.9095115050334928,-0.11637670859117437,1.9983833069563448,0.0,-0.0,0.0,0.0,0.0,0.0
8850,-0.6378662459322504,-0.09923696204542318,-1.7143827181675397,0.034996078430038935,0.7813625702175834,2.0002063005527573,0.0,-0.0,0.0,0.0,0.0,0.0
8851,0.7976473243486266,0.4413173375528489,-3.3215753645290693,0.29706773678798487,0.32840053813602105,2.0000185200098777,0.0,-0.0,0.0,0.0,0.0,0.0
8852,-0.1902474688751218,-0.23633087018227603,-4.05399497902498,0.3174685975199665,-0.10986907591548009,2.0012078230687624,0.0,-0.0,0.0,0.0,0.0,0.0
8853,0.35985343305655465,0.2712543970772733,0.22699823734651192,-0.836358421764995,-0.05778797090030959,1.9981103032071985,1.1358397175615953e-14,2.4171008739371354e-16,-0.0,0.0002617097070775932,-6.016076216359197e-06,-0.00010022445232405267
8854,-0.8822848556576469,0.06319358353215876,-2.513765430153152,0.2115458060964421,-0.8299470594981702,1.9964175102133037,0.0,-0.0,0.0,0.0,0.0,0.0
8855,0.6789038732062239,0.4307661992071193,-4.204451332308704,0.6853479230891778,0.17775913721597478,2.001243282820259,0.0,-0.0,0.0,0.0,0.0,0.0
8856,-0.5588119965821748,-0.06059196928989888,-2.5188402857868386,-0.7379246451752166,0.3897899087573418,2.001258716915281,0.0,-0.0,0.0,0.0,0.0,0.0
8857,-0.5068381141367952,0.10153104511351066,-2.5212215554564557,0.9025888346285975,-0.37104073263080817,2.0018889096906447,0.0,-0.0,0.0,0.0,0.0,0.0
8858,-0.04039187362012699,-0.8120253228753026,-2.43338607220901,0.30297534831260714,0.7154025245525945,1.9983523571952464,0.0,-0.0,0.0,0.0,0.0,0.0
8859,-0.498793279906929,-0.30678669389009283,-1.3534275656998522,0.050050153654562696,-0.524093861171507,1.9953082468513408,0.0,-0.0,0.0,0.0,0.0,0.0
8860,-0.23938996698076387,-0.5081297924094997,-3.352939075168189,-0.5004900892602426,0.8061071667716868,2.0041762817765942,0.0,-0.0,0.0,0.0,0.0,0.0
8861,-0.21600563285100896,0.28299055283463115,-2.9396690392152656,-0.7506735003388507,0.5783782250473862,1.999337634591949,0.0,-0.0,0.0,0.0,0.0,0.0
8862,0.6493889720358489,-0.5734121440394866,-3.4395630811311775,-0.19926667870723525,-0.3680817963767971,2.0009464349198134,0.0,-0.0,0.0,0.0,0.0,0.0
8863,0.019186632399847563,-0.9032985407031925,-2.635608307820099,0.4970191061291886,-0.4097242084646562,1.9987819823736312,0.0,-0.0,0.0,0.0,0.0,0.0
8864,-0.4502806331762401,-0.20184947741349682,-2.447789209959841,-0.0001383637796282731,-0.17450607670172447,1.9999358852751317,0.0,-0.0,0.0,0.0,0.0,0.0
8865,0.19461463967787793,0.7865963775374363,-3.480549036753811,0.37511634677555644,-0.4758281975950463,1.9975678014890463,0.0,-0.0,0.0,0.0,0.0,0.0
8866,-0.2183003854156982,-0.13363777610747615,-3.013052061642441,-0.03902580091003168,0.15211585656793003,1.9977190820422186,0.0,-0.0,0.0,0.0,0.0,0.0
8867,0.4854536554915381,-0.05308879381259767,-0.47515374893261086,0.1733153699255346,0.400382450162685,1.9957117152518706,0.0,-0.0,0.0,0.0,0.0,0.0
8868,-0.25097959405818326,-0.34506300294638376,-4.320817022323367,0.8296513860792945,-0.3261348449534958,2.0017935149426522,0.0,-0.0,0.0,0.0,0.0,0.0
8869,0.016737845156623625,-0.12289635808017817,-3.237291937589311,-0.0028061969890868844,-0.7134657153451142,1.9977238536617588,0.0,-0.0,0.0,0.0,0.0,0.0
8870,-0.08281008751676791,0.7524659294000271,-0.34019560678863847,-0.7235686448456214,-0.5521492118077501,2.002191574084804,0.0,-0.0,0.0,0.0,0.0,0.0
8871,0.2622289673540519,0.7991178195017896,-1.4196133607337107,-0.2974621473991089,0.8921123682879516,1.9988645128508544,0.0,-0.0,0.0,0.0,0.0,0.0
8872,0.6690711405670817,0.05583180957749421,-3.4818720572283874,0.6864410997974356,-0.6941479651363773,1.997085015330219,0.0,-0.0,0.0,0.0,0.0,0.0
8873,0.21942423329821942,0.17567457311144974,-3.3944496546528877,-0.08749526915201322,-0.719138864590518,2.003430575051037,0.0,-0.0,0.0,0.0,0.0,0.0
8874,0.0044904222567740655,0.34413481416697683,-1.2816364183439395,0.6927821772889189,0.4983476803899014,1.9981714358949783,0.0,-0.0,0.0,0.0,0.0,0.0
8875,0.40581265592070387,0.7543574822324499,-4.145682855102971,0.31515240478282713,-0.6134587416488935,1.9994222791251781,0.0,-0.0,0.0,0.0,0.0,0.0
8876,-0.5571451277130824,-0.19508176827293391,-3.443501097035548,-0.21941711135031175,0.9222876463625662,2.003502806874319,0.0,-0.0,0.0,0.0,0.0,0.0
8877,-0.4869435121995684,0.4359420251062243,-2.833864524623196,0.742969990753593,-0.6226658717684577,2.001330661527464,0.0,-0.0,0.0,0.0,0.0,0.0
8878,-0.030519028853527967,0.8808600656253548,-1.60006961478859,0.563110885182106,0.16873728339277727,2.002214425472002,0.0,-0.0,0.0,0.0,0.0,0.0
8879,-0.4814060464321238,0.576587894939218,-3.0924968383772105,0.0067976010987613866,-0.8859960803886171,1.9997348791020477,0.0,-0.0,0.0,0.0,0.0,0.0
8880,-0.7756762508559376,-0.2339695703908233,-3.7849743102473847,0.09651339998342634,-0.8866230910069026,2.0008904997512293,0.0,-0.0,0.0,0.0,0.0,0.0
8881,0.362857336165959,-0.28022171416667935,-1.8044262302614174,-0.1954165299861951,0.5330336454099456,1.9996920087397543,0.0,-0.0,0.0,0.0,0.0,0.0
8882,-0.05420983876020818,0.5013208976378248,-4.038235728427354,-0.6508632951881022,-0.0028788616930832695,1.9991437572947384,0.0,-0.0,0.0,0.0,0.0,0.0
8883,-0.4902900397183138,0.1756727227890865,0.49935210882374487,-0.5416566422047349,0.3296006436236217,2.000386389026745,-3.964271946226173e-15,-4.039617172975705e-15,6.765251160016138e-206,-9.097889307332136e-05,9.184994447850935e-05,0.0005791468927515658
8884,0.1778726400146317,-0.9508186106842578,-0.7269259042901027,0.6396277418022277,0.5610521886475958,2.000970649194285,0.0,-0.0,0.0,0.0,0.0,0.0
8885,-0.8583721359305848,0.08446251020968835,-2.7145304065617886,-0.6212447491831571,-0.7315588101361251,1.9994701611733154,0.0,-0.0,0.0,0.0,0.0,0.0
8886,-0.5316746417528221,-0.3518632445684778,-2.426374036948497,0.14411128238452908,0.8829565565290868,1.9985561439703214,0.0,-0.0,0.0,0.0,0.0,0.0
8887,0.1201068795720424,-0.060773526463494244,-0.998969211748864,0.8177394502893252,-0.357771268922544,1.9989267963447537,0.0,-0.0,0.0,0.0,0.0,0.0
8888,-0.789765503903497,-0.5589609131146417,-4.085493369235104,0.36366331714734207,0.38809972062700315,1.9952679442510879,0.0,-0.0,0.0,0.0,0.0,0.0
8889,0.5404145100295755,-0.2395433379998167,-2.642817944259832,0.6883193189448124,0.6304206122265285,1.9983706193885737,0.0,-0.0,0.0,0.0,0.0,0.0
8890,-0.9444426617575714,0.23226486054856715,-3.604643238604167,-0.1055971423635083,0.15353467990369904,1.998226578254483,0.0,-0.0,0.0,0.0,0.0,0.0
8891,-0.16353572842896544,-0.2779443799451371,-4.406155513645585,-0.06392522025769799,-0.5224954813486711,2.0008083332575874,0.0,-0.0,0.0,0.0,0.0,0.0
8892,0.7690531972600196,0.5763909480184414,-2.418237194082766,0.3431105544887319,0.7231283330150436,2.0002635436593565,0.0,-0.0,0.0,0.0,0.0,0.0
8893,0.6721316300547224,-0.7228003767520218,-3.939863678144431,-0.9288684283573294,-0.1996792440933392,1.9981628489668632,0.0,-0.0,0.0,0.0,0.0,0.0
8894,-0.4214466195735573,0.6950831690964414,-0.5122712086128914,-0.7499120643270057,0.25046354231814494,1.9999803141230135,0.0,-0.0,0.0,0.0,0.0,0.0
8895,-0.6876493561769654,-0.32755049380240514,-1.4228039592639061,-0.24185903436599734,0.4984889958039098,1.9956539227325685,0.0,-0.0,0.0,0.0,0.0,0.0
8896,-0.36658897596325646,0.5244694072264052,-2.8094075415847133,-0.6469374654805532,0.7346838572529447,2.000623178442496,0.0,-0.0,0.0,0.0,0.0,0.0
8897,-0.22907934836949018,-0.4521908325617862,-3.300353495229133,0.39880803920219104,0.29363568099894705,1.998319290434657,0.0,-0.0,0.0,0.0,0.0,0.0
8898,0.461723827900163,0.8618507220278596,-1.4995385476894263,-0.3849442917685148,-0.08726312695757678,1.9960307810832953,0.0,-0.0,0.0,0.0,0.0,0.0
8899,0.728843555185348,0.5724427529363549,-3.3266576921152393,-0.4701284221652686,-0.20660783456946918,1.9987696832190336,0.0,-0.0,0.0,0.0,0.0,0.0
8900,0.07666977273048321,-0.4989814097294912,-3.9359745523557392,0.45000436911576613,-0.8141397575057179,2.0024114174835983,0.0,-0.0,0.0,0.0,0.0,0.0
8901,0.3181504530226421,0.42881752300767295,-3.2270955047391423,-0.007728520625133922,0.8135588572444132,1.9983801131126289,0.0,-0.0,0.0,0.0,0.0,0.0
8902,0.17378212361707315,-0.1907645498514448,-2.665030414346227,0.07225555142662005,0.22863529694611587,2.002406572325345,0.0,-0.0,0.0,0.0,0.0,0.0
8903,0.089374725497002,0.3867572343464813,-3.1993105155171495,-0.06351383658848764,0.5687638134744784,1.9997141138802084,0.0,-0.0,0.0,0.0,0.0,0.0
8904,0.16698075977744845,-0.6893244412468178,-3.4335493268470363,0.8184853842414392,-0.5312859976026189,1.996363546942597,0.0,-0.0,0.0,0.0,0.0,0.0
8905,0.11218651638653995,0.11645529922355961,-3.272113934696038,0.07383279465172979,-0.738630585882458,2.0012470040222268,0.0,-0.0,0.0,0.0,0.0,0.0
8906,0.6756239739810997,0.13236258950577307,0.12063928308070791,0.6203776208548937,0.38894645169054937,2.0026249487354333,1.1273869017758044e-14,-6.991990977623408e-15,-0.0,0.00025859275541185544,0.00015825523617912264,-0.0002252482825837872
8907,0.24534372914834277,-0.5185169210375153,-2.952450966067916,0.6292771745367159,0.2441516792259278,1.998991861576034,0.0,-0.0,0.0,0.0,0.0,0.0
8908,0.886006282713867,0.2618814022072216,0.12694599520958502,0.6124450508668698,-0.5845773130068124,1.9995120863812674,2.0300193928816362e-14,-6.497114285707369e-15,-0.0,0.0004640080931465888,0.00014758335857217213,-0.0001663069550646493
8909,0.4177825611272057,0.18808144729289594,-4.132080354401864,-0.3166053813565284,0.5176593770853767,1.998866085721129,0.0,-0.0,0.0,0.0,0.0,0.0
8910,0.8807877538523468,0.12023677786017654,-3.7636064665623956,0.673245865866707,0.6020741587922438,1.9957522306396658,0.0,-0.0,0.0,0.0,0.0,0.0
8911,0.8153577733884534,0.47722021652184743,-0.24454115516727107,0.37521763804032343,-0.1433979145756354,1.9976461328589161,0.0,-0.0,0.0,0.0,0.0,0.0
8912,-0.3747506612291827,0.3854501184253469,-2.7213340734635008,-0.44220684403963867,-0.010839944934761505,1.9991259087699724,0.0,-0.0,0.0,0.0,0.0,0.0
8913,-0.05386378705772674,-0.15915473567747634,-2.6270841819074016,0.0406874536279668,0.04632835209604737,1.9999369985052056,0.0,-0.0,0.0,0.0,0.0,0.0
8914,0.08747325597712827,-0.8896741032668475,-4.438730068395632,-0.6999639406743933,-0.28305268413519435,2.0005448719862455,0.0,-0.0,0.0,0.0,0.0,0.0
8915,-0.22945688155577326,-0.20739443210026343,-2.7256329438614735,0.06305059488539747,0.19868957314887983,2.000163255258294,0.0,-0.0,0.0,0.0,0.0,0.0
8916,0.44375552877378643,0.1929793448716154,-3.6351150335560507,-0.28188131555372786,0.6469446335678162,2.0023854946081343,0.0,-0.0,0.0,0.0,0.0,0.0
8917,-0.6952403671090577,-0.07875857362907884,-0.08626149490859221,0.9544959220191291,-0.09449781841403788,1.99795252663788,0.0,-0.0,0.0,0.0,0.0,0.0
8918,0.29871607379738485,-0.03817891642411034,-2.53884369479175,-0.28160237892467915,0.6516091621140675,1.9984274941501399,0.0,-0.0,0.0,0.0,0.0,0.0
8919,0.7766697328068279,-0.06352303463371646,-0.7859903691090074,-0.41939948123514903,0.7998409734421935,2.005660400096448,0.0,-0.0,0.0,0.0,0.0,0.0
8920,-0.7215665644115026,-0.0579855504640459,-0.7347311142560112,0.8804557302950029,-0.2757234138255367,1.9972017017633987,0.0,-0.0,0.0,0.0,0.0,0.0
8921,-0.2427456719612325,0.2217841169411881,0.3156806054714553,0.6940797591498679,-0.2546423520597098,1.9991515100156918,-4.061422221517853e-15,-2.897070711773427e-15,1.7535330943506e-311,-9.311072054656026e-05,6.639237388171163e-05,0.0001361153116282759
8922,0.15519801370058714,-0.3288504012978865,0.046101378093480756,0.8765003407563893,-0.09870808205774655,2.0011032745273387,1.5021792691775135e-15,1.8341127875874527e-18,-0.0,3.4881691129084566e-05,5.443389459757112e-07,-0.0003786429834292149
8923,-0.8706852233795579,0.21780981683917516,-2.3366741430621163,-0.10385569580656277,0.9061468013157687,1.9997115062823931,0.0,-0.0,0.0,0.0,0.0,0.0
8924,-0.18900715780819236,-0.012568242092829635,0.027682025135508468,-0.10280768735031817,-0.4684448017497336,2.000444098335522,-2.5133026912440265e-15,-1.1008427985282715e-14,-0.0,-5.7562250961887016e-05,0.0002554311567404038,-0.0003779952912118419
8925,-0.22567377158814267,0.14734684782898602,-4.0242369704589915,-0.19896959052218063,0.37759190526550773,1.9985058067218515,0.0,-0.0,0.0,0.0,0.0,0.0
8926,-0.09982140953751638,0.7610779896383929,-3.1993674439359823,0.13921896362579042,0.9387617130210387,2.0003635572413994,0.0,-0.0,0.0,0.0,0.0,0.0
8927,-0.3268805468113138,-0.02245768144660377,-1.9125025607372153,0.14494681127464268,-0.7115166362886929,2.001425469013247,0.0,-0.0,0.0,0.0,0.0,0.0
8928,0.7172920651924987,-0.10427153972837021,-0.713860178727812,0.7004869871334034,0.21464106188625245,2.000077837921047,0.0,-0.0,0.0,0.0,0.0,0.0
8929,0.8326462181297443,0.1368191549246736,-0.14879906078804317,-0.38509736512924425,-0.15582596230695034,1.9963006223427657,0.0,-0.0,0.0,0.0,0.0,0.0
8930,-0.36244914556419766,0.2636283607187152,-3.6373806157324853,0.09384240019981822,-0.6000640199493578,2.0013221781965322,0.0,-0.0,0.0,0.0,0.0,0.0
8931,-0.9333075474117339,0.138233367548826,0.0789313494773415,-0.18234911374245436,0.53805941658797,1.9992145074547858,-2.4380129138699062e-14,-2.9220467314542028e-15,-0.0,-0.0005597835058781422,6.737244739362634e-05,-0.00021506038299399081
8932,0.4515401296292205,0.12591280441566768,-0.1528763562064322,-0.49462474612112767,-0.4295149235456991,2.0004090428850314,0.0,-0.0,0.0,0.0,0.0,0.0
8933,-0.4172956906299352,0.12486154189758816,0.2293248569006556,-0.6685555878293504,0.6246826986800894,1.9983655367459259,-1.0240798842776744e-14,-2.2882120540021207e-15,-0.0,-0.00023596191170255744,5.364590525144307e-05,-9.981267076971921e-05
8934,-0.8522513817132595,0.30332608825274826,-3.98980833250553,0.18340046651256445,0.6572187371296112,1.9973358927906129,0.0,-0.0,0.0,0.0,0.0,0.0
8935,-0.6146086959777175,0.7234082080498544,-0.32242461020786006,-0.3478522198680784,-0.47591529633121715,1.9994734534033618,0.0,-0.0,0.0,0.0,0.0,0.0
8936,0.48719328737390416,-0.08358306810146653,-4.176432681781764,0.7884399686916334,-0.3701351647263006,2.000097060882588,0.0,-0.0,0.0,0.0,0.0,0.0
8937,0.21427495615111916,0.3160960631018171,-1.2125824532942937,-0.14013656821719508,0.1731192767198252,2.0005218179821096,0.0,-0.0,0.0,0.0,0.0,0.0
8938,0.18384526223519046,0.8032001130180694,-1.0572838076298612,-0.6901003692688844,-0.18577941486211852,2.0003300308602836,0.0,-0.0,0.0,0.0,0.0,0.0
8939,-0.9775758107293072,0.14148470291966714,-1.7558826881893805,-0.05459240690321309,0.19327330807427928,2.004608158445997,0.0,-0.0,0.0,0.0,0.0,0.0
8940,0.11146193287276987,-0.9648344766331162,0.2982966565665985,0.4141926248028298,-0.1512754135295977,1.9999850847850522,8.238403258614519e-15,2.5191032050344555e-14,-2.362e-320,0.00019006388690466188,-0.0005782317127211114,-7.913738545527084e-05
8941,0.27182728518892085,0.5391592170277131,-2.597477185569902,-0.0029366093490283155,-0.1061601125496156,2.004089097202696,0.0,-0.0,0.0,0.0,0.0,0.0
8942,0.8018911467479382,0.5789263308926362,-1.5187816332416495,-0.5047342227970707,0.6113316513934623,2.0010939454957035,0.0,-0.0,0.0,0.0,0.0,0.0
8943,0.47247265869392224,-0.42727253803439685,-2.210631645414469,-0.8118702206537007,-0.4322695510418076,1.999688571968162,0.0,-0.0,0.0,0.0,0.0,0.0
8944,0.44225892666784683,-0.4741095063434764,0.3863926198152149,0.4879003748713807,-0.11295511355027497,1.9957907435813507,4.082686329048855e-15,-4.954013104327685e-17,-2.5230396634780577e-270,9.603847219926078e-05,9.802556177321844e-07,0.0002949092150261851
8945,-0.4944870365586459,-0.00626718558056746,0.13985782151362738,0.36962043364597835,-0.6710669236498663,2.0001404659490474,-1.2607834325008921e-14,-6.069004461149025e-15,-0.0,-0.00028933127467416887,0.00013761442938497448,-0.0003918670565820908
8946,-0.6993599347042718,0.6893196114541045,-3.72611091100778,-0.3925407565511876,0.14722062461474972,1.997199641601758,0.0,-0.0,0.0,0.0,0.0,0.0
8947,0.7590946978924138,-0.31203280434271435,-1.660658869779438,0.02384909447619736,0.4888694458907681,1.9984754203282928,0.0,-0.0,0.0,0.0,0.0,0.0
8948,-0.6823815198700618,-0.17013280071352152,-1.6871838437491975,-0.8321337039295036,-0.28603868681576355,2.001888704937984,0.0,-0.0,0.0,0.0,0.0,0.0
8949,0.8374677772446704,-0.16765551302266934,-2.0893845420666386,0.40501396095090014,0.5013143754401669,2.0006800777847253,0.0,-0.0,0.0,0.0,0.0,0.0
8950,-0.7850580740059392,-0.4026386361221117,-3.3827214216404915,-0.8412669739865392,0.12502247439021455,1.9993330773325884,0.0,-0.0,0.0,0.0,0.0,0.0
8951,-0.664751110014899,-0.06308967465576097,-1.6172279552354145,-0.4630233766679837,0.5694559546394954,1.9982414805651223,0.0,-0.0,0.0,0.0,0.0,0.0
8952,-0.2565165913533208,0.08215527526165131,0.45230701541118445,-0.6634911433896675,-0.5727148972307303,1.9979617320714291,-1.12010585625951e-14,1.6749849048645413e-15,-2.6551340866560743e-233,-0.0002599766663241867,-3.6401577350108795e-05,0.0006407720179258542
8953,-0.04975500429338172,0.4681891690081704,-0.829702420628786,-0.8086350235876808,0.010566759220862039,2.0020714267241617,0.0,-0.0,0.0,0.0,0.0,0.0
8954,-0.1413396439473257,0.3551728395655001,-2.797304457026362,0.19157652831974326,-0.8479633877035705,2.000158431544541,0.0,-0.0,0.0,0.0,0.0,0.0
8955,-0.2370497361144275,0.7615275483924114,-2.046277924296716,-0.008387577721373801,-0.7421413105586497,1.999313481863811,0.0,-0.0,0.0,0.0,0.0,0.0
8956,-0.07088929586777291,0.580750364042719,-0.6232177587401132,0.33101112928381554,-0.9381848993441821,1.9990310022274627,0.0,-0.0,0.0,0.0,0.0,0.0
8957,-0.37167837122142117,0.4950915857234615,-1.208921459499697,0.2789159745089526,0.5216960877618367,2.00069922346708,0.0,-0.0,0.0,0.0,0.0,0.0
8958,-0.08540421402626264,-0.220636551529168,0.0037615489080976726,-0.2593056833030248,-0.6372272004007089,1.9981695929125016,2.609314739809661e-15,1.3890904741309482e-15,-0.0,6.102737287246109e-05,-3.213473103553014e-05,-0.0005791075130439699
8959,-0.2836552241382983,-0.6404272467804455,-0.8239943167021705,0.3259843124097076,0.1996387943877678,2.000212216064155,0.0,-0.0,0.0,0.0,0.0,0.0
8960,0.5273396120521238,-0.47137980966451554,-4.258284266057849,0.5091381219631506,-0.13552570851750115,1.9983298770372917,0.0,-0.0,0.0,0.0,0.0,0.0
8961,-0.10025734579125307,-0.5292773532219284,-2.1570280054202486,0.4075449749137722,0.5485468007034578,2.001298645513536,0.0,-0.0,0.0,0.0,0.0,0.0
8962,0.049977756621563806,-0.4845678052543175,-4.432995756451676,-0.009581288696764598,0.2516337792575118,1.997079382557986,0.0,-0.0,0.0,0.0,0.0,0.0
8963,-0.5079423734521697,0.47535859475610615,0.2904989641577042,0.01973868194263748,0.9221891324887983,1.998658311775423,-5.685561451866626e-15,-1.0298588736777124e-14,0.0,-0.00013158722233886668,0.00023771292809060036,0.0002333035839626112
8964,-0.02790828915251207,-0.5596644543053971,-2.7283934895701467,-0.08682671985729104,0.9432052286903202,2.0010039148830963,0.0,-0.0,0.0,0.0,0.0,0.0
8965,-0.2542213561837422,0.30608975002155253,-1.766661993124801,0.022316708897980105,0.48280044185346127,2.001486551208937,0.0,-0.0,0.0,0.0,0.0,0.0
8966,0.43005429338749135,0.06479828747912439,-2.7592251009681403,-0.4920859854083371,-0.6577750608060172,1.9997907796317205,0.0,-0.0,0.0,0.0,0.0,0.0
8967,-0.34258267138167325,-0.5398712237709071,-1.4246493041397053,0.30496647546883865,-0.522184372584652,2.003356614308245,0.0,-0.0,0.0,0.0,0.0,0.0
8968,-0.8206409209152076,-0.47098101826214184,-1.9959682121859907,0.5590621450684109,-0.5752210591560504,1.9993229933325998,0.0,-0.0,0.0,0.0,0.0,0.0
8969,0.8070494026685674,0.03276113201401025,-1.1744207348872884,-0.03335853234295985,0.9823927203717229,1.992523880700602,0.0,-0.0,0.0,0.0,0.0,0.0
8970,0.36991704533157027,0.7377220543476478,-4.474863237715036,0.19943410988251653,0.3287390569454584,1.999800169285286,0.0,-0.0,0.0,0.0,0.0,0.0
8971,-0.2564724326331969,-0.3260441809123774,-3.929097539949344,0.9539072944945288,0.142035870879944,2.0036959754289825,0.0,-0.0,0.0,0.0,0.0,0.0
8972,0.09016759516379709,0.2985800476095079,-3.32509845328809,0.8580305196336971,-0.18100942001914128,2.0003486797453123,0.0,-0.0,0.0,0.0,0.0,0.0
8973,0.8013726937199789,0.4880819619503238,0.009928177307699513,-0.39940353823512975,0.5587990102184611,2.0018577274601945,1.4066260516249665e-14,-9.829775203245306e-15,-0.0,0.0003222085017331454,0.00022504310513821508,-0.0003345825417593372
8974,-0.773390304406567,-0.011796901552706336,-1.6469337384131841,-0.8546878951025642,-0.20867030896408584,2.001075387950652,0.0,-0.0,0.0,0.0,0.0,0.0
8975,-0.02002383367643994,-0.8516206385127515,0.4143087962757991,-0.31921310623821597,-0.921321282691809,1.9995846178166563,-1.242247332890412e-15,2.0415820121524068e-14,-4.300205133656906e-254,-2.725837259099113e-05,-0.000469023620913229,0.00041411984624091633
8976,0.3060779793991948,-0.7691492822624232,0.08766290692362988,-0.21577993133673612,-0.7814022173431334,1.9968988909168943,8.711685424801062e-16,1.8315083159817233e-14,-0.0,2.171982767109009e-05,-0.0004197457494710169,-0.00023042705821945577
8977,-0.465498736785157,0.7242917442602701,-0.6966794837565999,0.39626189605559675,-0.2932081988728426,1.997507858958122,0.0,-0.0,0.0,0.0,0.0,0.0
8978,-0.053960677819562694,0.5559720965677176,-0.10215637403758687,0.7440296241810498,-0.643883909350059,1.9977748160269795,0.0,-0.0,0.0,0.0,0.0,0.0
8979,0.6634485871990488,-0.35775907405422114,-1.0272761621762763,0.252007283701967,0.22215006237583454,1.9994715124183966,0.0,-0.0,0.0,0.0,0.0,0.0
8980,-0.47196941497673434,0.23639332807106161,0.26867243642513716,0.2121122156131288,0.015376932386212391,2.00043632712392,-8.496310565213664e-15,-1.6700115219282707e-15,-0.0,-0.00019416977510653633,3.868449431950423e-05,-1.2044957202016594e-05
8981,0.48431786259109083,-0.6019548006958076,-0.7215817731182304,-0.23106736132273545,0.3248073241345296,1.998606775254587,0.0,-0.0,0.0,0.0,0.0,0.0
8982,0.9037563141249316,-0.2429053424963525,-0.10849727010656435,-0.8678909076869418,-0.054049604098373075,2.0024137417915764,0.0,-0.0,0.0,0.0,0.0,0.0
8983,0.5691930704778587,-0.6163152310676979,-1.6854252480859164,0.26988960305383525,-0.9422037646116022,1.999968891826773,0.0,-0.0,0.0,0.0,0.0,0.0
8984,0.6813696746247829,0.16187183529308719,-1.4828549991325268,-0.06728968344595264,0.11250760065668552,1.999892355794986,0.0,-0.0,0.0,0.0,0.0,0.0
8985,-0.9816209936716844,0.062105336413737396,-0.014914803899421358,-0.08308016944728154,-0.4930931126465993,1.9986847132659875,0.0,-0.0,0.0,0.0,0.0,0.0
8986,-0.6738643993388934,0.5751361039282199,-0.2279438665734086,0.006660206324561879,0.013017217195694413,2.0036614932507955,0.0,-0.0,0.0,0.0,0.0,0.0
8987,-0.7319160124528508,-0.33921248147252264,0.3054924023197917,-0.4908584742581754,-0.3864295732953643,2.0025811583711968,-1.096860543927786e-14,1.7575519349240576e-14,2.05119105e-316,-0.00025112577813888465,-0.00040317248006698566,0.00015839800506864635
8988,-0.37710384527022317,0.15267189360684894,-0.6113781974435226,0.7215648261802728,-0.57494766753676,2.0024983895588635,0.0,-0.0,0.0,0.0,0.0,0.0
8989,0.42533700687694587,0.7497322065560273,-4.479948982505543,0.6998648057104307,-0.23625094124296084,1.9982972621950432,0.0,-0.0,0.0,0.0,0.0,0.0
8990,-0.15800559457067692,0.20546815923001727,-1.5240299864868703,0.40859710460481313,-0.17381405513365938,2.0001633569311585,0.0,-0.0,0.0,0.0,0.0,0.0
8991,-0.6531081088572587,-0.4169287990998794,-3.308170496432514,0.7533984137802465,0.2470591199974669,1.9990887297003563,0.0,-0.0,0.0,0.0,0.0,0.0
8992,-0.14485217685484214,0.36147927044249006,0.2723078780777118,0.7924180913472809,0.3613255805781149,1.9987881527545053,3.882234503698247e-15,-1.910179182647264e-15,0.0,8.881368243663505e-05,4.318727242860552e-05,0.00021202245757725739
8993,0.8511410511544197,-0.12366550431860522,-0.8119327807053154,-0.5153005620062491,-0.24058095762174012,1.995429640254375,0.0,-0.0,0.0,0.0,0.0,0.0
8994,-0.03167074245460491,-0.4764787306227202,-2.0049375217930168,0.05162693349025463,-0.34470514945170794,2.0000332099969405,0.0,-0.0,0.0,0.0,0.0,0.0
8995,-0.03017154936295808,-0.9144771404715458,-2.9786889601916355,-0.2752870570741013,-0.09687273045750548,1.9976040283768108,0.0,-0.0,0.0,0.0,0.0,0.0
8996,0.13461928980485813,0.8918968482222894,-3.962989105400016,-0.31083188230950654,0.13653388990316032,1.9991744303402896,0.0,-0.0,0.0,0.0,0.0,0.0
8997,0.9410766521782473,0.06911389809207687,-1.5300020198819093,-0.12118429960971767,0.842832072164009,2.00007486024411,0.0,-0.0,0.0,0.0,0.0,0.0
8998,-0.5753310270906197,0.7407803373193992,-3.422436766641998,-0.5631601849283162,-0.1401730083747947,2.001781841578168,0.0,-0.0,0.0,0.0,0.0,0.0
8999,-0.0907254257049994,-0.08903226789753466,-1.8094913339224485,0.20771906856725258,-0.3999573544052512,2.000307337961422,0.0,-0.0,0.0,0.0,0.0,0.0
9000,-0.04853691732978773,0.2948614520408627,0.43975612485417853,-0.352715702630152,-0.14343183827771858,2.000760775056089,1.1345738997779837e-14,1.6420864614527683e-15,1.132843108741935e-240,0.0002582685239541002,-3.408766923063676e-05,0.00032356605885719506
9001,-0.1303538641179493,0.746647767383927,-3.8429045110428293,0.2639807322887108,0.021000896630194117,1.9965778553854838,0.0,-0.0,0.0,0.0,0.0,0.0
9002,0.41200714578848074,0.6710305187215803,-0.442382559684526,-0.3005261135772264,-0.48605037150145314,1.9994514295849521,0.0,-0.0,0.0,0.0,0.0,0.0
9003,-0.8413756652525265,0.1095952443594887,-3.2074128607671812,-0.6292335951413064,0.5301041316585379,2.0006227679477027,0.0,-0.0,0.0,0.0,0.0,0.0
9004,0.5687529491332024,0.30199565383782545,-1.050274206937965,0.3997620637964554,-0.06174662663260265,2.0011044735542507,0.0,-0.0,0.0,0.0,0.0,0.0
9005,-0.40560057054193044,-0.49486055914332194,-1.0180368972721083,-0.34249517236622634,-0.8010246235409301,1.9987743317533644,0.0,-0.0,0.0,0.0,0.0,0.0
9006,-0.8342258839086047,0.016638951474050857,-3.1928414475384725,0.49402318896986797,0.46158441133814265,2.0022104871075643,0.0,-0.0,0.0,0.0,0.0,0.0
9007,-0.626228776583867,0.18489885347077226,-3.188591860454879,-0.5827502721491781,-0.5691737591483891,1.9984858476238376,0.0,-0.0,0.0,0.0,0.0,0.0
9008,0.2505047943975123,0.1622022203802369,-0.953018514981461,0.5869797118796956,-0.7541734555846129,2.0021099844242607,0.0,-0.0,0.0,0.0,0.0,0.0
9009,-0.45618497273493963,0.2207063384767864,-3.4564211245300016,0.5689573124417783,-0.7268031500261315,1.9940553034417967,0.0,-0.0,0.0,0.0,0.0,0.0
9010,0.31924244104969324,0.17083978517673046,-1.2937916208547604,-0.8484811665513533,0.11765850435462583,2.0019234404477038,0.0,-0.0,0.0,0.0,0.0,0.0
9011,0.25952942035103693,0.13501233201053248,-0.20074961796537966,-0.3282221558959413,-0.5177918240303252,1.9985387664559513,0.0,-0.0,0.0,0.0,0.0,0.0
9012,0.05178857321100526,-0.061785562084916555,-1.1944208905259932,-0.1117784919008687,-0.11756746627559088,2.0001769273623,0.0,-0.0,0.0,0.0,0.0,0.0
9013,-0.3318814166804281,-0.15953330017647133,-3.8447591456811403,-0.1834153279822276,-0.14100380491040257,1.9971120624724803,0.0,-0.0,0.0,0.0,0.0,0.0
9014,-0.16522656806034683,0.8883185246332155,-4.12923894630949,-0.2542117551259762,0.9555724418934408,2.0001910722660377,0.0,-0.0,0.0,0.0,0.0,0.0
9015,-0.9662187316081671,-0.02527305283907914,-1.3215605285104042,-0.5813886435756339,0.10759087044192092,2.000475645271934,0.0,-0.0,0.0,0.0,0.0,0.0
9016,-0.09085194492674514,0.4386007130704399,-0.8422037897221387,-0.5183947915425131,0.0007208372932895243,2.000723789670623,0.0,-0.0,0.0,0.0,0.0,0.0
9017,-0.11645545830609529,-0.9386752535818355,-3.2341710068762275,-0.20226055907173063,-0.7029983250399378,2.0041460111824545,0.0,-0.0,0.0,0.0,0.0,0.0
9018,0.41725066921865905,-0.8663057060836165,-1.6141073828518961,-0.29656967204292184,-0.04639328191469171,2.000097294130778,0.0,-0.0,0.0,0.0,0.0,0.0
9019,0.6592558873073479,0.7144227384932884,0.2618375934289206,0.8552681139787277,0.15902731682503618,2.0019258590458495,1.926486067687048e-14,-1.890482283167318e-14,0.0,0.0004418841201710149,0.00043301034486430877,6.059530229880006e-05
9020,-0.19811606564235773,-0.8849024566819518,-3.1593871213003553,0.5051405290021928,-0.47792435483456336,2.0004790349623907,0.0,-0.0,0.0,0.0,0.0,0.0
9021,0.36429866706669795,0.5950992879517767,-0.11651863097503208,0.927128102134013,-0.21651634081822818,2.0040215038820097,0.0,-0.0,0.0,0.0,0.0,0.0
9022,0.323487950253359,0.7746557704081416,-4.191782448130418,-0.8988841484325469,-0.4380196711437722,1.9988258060569397,0.0,-0.0,0.0,0.0,0.0,0.0
9023,0.2089643116671797,0.12609242288454225,0.32475418930013394,0.6463118877712675,0.23770509500173556,1.999559038869059,1.7373936373014019e-15,-2.8110755962037133e-16,-1.2153169883050036e-306,4.0277956782875774e-05,5.75139849589814e-06,0.0002863243367330622
9024,-0.7588424454315503,-0.28656906781478914,-0.6385144324530155,-0.8955583320196224,-0.2267131421949993,1.9990239913583312,0.0,-0.0,0.0,0.0,0.0,0.0
9025,0.36847653777161327,0.5414486280778826,-2.349116766660105,0.2797122181712031,0.36615820075528327,1.9995779097042476,0.0,-0.0,0.0,0.0,0.0,0.0
9026,-0.07849335876060447,0.3843390208242054,-1.3692139455968648,0.7080162931044549,-0.3281065716322909,1.997305378110618,0.0,-0.0,0.0,0.0,0.0,0.0
9027,-0.6968244578634623,-0.3210569595451191,-0.44785937951016036,0.9162427441467508,0.2549447207163403,1.9982048669612447,0.0,-0.0,0.0,0.0,0.0,0.0
9028,0.5059630599796068,-0.151695470217184,-0.3804625571222549,-0.15430528384631842,0.31982986077136294,1.9974483265662306,0.0,-0.0,0.0,0.0,0.0,0.0
9029,-0.5864738263522921,-0.6749303762196351,-1.8392133087137665,-0.14349251292064502,0.8028508130422137,2.0004498531526815,0.0,-0.0,0.0,0.0,0.0,0.0
9030,-0.24806219511699623,0.9167650696011423,-3.4227426972443897,0.1632889905261213,-0.25227888725883624,2.0010180991787867,0.0,-0.0,0.0,0.0,0.0,0.0
9031,0.18294504890483065,0.4652139037401798,-2.5601500316615566,-0.36170812996498314,-0.5828852480186091,2.0020329676301802,0.0,-0.0,0.0,0.0,0.0,0.0
9032,0.7007410202085547,0.4683948181772658,-3.6373377869447188,-0.4315907972624917,-0.3500903771925843,2.0027890012350684,0.0,-0.0,0.0,0.0,0.0,0.0
9033,-0.9331847134173391,0.3422951586208774,-1.170118502459786,0.3410434604853619,0.2397444766148117,2.004769884661565,0.0,-0.0,0.0,0.0,0.0,0.0
9034,0.6767094818012968,0.6625795907692257,-0.5923614697538225,0.2513704152071347,-0.14577665034743872,2.0004875473237775,0.0,-0.0,0.0,0.0,0.0,0.0
9035,0.39711331656970583,-0.8372916252845749,-2.514559646227119,0.6749775895000792,0.07740930145129761,2.001366698203126,0.0,-0.0,0.0,0.0,0.0,0.0
9036,0.5355347137522297,0.657347872315376,-3.475967699464682,-0.7344712694553911,0.3908344437250502,1.9947949467910724,0.0,-0.0,0.0,0.0,0.0,0.0
9037,-0.36286745324764746,-0.08930014059663419,-1.9676383765559582,-0.7927874952688065,0.12723948452753023,2.0002685167304453,0.0,-0.0,0.0,0.0,0.0,0.0
9038,0.3739262863612827,-0.9086382283163712,-0.5751924142716495,-0.08185160783129058,-0.04910233136696911,2.00043618157348,0.0,-0.0,0.0,0.0,0.0,0.0
9039,0.08459764324780177,0.14536986153100045,-1.0571814188037523,-0.5576529321020824,0.45815210469376383,1.9954251969324304,0.0,-0.0,0.0,0.0,0.0,0.0
9040,-0.2957267364551244,0.7410963416828524,-3.5202085469704363,-0.31396184978227304,0.5098600281383349,2.000198450340773,0.0,-0.0,0.0,0.0,0.0,0.0
9041,0.12769993323642387,0.46374027527017736,-3.8694090452198497,0.14895842092916917,0.09801224013657814,2.0010659743213086,0.0,-0.0,0.0,0.0,0.0,0.0
9042,-0.20138635137676072,-0.7921214334102455,-0.15251305962548647,-0.422213649062116,0.6920204689714818,1.9944170413507505,0.0,-0.0,0.0,0.0,0.0,0.0
9043,-0.0034666699014235082,0.4250378324886751,-3.7441931665766037,0.13630202461555696,0.35620452820515,1.9981241452180603,0.0,-0.0,0.0,0.0,0.0,0.0
9044,0.9515309823082303,0.28340226225390547,0.2840540580118435,0.6330630567954655,-0.43958289382002214,2.000714114478886,2.6650424145061368e-14,-9.669467774900634e-15,0.0,0.0006126482732288013,0.00022144692423078474,6.983687402433297e-05
9045,0.31601578675357855,0.3791352512244302,0.23801047879108142,-0.1676686760698314,0.6687287169253353,2.0054889510291334,-2.7156916928048405e-14,-5.061269755891625e-15,0.0,-0.0006463412277198719,0.00010948974371489411,0.00044722184689528733
9046,0.2793470148986616,-0.8820621832262083,-4.204871741526738,-0.6589349864452799,0.2580105364223926,2.0014501448231723,0.0,-0.0,0.0,0.0,0.0,0.0
9047,0.7944454779899481,-0.24555360926620662,-1.1840227848102343,0.22783525367155197,0.26525428632858267,2.0024190347343547,0.0,-0.0,0.0,0.0,0.0,0.0
9048,-0.16060108458730094,-0.38602602617687193,-0.6875171621937058,-0.1378261424290143,0.39358752091850213,1.9970407080978176,0.0,-0.0,0.0,0.0,0.0,0.0
9049,0.17250869114917153,-0.795731574501082,-2.609446564717701,0.35963625980837144,0.8261320264134523,1.9981438100310343,0.0,-0.0,0.0,0.0,0.0,0.0
9050,0.4278060052262476,0.7000697429333769,-2.8073640277451357,-0.3422379454907533,0.3973033850276335,2.0010406606212254,0.0,-0.0,0.0,0.0,0.0,0.0
9051,-0.3076291795960778,-0.41627540892623954,-3.7820859745135262,-0.6814587946651058,-0.44257583875791784,2.000316182995434,0.0,-0.0,0.0,0.0,0.0,0.0
9052,-0.17395766957664519,-0.21042674842794962,-3.5262140739794363,0.33620884918836463,-0.2856789640258381,1.9986209211889332,0.0,-0.0,0.0,0.0,0.0,0.0
9053,-0.962606179012256,-0.2527946530390122,-1.5735698968744505,0.30788572736206177,0.10041694016363642,2.0000311365576846,0.0,-0.0,0.0,0.0,0.0,0.0
9054,0.16333929464177163,-0.23183586105223966,-2.448414079586946,-0.838036230731449,0.20482423369810582,1.9971722475002638,0.0,-0.0,0.0,0.0,0.0,0.0
9055,0.4496260149446933,-0.537360424497658,-1.367914346195363,0.34939255997028135,-0.03817317546142715,1.9994485980289416,0.0,-0.0,0.0,0.0,0.0,0.0
9056,-0.0801455163152885,-0.5036157330132027,-4.338698965197286,-0.7784362259541037,-0.19520615141437853,1.9999920415728714,0.0,-0.0,0.0,0.0,0.0,0.0
9057,0.7623377588974369,0.042041800684558345,-0.037929032429782815,-0.1142499285182901,-0.08465355655838548,2.0016203955051797,0.0,-0.0,0.0,0.0,0.0,0.0
9058,0.36423270408830516,-0.03482182053262367,-1.4712564047955423,0.06409547624451191,-0.18805530480422028,2.0008245281944057,0.0,-0.0,0.0,0.0,0.0,0.0
9059,-0.7257457002515778,-0.2967501187993792,-0.13710334402041238,-0.5055526549311263,-0.05839522826422718,2.0015220203537,0.0,-0.0,0.0,0.0,0.0,0.0
9060,-0.4054105521348052,-0.6604932947998533,-3.2922346612266926,-0.47051071648884085,0.7503964721764167,1.9993188827976396,0.0,-0.0,0.0,0.0,0.0,0.0
9061,0.416609785149715,-0.47142318539479267,-1.9338015398252006,-0.13706711296208313,0.9823819938718502,2.0005155358182805,0.0,-0.0,0.0,0.0,0.0,0.0
9062,-0.2805394909246794,-0.56351083536252,-2.458411970625408,0.5174565465457105,0.12549245552953806,1.998829594548246,0.0,-0.0,0.0,0.0,0.0,0.0
9063,-0.06148413694825621,0.3421792246446416,-2.212227163168566,-0.13588975817622184,0.6623207376103942,1.9991326505903986,0.0,-0.0,0.0,0.0,0.0,0.0
9064,-0.18918729868550951,-0.0679679882220969,-1.5564101715675356,0.4324519543262341,-0.8835491294970258,2.0019505133074085,0.0,-0.0,0.0,0.0,0.0,0.0
9065,-0.47843515101456097,0.3038982241304436,-2.718651042044713,0.754128217084908,-0.1323394808232672,2.00242614700939,0.0,-0.0,0.0,0.0,0.0,0.0
9066,0.8377799146477892,-0.5154722045631875,-0.5309856804787719,-0.6265386650074495,0.22361456713554842,1.9988383371894474,0.0,-0.0,0.0,0.0,0.0,0.0
9067,0.06689283391335066,0.8470246212319503,-4.44867047679018,-0.5598354864791968,-0.4114195747817315,2.001891596742026,0.0,-0.0,0.0,0.0,0.0,0.0
9068,0.21612362549244665,0.5524635285606323,-4.225799569225655,0.7641166720497953,0.2100758969179527,2.004060067489364,0.0,-0.0,0.0,0.0,0.0,0.0
9069,0.0841284393305017,0.03922628656483607,-4.4645453803345605,-0.21899691069023147,-0.9218249244280916,2.000031362921568,0.0,-0.0,0.0,0.0,0.0,0.0
9070,-0.0030802855007547704,0.36799483162654667,-0.5493060942053551,-0.6917120575566555,-0.3207098213052676,1.9970932061807314,0.0,-0.0,0.0,0.0,0.0,0.0
9071,-0.09256130480446166,0.5786735286219477,0.04481148188774872,0.26782921101991164,0.3805515486720215,1.9980442887483403,1.544777698310206e-14,-1.2751124391433178e-14,-0.0,0.0003594245657094561,0.0002948432934881188,-0.0004921920680880953
9072,-0.3263667975283248,0.4929342167811875,-0.1362416185689119,-0.18475306175440806,0.24109914373627386,2.000216395864408,0.0,-0.0,0.0,0.0,0.0,0.0
9073,-0.47502719072668953,0.3526069199218511,0.23099554303680706,-0.1741842249128572,0.8086630794849642,2.0007838075568802,-7.795140698050054e-16,-3.4700057047516513e-15,0.0,-1.7102489735366308e-05,7.9238732665637e-05,0.00013494954126957288
9074,0.2996651489183012,-0.1746131047857804,-2.218933990107986,-0.8292687326488407,0.03269295301631304,2.0007969014429547,0.0,-0.0,0.0,0.0,0.0,0.0
9075,0.3574338835069883,0.36083803419519106,-2.924135315686564,-0.4509542960989992,-0.5410537687522723,2.0006712888797806,0.0,-0.0,0.0,0.0,0.0,0.0
9076,0.9134932825166276,0.06336773646082419,-3.272516284652964,0.6473876256058287,0.1786336954090212,2.001140273366309,0.0,-0.0,0.0,0.0,0.0,0.0
9077,-0.1873060328939169,0.8104799926454426,-1.9340538915314072,0.9446628639824005,-0.08920140330139974,1.9987093523037334,0.0,-0.0,0.0,0.0,0.0,0.0
9078,-0.19550219556590903,0.5627652267626008,-0.42454767331558196,0.650686978607638,0.0992601600083513,1.9989767399470957,0.0,-0.0,0.0,0.0,0.0,0.0
9079,0.08344087592355043,-0.23551308304561044,-2.0790831030991748,0.07595926508857874,-0.7190142258077369,1.9961174142280251,0.0,-0.0,0.0,0.0,0.0,0.0
9080,-0.4805971049923068,-0.29500702400017204,0.01190626478352486,0.15526621084229383,-0.17167553124956403,1.9998793444914271,-2.0207276051396888e-15,4.6565958999634055e-15,-0.0,-4.825119516980061e-05,-0.00010604956387158792,-0.0008301018766240778
9081,-0.8540531726084329,-0.25642475809363324,-2.8969885710765184,-0.3486295969577372,0.846645946764818,2.0000458504318974,0.0,-0.0,0.0,0.0,0.0,0.0
9082,0.3625531305738445,0.5615655173553077,-1.3261397805433597,-0.40178061578675606,0.4697842168319336,1.997982015374686,0.0,-0.0,0.0,0.0,0.0,0.0
9083,0.02350884116996376,-0.17511203195371522,-4.165562877030724,-0.15444724185564732,-0.28789482587974236,1.998498793373354,0.0,-0.0,0.0,0.0,0.0,0.0
9084,0.5208739088649696,-0.4159669370285758,-3.4410596725198292,-0.2212498389140451,0.08511637011372983,1.9991270922397684,0.0,-0.0,0.0,0.0,0.0,0.0
9085,-0.24422038215534947,0.11418301857178732,-4.3535206610851604,0.27536458834429467,-0.2739445998988542,2.001440705667319,0.0,-0.0,0.0,0.0,0.0,0.0
9086,0.5508879512992382,0.19180496690817345,-2.8733929386029864,0.42648983250033307,-0.5776746840829524,2.0020564763088884,0.0,-0.0,0.0,0.0,0.0,0.0
9087,-0.3534469751798682,0.03515280483976566,-3.839252061171233,-0.8806421774389872,-0.14451748491389224,2.000102511000062,0.0,-0.0,0.0,0.0,0.0,0.0
9088,-0.6895516595779881,-0.5082085975536587,-1.0162599010803715,-0.030387116187101305,-0.23034813853826883,1.9969619436078392,0.0,-0.0,0.0,0.0,0.0,0.0
9089,0.38474303968004075,0.7026360545019253,-2.5314997820221303,0.007365760350537743,0.22830170198071972,2.0022730469939605,0.0,-0.0,0.0,0.0,0.0,0.0
9090,0.31716163841513084,0.3125449306680217,-0.11092005440139112,-0.10840884258852287,0.8727304808878109,1.9995547684527333,0.0,-0.0,0.0,0.0,0.0,0.0
9091,-0.420173566239867,-0.6261791946090526,-1.0053129287398064,-0.35788417087135954,-0.5547713510230619,1.9995400649347503,0.0,-0.0,0.0,0.0,0.0,0.0
9092,0.4505033853492188,-0.41918259912978184,-2.563641750986639,0.8480486114263949,0.025781071233594126,1.9992291912670188,0.0,-0.0,0.0,0.0,0.0,0.0
9093,-0.4996383372919539,-0.5302203402743478,-4.134349262231016,0.4741989774525345,-0.3401299265805395,2.0012878909832352,0.0,-0.0,0.0,0.0,0.0,0.0
9094,0.5846311218072053,-0.5450652994292771,-2.7478988788819554,0.012126408671432247,-0.37199067296541893,2.0008298587018336,0.0,-0.0,0.0,0.0,0.0,0.0
9095,0.591101195714982,0.32801404179393523,-4.437358340832714,-0.9017734863711895,0.1101220142667338,2.0031332794688663,0.0,-0.0,0.0,0.0,0.0,0.0
9096,0.06077484274327339,0.010158050670046645,-2.1787142303079525,0.4530958246481153,0.47767960283336963,1.999266621171287,0.0,-0.0,0.0,0.0,0.0,0.0
9097,-0.8419237395006794,0.24908663929317088,-3.8229097419755638,0.5060688103576543,0.8070617238788137,1.9995121721753302,0.0,-0.0,0.0,0.0,0.0,0.0
9098,0.20667305964215166,0.5621121530530471,-2.2803674468822406,0.35126647118276655,0.578912536175504,1.994316742308476,0.0,-0.0,0.0,0.0,0.0,0.0
9099,-0.5419349023862051,0.5293496729096535,0.42559569674141845,-0.22781423519773208,-0.5873801488122428,1.9987863955979088,-9.779151691790664e-15,-1.6876644354232172e-14,7.825998848059922e-248,-0.00022446829526496137,0.0003875445622281511,0.00035550340843197483
9100,-0.511005790057075,0.8545452624919556,-1.4220853645524227,0.104394657401147,0.10134183863807485,2.0006031523605725,0.0,-0.0,0.0,0.0,0.0,0.0
9101,-0.5614365576649538,0.17810331937425272,-3.725487883953381,0.3843255431258544,-0.565581308305007,1.9994881513039455,0.0,-0.0,0.0,0.0,0.0,0.0
9102,-0.5038162494646202,0.3217197140755942,-1.591349628064361,-0.010162503975918965,0.9359987917485545,2.000488216234537,0.0,-0.0,0.0,0.0,0.0,0.0
9103,0.8396480595572207,-0.24258526118907894,-3.611442544330156,-0.7125450901626887,0.06134728016064361,2.0028570655895255,0.0,-0.0,0.0,0.0,0.0,0.0
9104,-0.06469803045143727,0.9133526938530445,-0.6140035337049284,-0.13618796974353603,0.6604016236957116,2.0019070920353754,0.0,-0.0,0.0,0.0,0.0,0.0
9105,0.38328678979521674,-0.5408526977953391,-4.281803614354489,0.7044715434252454,-0.37767450414639914,1.998005190292208,0.0,-0.0,0.0,0.0,0.0,0.0
9106,-0.5714496728593292,0.29865146305627743,-1.7862034281687347,0.17612532951757304,0.8006656207645269,1.9995574708285986,0.0,-0.0,0.0,0.0,0.0,0.0
9107,-0.3028563691776484,-0.43647382049877564,-0.647688172807621,-0.5556796639646672,-0.2164798439084904,2.0015482234544084,0.0,-0.0,0.0,0.0,0.0,0.0
9108,0.12529675481547684,-0.42888715699825525,-3.530134879385847,0.3685563392171322,0.4817261670613517,2.0010822601192877,0.0,-0.0,0.0,0.0,0.0,0.0
9109,0.7848022936506555,-0.5701120446270992,-4.1931213463068255,-0.7960361131197081,-0.23951276401530683,1.9991336074861883,0.0,-0.0,0.0,0.0,0.0,0.0
9110,-0.4537549778604682,-0.27009985187599767,-3.407336472533748,-0.3610163135860961,-0.11739641022467392,2.0008842382110075,0.0,-0.0,0.0,0.0,0.0,0.0
9111,0.7606548614606538,-0.5347808654551894,-1.811656649979041,0.28898640854326574,-0.8692943423696241,1.9982085312936508,0.0,-0.0,0.0,0.0,0.0,0.0
9112,0.9067510547839333,0.3127737759137079,-1.7928276081350385,-0.5390864275521271,-0.34671426080927736,2.0018396487239096,0.0,-0.0,0.0,0.0,0.0,0.0
9113,-0.4133540522981226,-0.47982067014823593,-1.7799408249698179,-0.1567018697087835,-0.8183923809343072,1.9999804557027219,0.0,-0.0,0.0,0.0,0.0,0.0
9114,0.8130620489495876,0.4782642404194447,-2.911756018703568,0.10814881945145156,-0.7194918806308328,2.000264146816856,0.0,-0.0,0.0,0.0,0.0,0.0
9115,-0.623365202991296,0.4996981077588733,-2.3232022027442008,0.8479273067444757,-0.21890191365700368,2.000015238690164,0.0,-0.0,0.0,0.0,0.0,0.0
9116,-0.29004734615309086,-0.9242451746243696,-1.3141614928324148,-0.2015825807207869,0.11412543658302136,2.002786346611031,0.0,-0.0,0.0,0.0,0.0,0.0
9117,0.403191611581923,0.3405703022055399,-1.1145594282186724,0.1145576438302456,-0.050303803568095946,2.001641629048092,0.0,-0.0,0.0,0.0,0.0,0.0
9118,-0.4911275001462813,-0.5661107286035243,-0.09389787068417392,-0.6137041497354324,-0.44117603062074007,1.9997540952083854,0.0,-0.0,0.0,0.0,0.0,0.0
9119,-0.7409929458443896,0.10294092492554795,-4.176834327522651,-0.39637106413709,0.7188528026058072,2.002346790369409,0.0,-0.0,0.0,0.0,0.0,0.0
9120,0.9652281505529005,0.1730415192140139,-4.335114927546766,-0.06242474547783585,-0.33142014966025096,1.9983922075175233,0.0,-0.0,0.0,0.0,0.0,0.0
9121,0.3908451114512855,0.0761886400022942,-1.0515114163657018,-0.6595743990497004,0.7166771757278787,2.00131773373229,0.0,-0.0,0.0,0.0,0.0,0.0
9122,-0.6182918683206788,-0.05039690519091513,-0.5227151736144917,-0.4811737189936957,0.5022754562521929,1.9975159936135896,0.0,-0.0,0.0,0.0,0.0,0.0
9123,0.8208586127244459,-0.1834807229280798,0.05752511899519994,-0.5781266892706205,0.40537001250972654,1.9982949723342052,2.4586428165985083e-14,1.2810334065913312e-14,-0.0,0.0005626207524049359,-0.0003005266379312314,-0.0005110698147458748
9124,-0.5550668747444115,-0.4363125859321566,0.10092522484261295,-0.8506003395499866,-0.0011641031556115509,2.001062621107484,-1.6742553054412553e-14,1.224864434559683e-14,-0.0,-0.000383933941230033,-0.0002810038454994014,-0.00035116687029766806
9125,-0.13225339373909897,0.5765852535893842,0.03907476207954243,-0.21129803241440148,0.47717295949562066,2.0013987895738845,-1.3386099043242575e-14,-1.581093494102843e-14,-0.0,-0.00030977434681773606,0.00036364152978280356,-0.0006066254505309646
9126,-0.6601272970223317,-0.2789446425686505,-3.958842565081546,-0.318446008038187,0.032713887237706525,1.9981049209205717,0.0,-0.0,0.0,0.0,0.0,0.0
9127,-0.7331530325398435,-0.19015039241941267,-3.7169832325599153,0.28042294400215007,-0.736976268378011,1.9998986937483534,0.0,-0.0,0.0,0.0,0.0,0.0
9128,0.4841543871631238,0.4859626760257846,-3.305967564498597,-0.16818817272812678,0.37937412635473794,1.9974293967209886,0.0,-0.0,0.0,0.0,0.0,0.0
9129,0.08589997032226661,-0.4212355760731397,-0.17416604516864959,-0.8226883548924205,0.23686774901441027,1.997817879363346,0.0,-0.0,0.0,0.0,0.0,0.0
9130,-0.3588664020323772,0.47941185029109024,-3.436792360719748,-0.04758301174735466,0.5116328286946347,1.9979077318812257,0.0,-0.0,0.0,0.0,0.0,0.0
9131,0.000883973645516962,-0.19981242083775758,-2.737717369023176,0.310627654405644,-0.34897670293862,1.997368152646815,0.0,-0.0,0.0,0.0,0.0,0.0
9132,-0.0822936289195506,-0.8531575185155618,-0.6362331651969196,0.323159170339092,0.7548108498935333,2.0002363377069123,0.0,-0.0,0.0,0.0,0.0,0.0
9133,0.6468083577596685,0.32794274099542836,-0.9998275121147477,0.26637013335167764,0.15059408602074922,2.0026652481571303,0.0,-0.0,0.0,0.0,0.0,0.0
9134,-0.6632996177656036,0.737130061118979,-2.8326393486811345,-0.9317016841135417,0.1836836437809484,1.999019612699987,0.0,-0.0,0.0,0.0,0.0,0.0
9135,0.43426280103987147,-0.2852148209393338,-3.259386984748502,-0.17271297546215372,0.7562972008808841,1.9997286349288823,0.0,-0.0,0.0,0.0,0.0,0.0
9136,-0.058986044934492644,0.5320299326561156,-4.170858408369751,0.13632270552208142,0.4272029647140699,1.9982151456144055,0.0,-0.0,0.0,0.0,0.0,0.0
9137,0.41903352549721073,-0.8098286885108001,-1.4111928217191418,-0.8280668242173762,-0.20174807482996918,2.0021968785916946,0.0,-0.0,0.0,0.0,0.0,0.0
9138,-0.6259430312834101,0.16599260254325768,0.1874673495292723,-0.42109031740772007,0.722983563036893,1.998645118828262,-8.372609511376272e-15,2.4146887767879556e-15,-0.0,-0.0001923662846276336,-5.432522942139275e-05,-0.00020741132131973355
9139,-0.9064626061310976,0.1503724718578105,-0.007512659690707188,0.7989273789347673,0.39989818721349646,1.996768924591127,0.0,-0.0,0.0,0.0,0.0,0.0
9140,0.07214175276796103,-0.11446205574755447,-3.6558014726690953,-0.3135060922143222,-0.40805755197436006,2.00226511983614,0.0,-0.0,0.0,0.0,0.0,0.0
9141,0.44205761141427424,0.029065325577181673,-0.48684620398906353,0.8187905879082505,0.09281670582365781,2.002182142599159,0.0,-0.0,0.0,0.0,0.0,0.0
9142,-0.6969461894395095,0.5875231005239879,-1.021098570577917,0.24427358289595033,0.7209068825185285,1.9988084567435564,0.0,-0.0,0.0,0.0,0.0,0.0
9143,-0.5130744259012977,-0.4510889359373626,-0.35858744088783934,-0.21877913142221506,0.15816281701702317,2.0014319747353553,0.0,-0.0,0.0,0.0,0.0,0.0
9144,0.7180391747627557,0.30861860186834894,-3.567131961628211,0.4485922249543984,0.4939450881269708,2.000613821542307,0.0,-0.0,0.0,0.0,0.0,0.0
9145,-0.6384092487295381,0.10692442737202836,0.12048751560609339,-0.053045148128476154,-0.7003794972866829,1.9988950233154763,-9.523641288960752e-15,9.955489562054802e-16,-0.0,-0.00021898449635899926,-2.338325819431801e-05,-0.00038228296335986314
9146,0.5397169232001839,-0.0163362851259141,-0.4865142695160232,-0.23210316300555203,-0.3025527419969349,2.001309944362913,0.0,-0.0,0.0,0.0,0.0,0.0
9147,-0.18500652579315927,-0.5201508868837461,-0.6095061912743148,-0.7821638621759451,0.03827117282693814,1.998537135869897,0.0,-0.0,0.0,0.0,0.0,0.0
9148,-0.7056322406318495,-0.5291065633872948,-2.0815016682136034,0.5890025729913279,-0.10402545278556906,1.9998024932658267,0.0,-0.0,0.0,0.0,0.0,0.0
9149,-0.08218424853922408,0.5995315776960299,-1.0211085408315657,0.19253666784077061,0.32608111835793113,1.998983101226131,0.0,-0.0,0.0,0.0,0.0,0.0
9150,-0.4567998230265362,-0.35499694203184184,0.4304374951903059,0.8327946218866817,-0.40685654603774396,1.995669989346915,-7.12291644564318e-15,6.13535840956029e-15,-3.3368209904025033e-245,-0.00016403132308736676,-0.00014208979853883613,0.0004835282619591047
9151,-0.8152035227581149,0.399089582749936,-2.7566804926145236,0.5796748719676912,-0.6716024976366102,1.9984460521077827,0.0,-0.0,0.0,0.0,0.0,0.0
9152,-0.006297708860005501,0.30335666319474897,-0.5960146430978062,0.24967132896303315,-0.7643388736905399,1.999939336100365,0.0,-0.0,0.0,0.0,0.0,0.0
9153,0.383355085490013,0.738739274930483,-3.545668718152175,-0.692987670935414,-0.00804023986484848,2.001694582571705,0.0,-0.0,0.0,0.0,0.0,0.0
9154,0.9028755060901094,-0.33957520982564665,-0.712727117197296,0.3683131174202678,0.326530167750283,2.0008538484093727,0.0,-0.0,0.0,0.0,0.0,0.0
9155,0.17708837549885367,0.5258828081005716,-2.0341899750578083,0.08462532358355558,-0.02509897104119037,2.003042707026612,0.0,-0.0,0.0,0.0,0.0,0.0
9156,0.8449202869786033,0.18419981590007972,-4.195569803884176,0.17382820278622005,-0.19975175326658137,2.0017338134075757,0.0,-0.0,0.0,0.0,0.0,0.0
9157,-0.3806688587957847,-0.41157142974295857,-3.122642952520156,-0.710993069536903,-0.055334154729718525,2.0014860181654868,0.0,-0.0,0.0,0.0,0.0,0.0
9158,0.8086863995695998,-0.4691302995308375,-2.4118840719464028,0.7444012218382265,0.39565697991840326,2.000731929772238,0.0,-0.0,0.0,0.0,0.0,0.0
9159,-0.7492640518315343,-0.23456228394929046,-3.8078239818393076,-0.7877671284957047,-0.07296361652309222,1.9996677614983718,0.0,-0.0,0.0,0.0,0.0,0.0
9160,-0.7905457657986693,-0.6057052859880426,-4.094386041151161,-0.2691470583723635,-0.6742148891903907,1.9989976835490677,0.0,-0.0,0.0,0.0,0.0,0.0
9161,-0.663049809041055,-0.3175524664840679,-1.37894248715792,-0.5503463183170972,0.8279202581323207,1.9967733754338608,0.0,-0.0,0.0,0.0,0.0,0.0
9162,-0.47625484509587496,-0.4109378359294323,-1.6339557701289418,0.3545237664988745,0.3461850197725542,2.0020113653781575,0.0,-0.0,0.0,0.0,0.0,0.0
9163,-0.3014742359108763,-0.46544550633963905,-0.331636472878931,-0.5552788101182166,0.217792874110707,2.00023241400743,0.0,-0.0,0.0,0.0,0.0,0.0
9164,-0.15533811988307172,0.3068803458125277,-3.5809661537550537,0.847634464069937,-0.5155320344422883,2.0007882315871193,0.0,-0.0,0.0,0.0,0.0,0.0
9165,0.9927977778389945,-0.02641116734166372,-2.1233645566691592,0.5935611209367495,-0.1601193594623463,2.0012501201938173,0.0,-0.0,0.0,0.0,0.0,0.0
9166,-0.03977145917404314,-0.47475591408061935,-4.517203180424693,0.46882858448059994,-0.7601983882037089,2.001781416051499,0.0,-0.0,0.0,0.0,0.0,0.0
9167,-0.0948975058667866,-0.10438997442044606,-1.3453698857707412,0.7966399018014946,-0.22484593137705142,1.9970637198433503,0.0,-0.0,0.0,0.0,0.0,0.0
9168,0.18851004635553836,0.056911305241197876,-0.2954371139362324,-0.5400852070510164,0.3939329465713618,2.001098189355814,0.0,-0.0,0.0,0.0,0.0,0.0
9169,-0.29834099089614463,0.3387911923370616,0.44913822069643855,0.0337109563833158,0.333151507767925,2.0002273381780484,-7.354170933771746e-15,-5.349928510515533e-15,5.501420496540326e-235,-0.00016863614193664384,0.00012295153692396302,0.00045073781695275267
9170,0.8241189482618624,-0.32820229949726043,-2.9271359317866135,-0.04375906403933744,0.18710348960217935,1.9978755627388705,0.0,-0.0,0.0,0.0,0.0,0.0
9171,0.3908610421432155,-0.2695157160856086,-3.730193534403864,0.7242041049332769,0.4903655038113209,1.9996556006096693,0.0,-0.0,0.0,0.0,0.0,0.0
9172,-0.31693805952427795,-0.23260565758432664,-1.837072386893477,-0.705426884562096,-0.4272226887944167,2.0006115544693928,0.0,-0.0,0.0,0.0,0.0,0.0
9173,0.7685196464938991,-0.18505436530433533,-2.4222061936977357,-0.3699871900143752,-0.5683099730720986,1.999953890080868,0.0,-0.0,0.0,0.0,0.0,0.0
9174,0.8064192985024139,-0.027005294699531696,-1.7999429499731514,0.7097849543880429,0.386384515151096,1.9985624351224724,0.0,-0.0,0.0,0.0,0.0,0.0
9175,-0.47244412232851873,0.5031066280136233,-1.2817192960779757,0.023175492569486655,-0.47395411817987704,1.9999044785679638,0.0,-0.0,0.0,0.0,0.0,0.0
9176,0.48485524676395675,-0.14241054818346563,-0.7612354845562113,0.8021519499873849,-0.0878638455993576,1.9976600048037976,0.0,-0.0,0.0,0.0,0.0,0.0
9177,0.003953428608792065,0.6046273699927985,-2.7789662870197023,-0.856674844294357,-0.49948739551185767,1.997660290817063,0.0,-0.0,0.0,0.0,0.0,0.0
9178,0.6678130990536715,0.7220329133116296,-0.18726516181847516,-0.6974095071309121,-0.5287492240477094,2.000624912775229,0.0,-0.0,0.0,0.0,0.0,0.0
9179,-0.05369722560624856,0.4398965808585254,-1.5011575960910108,-0.3577427026780289,-0.0482508907268998,1.999911376400349,0.0,-0.0,0.0,0.0,0.0,0.0
9180,-0.820107895950782,-0.357477530645797,-2.13095978409217,0.24518837433168528,-0.8078792120160958,1.9987758165418084,0.0,-0.0,0.0,0.0,0.0,0.0
9181,-0.24999107832968906,0.2968586991499474,-1.5124758215545135,-0.25817776496745504,-0.5474098604076858,2.000844213710784,0.0,-0.0,0.0,0.0,0.0,0.0
9182,0.5000782635386346,-0.17063261957581885,-1.6133324345363864,0.01796015121211477,0.5183883127351278,1.9997075725564555,0.0,-0.0,0.0,0.0,0.0,0.0
9183,-0.17517306806387614,0.29961068184747336,0.2875661723242823,0.8375138441962601,-0.4162731785593754,1.998689798855141,-3.281147280436022e-15,2.716982021043272e-15,0.0,-7.599018612109969e-05,-6.334505656789253e-05,8.75470803754996e-05
9184,-0.06688568935565567,-0.23658546141970302,-3.020549104060432,0.2850599608583466,-0.46833375540039557,2.0013584749323425,0.0,-0.0,0.0,0.0,0.0,0.0
9185,0.15112810965496196,0.08679552379545191,-3.760825391900042,0.547835537401983,-0.677111238790449,1.9973688570758732,0.0,-0.0,0.0,0.0,0.0,0.0
9186,0.733150055447352,-0.20251018563850792,-2.877391973849503,-0.33799260388485153,0.05518249131741394,1.9995494260176787,0.0,-0.0,0.0,0.0,0.0,0.0
9187,0.023791609092953563,0.06338036693950766,-0.00860547164337932,-0.5640610158112378,0.7380831787346281,2.0013037429560447,0.0,-0.0,0.0,0.0,0.0,0.0
9188,0.09230474356804381,-0.9079944506447464,-1.6183702270588158,-0.1448522103313799,0.9378783810462227,2.0019008299541183,0.0,-0.0,0.0,0.0,0.0,0.0
9189,-0.2754709325842032,0.334634009911857,-3.544058761284642,0.7849892551580652,-0.47636168123147826,1.997735550288662,0.0,-0.0,0.0,0.0,0.0,0.0
9190,0.4840302762563236,0.24365241620272704,-1.5371290428165603,0.8301536996630413,0.2547082802942046,1.9967562385007107,0.0,-0.0,0.0,0.0,0.0,0.0
9191,0.53528452526284,0.2922297740369966,-0.8549077656110333,-0.30405798817102825,-0.02070162046066519,2.005233163814707,0.0,-0.0,0.0,0.0,0.0,0.0
9192,0.6459254135974629,0.7512091652427292,-4.0485175187031865,-0.5065554223507714,0.14674062997138607,1.9995493841417749,0.0,-0.0,0.0,0.0,0.0,0.0
9193,-0.5175010608569593,-0.22964302762527208,-2.7749019686734266,0.3707509896693927,0.6870662982927553,1.9992316569727662,0.0,-0.0,0.0,0.0,0.0,0.0
9194,0.6227462980389945,-0.16718285596729918,-1.3727553015200906,-0.6596330696788002,-0.44708855945482356,1.9996279493529443,0.0,-0.0,0.0,0.0,0.0,0.0
9195,0.8047478857793644,0.21046781224088013,-0.9224060817506514,0.4854491100150337,0.7783137602704007,2.007458832346409,0.0,-0.0,0.0,0.0,0.0,0.0
9196,-0.44333715086839864,-0.1921110061709143,-1.6932348928832028,0.5538274074140802,-0.2646061015105914,1.9987281380201696,0.0,-0.0,0.0,0.0,0.0,0.0
9197,0.6917766132015233,0.705645536535352,-1.620761896098523,-0.0859855664779758,-0.09695093547444734,2.0006804753990655,0.0,-0.0,0.0,0.0,0.0,0.0
9198,0.6271524588831069,0.3353533247103721,0.4552071258707148,-0.7178794902283002,0.677829855846001,1.9999493447289325,1.380770330861955e-14,-8.834248324244962e-15,6.754111574187223e-231,0.0003170700119312319,0.00020258971858979678,0.00039369474982627745
9199,0.48498587641559504,-0.13622876094452194,-2.1409361820750754,0.205877211469537,-0.06438811828928598,1.9967118778763397,0.0,-0.0,0.0,0.0,0.0,0.0
9200,0.28873692043633054,0.22554562791291885,-2.712632989896129,0.545752850963115,0.4343691563390388,2.0016859361242907,0.0,-0.0,0.0,0.0,0.0,0.0
9201,0.2963062312497064,-0.6515845705174328,-1.1081280846634403,-0.28884557578114867,0.842003968565254,1.9976178956634496,0.0,-0.0,0.0,0.0,0.0,0.0
9202,-0.27417205007110723,-0.8570438870974727,-3.802353270973392,0.917221404435514,-0.05586440931084818,2.0011290304988774,0.0,-0.0,0.0,0.0,0.0,0.0
9203,-0.7925758950892722,-0.17584166778856136,0.39094236202658467,0.008548916335386058,0.9787191392824958,2.0003231045994614,-1.4115466620736938e-14,-1.323115920712411e-15,3.779425918450343e-268,-0.0003227895428435745,3.03541077815983e-05,0.0006868964878103463
9204,-0.3301674203292728,0.019748254902432625,0.21088945524918845,-0.3354081250984401,-0.3128457766245917,2.0026042541822284,3.620729965780696e-15,3.9583722906777925e-15,-0.0,7.723809699811583e-05,-9.272493682086564e-05,-0.0010957622281455564
9205,0.5971869904790925,0.21299953857204096,-3.9085862698619374,0.4802732913365522,-0.705499612497523,2.0019472513488843,0.0,-0.0,0.0,0.0,0.0,0.0
9206,-0.6746878339883562,-0.11969027848463737,-0.8244757986470366,-0.9588160373958953,0.24997093258905614,1.998008781709248,0.0,-0.0,0.0,0.0,0.0,0.0
9207,0.4675199095806691,0.26964360826442285,-1.6236234852323805,-0.7422790981488576,-0.14639525500853248,1.9973135357589626,0.0,-0.0,0.0,0.0,0.0,0.0
9208,0.6325162203483761,-0.011144410745980311,0.3319012974354963,-0.044199661542310704,0.7269095083923278,1.9962010338825928,1.2532277770774049e-14,-9.883328952241846e-15,6.719301839763986e-303,0.0002889602163330795,0.00022803072806665145,0.00037052703097875846
9209,0.5067422278290805,-0.7419078809352024,-4.437969376982812,0.05482488605868243,0.9677904004659504,2.002685620767901,0.0,-0.0,0.0,0.0,0.0,0.0
9210,-0.7368140343525971,0.19399541573759935,-0.8668471365016236,0.7087667873369385,0.5733881267227705,1.999720157658614,0.0,-0.0,0.0,0.0,0.0,0.0
9211,-0.8325664076043701,-0.3254397555992615,-4.276101257038715,0.16009012862273667,-0.9857597107694703,2.00189105431374,0.0,-0.0,0.0,0.0,0.0,0.0
9212,-0.7467668211388601,0.5863652004328674,-3.544099057188347,-0.19125947582465827,0.4305665752736988,1.9957989875201156,0.0,-0.0,0.0,0.0,0.0,0.0
9213,0.38856727200656765,-0.4215837578931684,-0.22664122154561347,0.735374369224749,0.17713649586448654,1.99905007623178,0.0,-0.0,0.0,0.0,0.0,0.0
9214,-0.8048471811391346,-0.12304870154843253,0.25364195045798366,0.11108885853589874,-0.1563272701145199,1.9973297222309674,-3.2925777265534495e-14,1.3131594976145482e-15,-0.0,-0.0007592169264218179,-2.8758425626592983e-05,-0.00042774584596313076
9215,0.6109785753642348,0.14508915261512415,-4.01793885877945,-0.6614658754403696,0.5756886337595318,1.9984774764649753,0.0,-0.0,0.0,0.0,0.0,0.0
9216,0.7933686143786838,-0.3887873572761109,-4.153572257924405,-0.40439427968518005,0.5121563536352728,2.001828054737033,0.0,-0.0,0.0,0.0,0.0,0.0
9217,-0.5093046426881275,-0.3050640521179335,-2.274072778777555,-0.11514266381064465,0.14445073944328915,2.0007203683454775,0.0,-0.0,0.0,0.0,0.0,0.0
9218,-0.7842857764361237,-0.250178302517077,-3.80041271362431,-0.23360186187330273,-0.10961047631521201,2.0030583250892073,0.0,-0.0,0.0,0.0,0.0,0.0
9219,0.10554976791051159,-0.3785777415006278,-1.89384766067901,-0.3718970568631469,0.36675629221474965,2.000150787076979,0.0,-0.0,0.0,0.0,0.0,0.0
9220,-0.7094258579418584,0.21412732890349515,-3.268228634163938,0.1996062344777652,-0.2869004341160662,1.9986765064649026,0.0,-0.0,0.0,0.0,0.0,0.0
9221,0.30141898101976466,0.8587891965034944,-3.0787699730182703,0.5793605522999049,0.6297484123317406,1.9992816564782685,0.0,-0.0,0.0,0.0,0.0,0.0
9222,0.08113142680339132,0.11464813310097803,-1.1249470461476152,-0.04409111533408614,-0.6761398103197084,1.996886105207322,0.0,-0.0,0.0,0.0,0.0,0.0
9223,-0.9256608619095965,-0.23540413688323406,-3.1980933345703177,-0.621898917615716,0.22457852666977998,1.998117279817892,0.0,-0.0,0.0,0.0,0.0,0.0
9224,0.8114561294804364,-0.184570745694171,-2.6390941729092554,-0.49207584786381264,0.19175606710782403,1.997918576179653,0.0,-0.0,0.0,0.0,0.0,0.0
9225,-0.002181145361833802,0.8549282936484862,-0.46771833257595524,-0.631925221127233,0.2825469819611213,1.9990053652925428,0.0,-0.0,0.0,0.0,0.0,0.0
9226,-0.6458774492596078,-0.28528720189168905,-1.6165253326573323,-0.4946990232750644,-0.021529008767454567,2.001377658939731,0.0,-0.0,0.0,0.0,0.0,0.0
9227,0.6106467967732985,-0.15815616002565652,-1.7272745774988074,-0.1645091930206506,-0.7154461061306541,2.0023962886309117,0.0,-0.0,0.0,0.0,0.0,0.0
9228,0.4166053498071204,0.332143758067765,-0.9306099140066997,-0.3700131238980143,-0.21648694364507262,2.001182956854221,0.0,-0.0,0.0,0.0,0.0,0.0
9229,-0.9821347180675923,-0.09447932964478169,-2.112620702156838,0.19590118751206292,0.919188049763935,1.9986939511698074,0.0,-0.0,0.0,0.0,0.0,0.0
9230,0.024199316583345426,-0.3828521662863019,0.19174454940235808,0.10225649642386075,0.4966375210751507,2.0009475395793843,6.3232390316854494e-15,2.300592591523598e-15,-0.0,0.00014499817789167402,-5.1208132551182644e-05,-0.0003394297105336306
9231,0.05891872490797883,-0.5160683088459878,-0.12165983311910133,0.38712240257666636,0.20844286157311226,1.9980454854615117,0.0,-0.0,0.0,0.0,0.0,0.0
9232,0.7593289438178041,0.3882762555719425,-3.3645711637838365,-0.009545114024425129,0.4883135321520721,2.0047033220542216,0.0,-0.0,0.0,0.0,0.0,0.0
9233,0.4159927043140257,-0.5775586482280795,-3.2881104670136323,0.5304748419439508,0.18557840922571467,1.9972763644038922,0.0,-0.0,0.0,0.0,0.0,0.0
9234,0.2183255042448306,-0.686347014365964,-0.31818814529235345,0.3744294341060294,-0.8662149927292309,2.0018651632609963,0.0,-0.0,0.0,0.0,0.0,0.0
9235,-0.628076679068075,0.40947256439199053,-0.11271035444666372,-0.2756704377896654,-0.8603770461210466,2.001555857711194,0.0,-0.0,0.0,0.0,0.0,0.0
9236,-0.0363926639632452,-0.8344659124191987,-4.112150378060697,-0.04742187815402818,0.4556474653688106,2.0017838635086025,0.0,-0.0,0.0,0.0,0.0,0.0
9237,0.33637704335797647,0.46097750187820064,0.16857653721137694,-0.49799743996005924,0.07450781175848512,1.9934984834299445,1.0385788566935625e-14,-5.112593398456592e-15,-0.0,0.00024062015440139752,0.00011517529167066799,-0.00030861684967128564
9238,-0.7073978838514443,-0.27485347505334806,-2.498973691064196,-0.6105518720362206,-0.6489099814108394,2.0024587279206587,0.0,-0.0,0.0,0.0,0.0,0.0
9239,-0.716080458572902,0.2992175531856153,0.09156623599084772,-0.7406621171172925,-0.6053365651184416,1.9994633896843526,-1.1414392409731208e-14,-3.9124462666342127e-16,-0.0,-0.000261305031521659,9.236541095987142e-06,-0.0003532388556638232
9240,-0.5109445937730545,0.7991112671248239,-2.5645580515429764,0.6887034636655714,0.10087657100383526,1.995977573388596,0.0,-0.0,0.0,0.0,0.0,0.0
9241,0.2763166579202465,-0.387633759511685,-2.7934062048422326,-0.6863185384689248,0.4518725206075367,1.9969528383453425,0.0,-0.0,0.0,0.0,0.0,0.0
9242,-0.866018542179808,0.505703088482377,0.44826204350511206,-0.40065501665330855,0.14184012081370626,2.002240403334045,-1.8694669998639245e-14,-1.2153784859056435e-14,-1.2336128111084011e-234,-0.00042899201711197037,0.0002790908173294837,0.0002533175628649472
9243,0.11075577710727583,-0.7985021589603821,-0.5458541405035524,0.4584917356450617,-0.3822500073743282,2.003312081205449,0.0,-0.0,0.0,0.0,0.0,0.0
9244,0.0759813502402709,0.7564226445089239,-1.2771523052873068,0.13479512098974578,-0.8700756588974445,1.9961814624095764,0.0,-0.0,0.0,0.0,0.0,0.0
9245,-0.878039172535768,0.4015387223318268,-2.3268150012716213,-0.7378800641804648,0.21459997833821504,2.001281267439997,0.0,-0.0,0.0,0.0,0.0,0.0
9246,-0.11863489470652656,0.4466975573763101,-1.4525503057504798,-0.44223831643366385,0.2758276837275282,1.9981042956945583,0.0,-0.0,0.0,0.0,0.0,0.0
9247,-0.8626659926197954,0.01419507399828196,-0.2318991347991644,0.8146218783780735,0.5350017987287043,2.0015345596056755,0.0,-0.0,0.0,0.0,0.0,0.0
9248,0.21873774834585266,0.3942437414802673,-1.5112428220807375,-0.35655999574943475,-0.11993128253296492,1.9992055534122946,0.0,-0.0,0.0,0.0,0.0,0.0
9249,0.4795294446593791,0.38028039307599604,-1.077027128949257,0.5117019393291367,-0.6325561990316855,2.0020137494293233,0.0,-0.0,0.0,0.0,0.0,0.0
9250,-0.008738304393673308,0.8909052882026357,-2.4487540183118663,-0.2232494999293668,0.9268388071926128,2.000063927162807,0.0,-0.0,0.0,0.0,0.0,0.0
9251,-0.7418230213611285,0.17497042113859768,-4.095222794195149,-0.6917703439285108,-0.5948508269919934,1.9994261766749237,0.0,-0.0,0.0,0.0,0.0,0.0
9252,0.11886171923805115,-0.13019795028183254,0.4610819203510952,0.7051939912221129,-0.26413231486355493,2.0019194428168436,9.440859468577436e-15,2.4169314555646727e-15,7.864006464022834e-229,0.00021690995941969456,-5.680592103069865e-05,0.0006087226996755927
9253,-0.22962979686473242,-0.935046517859748,-0.4258709945239672,-0.49715255166273914,-0.8643423202371396,1.9989805840605395,0.0,-0.0,0.0,0.0,0.0,0.0
9254,0.5344877761713654,0.5179045951855125,-2.9301388821758665,-0.38359775318386286,0.5681397967090585,1.9984815543704009,0.0,-0.0,0.0,0.0,0.0,0.0
9255,0.3807267831615226,-0.7124017476946108,-4.138210730582844,-0.8767027054015918,-0.2949623713580087,2.0007080985649783,0.0,-0.0,0.0,0.0,0.0,0.0
9256,0.29724728896969177,0.8245896686516456,-0.1314863760402713,-0.9682329414598944,-0.01593811161151743,2.0007709227881496,0.0,-0.0,0.0,0.0,0.0,0.0
9257,0.0882593601246903,-0.26449326316061084,-3.0912658008741385,0.1783030108518661,0.9296667071590994,1.9967127501993254,0.0,-0.0,0.0,0.0,0.0,0.0
9258,-0.30889426001923287,-0.8379829055326083,-3.8598097916015366,-0.22321674795902943,0.7857971426861474,2.001371294236452,0.0,-0.0,0.0,0.0,0.0,0.0
9259,-0.25092822070339127,0.13886241659740037,0.18916264378924455,-0.15192510724033936,0.7741529076034013,2.0005520100467673,-1.3489973418190934e-15,-3.700795153761256e-15,-0.0,-3.008827340693316e-05,8.508487718790889e-05,-0.00016167940215569985
9260,-0.15224173252771853,0.2813864804341691,-1.6096674796284216,0.43105253508255803,0.855081356362112,2.004171261495961,0.0,-0.0,0.0,0.0,0.0,0.0
9261,0.7351078728314342,0.2820070299533139,-3.6480331736058855,0.25961661616946935,-0.5517274360062251,1.9979353749087856,0.0,-0.0,0.0,0.0,0.0,0.0
9262,-0.6011021458348027,0.21601819101108347,-3.136026480903916,0.444550625283579,0.3576885672792678,1.9972114742638971,0.0,-0.0,0.0,0.0,0.0,0.0
9263,0.8647356946566404,-0.2986235595136449,0.36921439976051323,-0.009872565844678062,0.5086410239002547,2.002051150378921,2.3822772244003105e-14,8.443311356748899e-16,5.872855310373485e-280,0.0005464405441409835,-1.9805918509719337e-05,0.00020954624340636883
9264,0.640592909257704,-0.5746092091613537,-2.988718460755068,-0.5664834637319262,-0.23670975757436866,1.9969399707203326,0.0,-0.0,0.0,0.0,0.0,0.0
9265,0.19889727609590405,-0.6685355409845315,-1.5907866301380345,0.4423392027045677,0.4162748138424324,1.9994637846443117,0.0,-0.0,0.0,0.0,0.0,0.0
9266,0.20021527999112873,0.0661941852812379,-4.431838987096395,-0.4934514745371204,-0.4410643790603279,1.9963457618606302,0.0,-0.0,0.0,0.0,0.0,0.0
9267,0.6209342587935407,0.7939666360471228,0.11598809353980648,-0.5147074383220719,0.8256132344534106,2.0038627760774137,1.5213694548955404e-14,-1.9774368051441134e-14,-0.0,0.0003492831384961162,0.0004530538583650915,-0.00013289749642453455
9268,-0.7976719808276298,0.407848059726261,-0.9209001599489598,0.17369093846965084,0.21398364511269166,1.9988315580718055,0.0,-0.0,0.0,0.0,0.0,0.0
9269,0.828963286609002,-0.43464603685706127,-3.556033948967625,0.46133007659189335,0.09621631614941817,1.997449778377007,0.0,-0.0,0.0,0.0,0.0,0.0
9270,-0.6264930102048151,-0.5316059162526602,-3.6117059490045724,-0.6953985509876128,-0.7175101873885856,2.0021074879611254,0.0,-0.0,0.0,0.0,0.0,0.0
9271,0.15031978668137883,0.5341067440402398,0.01208495881121492,0.59030662416549,-0.5435004765097381,2.0004487374768622,-1.7167913964475262e-15,1.4615873585524555e-15,-0.0,-3.698853881314352e-05,-3.214815779078613e-05,-0.0011440855221939714
9272,-0.9562944434066178,0.09326102207471886,-2.3592754774510247,0.2297120391688342,-0.6538346088670393,2.000692254114015,0.0,-0.0,0.0,0.0,0.0,0.0
9273,-0.09340199970006724,-0.57896398550402,-3.2003429353958146,-0.8533117839926487,-0.38381117270121257,2.000685282514427,0.0,-0.0,0.0,0.0,0.0,0.0
9274,0.8763458650394113,-0.43361423562223167,-2.3872323312234753,0.8751834789407419,0.12296618961440124,2.0016942927967216,0.0,-0.0,0.0,0.0,0.0,0.0
9275,0.372029557117596,-0.615054381056847,-3.3844427776797392,-0.5152335312467421,0.6584632799175808,1.9973662902111886,0.0,-0.0,0.0,0.0,0.0,0.0
9276,0.8775162504348181,0.27105934707691787,-2.7340210445771858,-0.08648211751384972,-0.24564956798334103,2.0026437861722175,0.0,-0.0,0.0,0.0,0.0,0.0
9277,-0.49045820374208016,-0.7735633776960459,-3.121928722884789,0.7279329825089801,-0.34713808904127297,2.0001230673208314,0.0,-0.0,0.0,0.0,0.0,0.0
9278,0.024008108179919965,-0.14013343306119638,-1.5806468553943276,0.7316870860570137,-0.31350749589728133,2.0004004450797876,0.0,-0.0,0.0,0.0,0.0,0.0
9279,-0.9015229017505416,-0.2923783127818357,-4.139133049201474,0.01414877418420593,0.4092438939218248,2.003025385201004,0.0,-0.0,0.0,0.0,0.0,0.0
9280,-0.022203763586079547,0.13848503071676765,-4.247121277376943,0.23614398393263578,0.46195492541417194,2.0021133676177505,0.0,-0.0,0.0,0.0,0.0,0.0
9281,-0.10169324750581236,-0.19284486868664805,-2.802599539063566,0.4238644951381292,0.1869579146363991,1.9975957046481871,0.0,-0.0,0.0,0.0,0.0,0.0
9282,0.29890786024807503,0.18989454180554424,-4.0219201846110355,-0.305187279288864,-0.4098716242688743,1.997635664290458,0.0,-0.0,0.0,0.0,0.0,0.0
9283,-0.3510955263286284,0.6870266205172912,-1.736432707893226,-0.7432838564707043,0.18537543494666298,1.99940876860145,0.0,-0.0,0.0,0.0,0.0,0.0
9284,-0.2510615605572134,0.032132697953115893,-1.3579997591227806,-0.33659126133863604,-0.9279533172587091,2.000605646664968,0.0,-0.0,0.0,0.0,0.0,0.0
9285,-0.7424334632217018,-0.5273213533006101,-3.972684560475568,0.5612372110671875,-0.7695405676948835,2.004088664158706,0.0,-0.0,0.0,0.0,0.0,0.0
9286,0.18729856133384978,0.7093003760631494,-0.5123570131130258,-0.5112684255960841,-0.2924889579807661,2.000468971647632,0.0,-0.0,0.0,0.0,0.0,0.0
9287,-0.028609219961776823,-0.6603512335695424,-1.0373461303339926,-0.025399917529573903,0.53682080051057,1.9987161453203786,0.0,-0.0,0.0,0.0,0.0,0.0
9288,0.5521565744855829,-0.06149597305097826,-2.4026261015470296,-0.6035534778458624,-0.7677104145877447,1.9983626990758008,0.0,-0.0,0.0,0.0,0.0,0.0
9289,-0.51667124609654,0.7445899357852171,-1.0023814225577379,0.10592912540195264,-0.20782355882262085,1.9999586334081454,0.0,-0.0,0.0,0.0,0.0,0.0
9290,-0.3767660994767717,-0.10929776270257659,-2.3730452556003434,-0.24183115630330443,-0.8686732239870709,2.0011753005598774,0.0,-0.0,0.0,0.0,0.0,0.0
9291,-0.8779089113658227,-0.43192179415049675,-3.3954899870352073,0.9377585458396607,0.01461690309923213,1.9993924072883678,0.0,-0.0,0.0,0.0,0.0,0.0
9292,-0.690229896951454,0.6707475671568599,-0.05382570874657328,0.6888295054655581,0.16039885498232997,2.0028018485328754,0.0,-0.0,0.0,0.0,0.0,0.0
9293,0.7137326586464063,-0.5157160156042442,0.4033394245412895,0.594875802722962,-0.5764962227385496,2.0022186058783746,1.9739090026879065e-14,5.134788949191845e-15,2.376414885548901e-260,0.00045165844313034743,-0.00011601874925303541,0.0003158114051232798
9294,-0.46491907205743077,0.2646989167905801,-4.060316917575213,-0.7367727412446684,-0.10493954581038151,1.9997218810121293,0.0,-0.0,0.0,0.0,0.0,0.0
9295,-0.7826057988110485,-0.16214066815262418,-2.212976833736115,-0.1706706083929462,0.9663157547769056,2.001726288698251,0.0,-0.0,0.0,0.0,0.0,0.0
9296,0.9924485214071121,-0.02076722587021012,-4.354739244142162,0.5556113249653842,0.4161716748073014,1.9986824178868694,0.0,-0.0,0.0,0.0,0.0,0.0
9297,0.5753418224535504,0.6597354183957672,-0.7866489710863086,0.2545207624879032,0.5058540159589977,1.9986920752644566,0.0,-0.0,0.0,0.0,0.0,0.0
9298,0.5761876385578908,0.4253627245862984,-3.2967597403744975,-0.3749472248442079,-0.3927352726378217,1.997225736761574,0.0,-0.0,0.0,0.0,0.0,0.0
9299,0.09018378455989012,-0.16521611989039572,-0.04010220433163259,-0.49644408070059665,-0.5189372091400152,1.9970710755308334,0.0,-0.0,0.0,0.0,0.0,0.0
9300,-0.7152062404952308,-0.07702805187876886,-2.226758683786073,0.8180422400299397,0.23159375729529721,2.002786906965588,0.0,-0.0,0.0,0.0,0.0,0.0
9301,-0.8101541382246104,-0.5166064428578887,-0.40868712061258855,-0.0847739293427785,0.4939642707736068,1.9937154032336266,0.0,-0.0,0.0,0.0,0.0,0.0
9302,0.5486141001087843,0.4774031003386265,-3.5077344556705334,0.8294783883993228,0.11025052323248326,1.999124557315411,0.0,-0.0,0.0,0.0,0.0,0.0
9303,0.3164047606331859,0.32759390734356847,-4.126493906613144,-0.06744160711667362,-0.9470502882898242,2.0036301826073144,0.0,-0.0,0.0,0.0,0.0,0.0
9304,0.9721176134419184,0.2112519860126479,-3.2942649064984795,-0.38010343185313933,0.560653549170227,2.0017125398659013,0.0,-0.0,0.0,0.0,0.0,0.0
9305,0.7609511342341911,-0.4034469148150935,-1.072904841124817,-0.22766413576918898,0.5309862111534914,1.9996714829475457,0.0,-0.0,0.0,0.0,0.0,0.0
9306,-0.45296147288421,-0.679857775177435,-3.781257228031662,-0.580101555027794,0.1798038266467552,1.9983596067215599,0.0,-0.0,0.0,0.0,0.0,0.0
9307,-0.26187099238263556,-0.22653600268917923,-2.026972155453875,-0.5462657851081868,-0.7926943946129255,2.002950064438981,0.0,-0.0,0.0,0.0,0.0,0.0
9308,-0.7460457115117518,-0.03732716844160868,-0.4562879140809419,-0.3395778952399183,0.6401851397307418,2.0008566082761012,0.0,-0.0,0.0,0.0,0.0,0.0
9309,-0.4471768141026238,0.8124135517148378,-2.8675990611218376,0.40302013300027867,-0.6915220130839862,2.0010398210354516,0.0,-0.0,0.0,0.0,0.0,0.0
9310,0.09216823840139624,0.741743458230028,0.09088365655534505,0.8411628386427007,0.4450919651640001,2.000308498997171,8.70928985150395e-15,-1.17633172311031e-14,-0.0,0.00019865607210478115,0.0002693586250880835,-0.0003865486652383296
9311,-0.046301089685016734,0.7796393858694866,-2.9468529656015505,-0.5711823684952569,-0.4911118890670393,1.9988306908320073,0.0,-0.0,0.0,0.0,0.0,0.0
9312,-0.8219376292175072,-0.3901757792598708,-1.3677581111630672,0.05217761872208906,0.400852674425307,2.000286084918586,0.0,-0.0,0.0,0.0,0.0,0.0
9313,0.08841047106119813,-0.5382521289795685,0.18314921157421757,-0.6540218832521891,-0.055375720360002635,2.0006031810117517,6.9662465898924765e-15,1.4860395463651133e-14,0.0,0.0001594410005778969,-0.00034172205987226327,1.2465087152825123e-05
9314,-0.37307510019331364,0.532368252913612,-0.004166407425291471,0.24378002266038568,-0.22457185439059762,1.99982394815,0.0,-0.0,0.0,0.0,0.0,0.0
9315,-0.5439888646548932,0.6269579053654453,-3.9359608034862785,-0.47564215810976024,0.19053568373418206,1.9988212253440243,0.0,-0.0,0.0,0.0,0.0,0.0
9316,0.41747283283798925,-0.31719958538324566,0.10611443051045756,-0.3968755575514168,0.47891590137455753,2.00130671063872,3.3565277911987465e-15,1.0921095444659843e-14,-0.0,8.315274751559359e-05,-0.0002524394344984296,-0.0003647155154790912
9317,0.497234203518041,-0.056155650598189104,0.4760768627114155,0.8490860474074196,-0.13655284224220005,2.000271460900653,7.221938442214127e-15,1.1329124099965498e-15,-1.8548807026381717e-219,0.0001662734909739374,-2.695510678669184e-05,0.000500943027313649
9318,-0.6781277246377599,0.5605102351989553,-0.21503270191813972,-0.17364769153816165,0.3863260168086808,1.9969934785065766,0.0,-0.0,0.0,0.0,0.0,0.0
9319,-0.776826244234492,-0.13449985633278136,-3.367464317092477,0.20130614081209947,0.08679736792172589,2.0065549554882685,0.0,-0.0,0.0,0.0,0.0,0.0
9320,0.27673083784702107,0.019078539532894328,-1.9626928320889807,-0.898271447261134,0.3651937751829379,1.9973382973950868,0.0,-0.0,0.0,0.0,0.0,0.0
9321,0.41461630976010433,-0.1613874455136876,-2.0485836162896907,0.6416364253264347,-0.3867103274695442,1.9969118396065102,0.0,-0.0,0.0,0.0,0.0,0.0
9322,0.11678469843589757,-0.26565025632876765,-1.9314151429521988,0.7993071275441482,0.0834868346986035,1.9993711162020182,0.0,-0.0,0.0,0.0,0.0,0.0
9323,-0.013263604216986753,-0.22135583608551498,-3.9992955877037617,-0.8595487028654653,-0.13756683217526686,2.002055475159499,0.0,-0.0,0.0,0.0,0.0,0.0
9324,0.04593677514466159,-0.5519103248530715,-0.5694667691527828,0.6510147229980394,-0.7414842012352301,2.0009624614994492,0.0,-0.0,0.0,0.0,0.0,0.0
9325,0.5455280975540147,0.6363171143081078,-2.177007619461735,0.14874790867973728,0.2619672056387198,1.9956009605360072,0.0,-0.0,0.0,0.0,0.0,0.0
9326,0.2877370067054695,-0.4753633321009616,-1.0370697108521543,-0.6039649941622935,-0.4336798270916326,2.002588603207882,0.0,-0.0,0.0,0.0,0.0,0.0
9327,0.17395977431178905,0.07185157824702344,-0.25093309284882925,-0.7373597196165848,-0.21516510815610393,1.9987808159991842,0.0,-0.0,0.0,0.0,0.0,0.0
9328,0.2889766986145458,-0.7018029958628744,-1.4565931212848462,0.24306757917368335,-0.18273334671720085,2.003324326257793,0.0,-0.0,0.0,0.0,0.0,0.0
9329,0.589786328126656,0.31546284492819715,-3.136088932634295,0.1223668960688429,0.5778555485536987,1.9973696955712696,0.0,-0.0,0.0,0.0,0.0,0.0
9330,0.5924478177732111,-0.05798067543662809,-3.1783007628707622,-0.2262034163216631,-0.1039076118450614,1.9967271256305827,0.0,-0.0,0.0,0.0,0.0,0.0
9331,-0.035431471767706176,-0.3150474827550234,-2.827404345953861,0.5388323072032982,-0.7052609719065394,1.9987669977963318,0.0,-0.0,0.0,0.0,0.0,0.0
9332,0.7501999338627794,-0.618763241827699,-1.447801306301907,0.28453369091584063,-0.5084722003316392,1.9995191172369962,0.0,-0.0,0.0,0.0,0.0,0.0
9333,-0.31166981946925587,0.7726441518684248,-0.9033609702520674,0.6115514177406344,-0.3938626212790422,1.9981262318133108,0.0,-0.0,0.0,0.0,0.0,0.0
9334,-0.6518262096613219,0.1936424226184207,-3.718930062428102,0.5415057148742937,-0.678676473147756,1.9978518829814944,0.0,-0.0,0.0,0.0,0.0,0.0
9335,-0.09114997926012652,-0.29988522866215206,-2.2677072452900733,-0.15190010794700823,-0.8001869450059372,2.0013128381160903,0.0,-0.0,0.0,0.0,0.0,0.0
9336,0.6438384996242426,-0.0651010153743611,-3.416089834652842,-0.025508757221730446,0.42200473501677194,1.9996688032065484,0.0,-0.0,0.0,0.0,0.0,0.0
9337,-0.010012624554872987,0.7867708973437423,-1.8242821862218472,0.8038654248017114,0.26139134974759537,2.001789516044803,0.0,-0.0,0.0,0.0,0.0,0.0
9338,0.3145416083356754,0.3000380652177082,-3.7247702806431016,-0.8208239707890282,0.19681392341234297,2.004536446612146,0.0,-0.0,0.0,0.0,0.0,0.0
9339,-0.4266505405848506,-0.2371355248067631,-1.5440099338795925,-0.7559805330747578,-0.6025963582131585,2.001828458762479,0.0,-0.0,0.0,0.0,0.0,0.0
9340,0.3240584244401978,0.49988152247523826,-0.16844920562311683,-0.003607332638409111,0.934514939973789,1.9982224952136267,0.0,-0.0,0.0,0.0,0.0,0.0
9341,-0.5870033012399973,-0.520021891350529,-0.604288411586435,0.034369378678800126,0.6909845971429672,1.9997549691709344,0.0,-0.0,0.0,0.0,0.0,0.0
9342,-0.04130262437792413,-0.05661884925767911,0.08177720244297292,0.7647718238688325,-0.00462739626456909,1.9986969300337218,5.959872334056708e-14,3.7813959239975304e-14,-0.0,0.001385938422569882,-0.0008514004732630495,-0.002926375045371173
9343,-0.36193906511873325,-0.5780035184770456,-0.06877497360878014,-0.9286223988452593,-0.1232589294304885,2.0010393162495745,0.0,-0.0,0.0,0.0,0.0,0.0
9344,0.8379543542374902,0.05615128864970268,-2.5599910560469765,0.0819035044862118,-0.06117145042991775,1.9974396849132705,0.0,-0.0,0.0,0.0,0.0,0.0
9345,0.9527653387813133,0.1427466678241863,-1.3451287376790042,0.6305131571429086,-0.3490859312756181,1.999659127273501,0.0,-0.0,0.0,0.0,0.0,0.0
9346,-0.4604653506421374,-0.7305243618265596,-0.6808448290172179,-0.1947456021438171,0.09155759299322472,1.9970469768935846,0.0,-0.0,0.0,0.0,0.0,0.0
9347,-0.3576277054056792,-0.6798604452302541,-0.3101822002456206,0.5824979852023493,-0.07836537347093164,2.0014493826065762,0.0,-0.0,0.0,0.0,0.0,0.0
9348,-0.147973929344275,0.37961006623170235,-3.0502589289903295,0.3913639977079913,0.81058794464936,2.0025631041021943,0.0,-0.0,0.0,0.0,0.0,0.0
9349,0.6702338656712143,-0.35521285097352323,-4.059505154459328,0.24386375285866255,-0.1443911327827013,2.0006801300520425,0.0,-0.0,0.0,0.0,0.0,0.0
9350,0.12228046827883508,-0.905065887780381,-1.9589756180797095,-0.046578777453694924,-0.7718175425640739,2.000069054811258,0.0,-0.0,0.0,0.0,0.0,0.0
9351,-0.012373095305626634,-0.34679910480667964,-2.2489438273546116,0.3354986664216824,-0.6122830985425486,2.0012070221221068,0.0,-0.0,0.0,0.0,0.0,0.0
9352,-0.14358518025520506,0.5050831147765497,-1.2442471430517348,0.4894477166629773,0.7646693367356069,1.9983488730066967,0.0,-0.0,0.0,0.0,0.0,0.0
9353,0.35863835248730735,-0.8813501099529681,-2.0535936528203584,0.8431299227475447,0.4769475322785376,1.9985900195649478,0.0,-0.0,0.0,0.0,0.0,0.0
9354,0.036057000130982335,-0.8870170402153548,-1.0576334688522948,0.508540400799984,-0.5687270375869807,1.9986286006520038,0.0,-0.0,0.0,0.0,0.0,0.0
9355,0.6785138745042155,0.36264453312607825,-2.912309051975063,0.729423138608539,0.09770600264294538,1.9971840017582547,0.0,-0.0,0.0,0.0,0.0,0.0
9356,0.8717262165389038,0.11848570718437183,-3.690890049991658,0.7999905503493029,0.26292693949519436,2.0017970601485207,0.0,-0.0,0.0,0.0,0.0,0.0
9357,-0.5588776225907732,-0.30384409117274763,-0.7652340323926567,0.36728074526712273,-0.7539190447084557,2.000313556713877,0.0,-0.0,0.0,0.0,0.0,0.0
9358,0.8726036518892966,0.18319704124307098,-4.27125506558254,-0.5637388097915863,0.12843478081181603,2.000318436646139,0.0,-0.0,0.0,0.0,0.0,0.0
9359,-0.2039160234802876,-0.5961495372893976,-4.369653142128534,-0.02707200818718591,-0.09468631917909193,2.0006862018073175,0.0,-0.0,0.0,0.0,0.0,0.0
9360,0.4787061149783763,0.06663457230327038,-4.259218101921846,0.3587749890113722,-0.2997224454490715,1.9980194621462664,0.0,-0.0,0.0,0.0,0.0,0.0
9361,-0.6417580512364612,-0.5040775753603797,0.3438205134130237,0.7530336418238336,-0.44211351340757654,1.9985514782398972,-1.8356236696333475e-14,1.4037792895087977e-14,4.284539863748014e-295,-0.00042127140800400257,-0.00032238094888749233,0.00013416749675447187
9362,-0.9480933451486824,0.0401551081695971,-3.587995530839571,0.5808938445695848,0.11730245272754669,2.0029451047099958,0.0,-0.0,0.0,0.0,0.0,0.0
9363,-0.49897067715647897,0.2547539224204645,-1.048466073291605,0.8931297820837681,0.3056500177717813,1.9963166521086921,0.0,-0.0,0.0,0.0,0.0,0.0
9364,0.220958621712216,0.6034638001689574,-1.2026679618555227,0.404104840451605,0.5949289016725257,2.0015114342154328,0.0,-0.0,0.0,0.0,0.0,0.0
9365,0.6513182682633183,-0.23961633069325453,-3.2287185368798093,-0.610423197297163,0.5128863185048314,1.9979724635004061,0.0,-0.0,0.0,0.0,0.0,0.0
9366,0.26588286056821175,-0.16295956452172608,-3.189969074430997,-0.60959742315985,-0.6455982866006504,2.001446822733232,0.0,-0.0,0.0,0.0,0.0,0.0
9367,0.6267847823744278,0.2995212914703817,-0.3010786118020236,0.6229586698665436,-0.550866308452596,2.00259277924541,0.0,-0.0,0.0,0.0,0.0,0.0
9368,-0.13042453202371168,0.23071505165598222,-2.4320580238035356,-0.8812182486081066,0.2083543610239312,2.000112533341094,0.0,-0.0,0.0,0.0,0.0,0.0
9369,-0.3594584211767503,-0.11289933315822377,-1.5565984285453232,-0.3439163028072731,-0.5820085585107811,2.0011587679901752,0.0,-0.0,0.0,0.0,0.0,0.0
9370,0.9772176294160889,-0.10117794289954021,-2.383518231802213,0.5506997543532971,0.1994353833667479,2.002673370173303,0.0,-0.0,0.0,0.0,0.0,0.0
9371,0.5547696825121383,-0.3377658013258663,-1.487457086033243,0.737319723726561,-0.30235561796465,2.001337830511241,0.0,-0.0,0.0,0.0,0.0,0.0
9372,0.9176387345196735,0.0022978586512654164,-3.51288273158672,-0.7425386468177289,-0.22762752414974177,2.0017458300665316,0.0,-0.0,0.0,0.0,0.0,0.0
9373,0.5085440656983057,-0.6338890828030931,-0.6114876914804585,0.279385398829343,-0.12095103741741343,2.0029748388521136,0.0,-0.0,0.0,0.0,0.0,0.0
9374,0.47740276561054834,0.11062781547463368,-2.7808722587130963,0.32659247744544184,0.7797052818297731,1.999542970989213,0.0,-0.0,0.0,0.0,0.0,0.0
9375,0.8131335469374075,0.1650857963945497,0.08151327327968197,-0.08249526043571555,0.4051247804428308,2.0037178177626846,1.1865144077435976e-14,-8.659341620018402e-15,-0.0,0.0002715218134548172,0.0001957379105030524,-0.00045525467805909324
9376,-0.9714763368909951,0.0572412161684106,-3.446403963159574,-0.26794682021749466,-0.8463993883760972,2.0021746290851477,0.0,-0.0,0.0,0.0,0.0,0.0
9377,0.34309093316475237,0.7727137208176054,-1.3979253797403923,-0.570235700007473,0.6962593719694026,1.9971454147042673,0.0,-0.0,0.0,0.0,0.0,0.0
9378,0.9258761359107958,-0.13021054446465258,-0.6448765475622344,0.58318093214054,0.6990124525681342,1.9984982304016092,0.0,-0.0,0.0,0.0,0.0,0.0
9379,0.85041365267335,-0.35979963431010187,0.16504300229145208,0.5404448736692866,-0.023742246970374643,2.0028592586881113,3.0112558999933935e-14,1.701982188456804e-14,-0.0,0.0006851718839800512,-0.0003957720861001839,-0.00022564174502645197
9380,-0.7834222706854247,-0.09033044269240462,-3.679595999994707,-0.6354325861070683,-0.19521197206012944,1.9996269862212601,0.0,-0.0,0.0,0.0,0.0,0.0
9381,-0.1472174738810078,-0.276293599315474,-1.0814210912841642,-0.3071021676584083,-0.03683129200698103,2.0005507008123473,0.0,-0.0,0.0,0.0,0.0,0.0
9382,-0.44097731128754536,0.13052410001215314,-1.3721155996332504,-0.4866986131984972,0.8432620616136162,1.9981108211941774,0.0,-0.0,0.0,0.0,0.0,0.0
9383,-0.07866164288125575,0.5079730362573941,-2.3174478627012163,0.14526901209969273,-0.35801168033791636,1.9999756061365173,0.0,-0.0,0.0,0.0,0.0,0.0
9384,0.4006894006644317,0.5851988461827539,-2.4712363226275484,0.42577173039069705,-0.4210494313092995,2.001135599539615,0.0,-0.0,0.0,0.0,0.0,0.0
9385,-0.19821323061539897,-0.8411496735197419,0.17317821507500492,0.554235206367139,0.16645206558703296,1.9991054156438604,-8.726422733923078e-15,2.056219070130448e-14,-0.0,-0.0002010265162910412,-0.00047219886164796474,-0.00021860329716361484
9386,0.13503185987223792,0.8750619865917842,0.033096432339282535,-0.14968086164369615,-0.8791004547618688,2.001487543830446,5.639034196714083e-15,-2.1413469565778527e-14,-0.0,0.00012917136208431525,0.0004906727620665544,-0.0003447920701079732
9387,0.6131725081078641,-0.5722266935100454,-2.2974434360632117,0.21009188310107274,-0.11687852912400219,1.9991711699619135,0.0,-0.0,0.0,0.0,0.0,0.0
9388,-0.21810071730835556,0.29151716619476986,-3.608274541151642,-0.21982755935042464,-0.3796649518273895,1.9977311995077438,0.0,-0.0,0.0,0.0,0.0,0.0
9389,0.49744344251767286,0.002323473074672765,-1.6362244076425518,0.7292321202727837,0.3991553842625461,1.997496283817168,0.0,-0.0,0.0,0.0,0.0,0.0
9390,0.25566703207423414,-0.17308178959635445,-0.4915348295341862,-0.2560086693164122,0.11338415585811751,2.0041102923276597,0.0,-0.0,0.0,0.0,0.0,0.0
9391,-0.3054650955211261,0.8619665027745083,-0.9564586332350813,-0.044818214967845216,-0.35856685537713046,1.998948081853569,0.0,-0.0,0.0,0.0,0.0,0.0
9392,-0.7638038063834072,-0.5170755597869575,-0.7331541083781384,-0.7805895201385787,-0.2505357189207187,2.000955411862551,0.0,-0.0,0.0,0.0,0.0,0.0
9393,-0.9397106707506735,0.21505498760125408,-2.130415380660771,0.2518426759686382,0.05928595691304453,2.0000430668321703,0.0,-0.0,0.0,0.0,0.0,0.0
9394,0.3050447873916275,0.17199074558109342,-1.5391816558651905,-0.4399219597414287,0.8606755435043003,1.997111013960644,0.0,-0.0,0.0,0.0,0.0,0.0
9395,-0.05277684299892165,0.3210191066119759,-2.702979186173156,-0.08519075252563903,0.31973999515010354,1.9986234996773737,0.0,-0.0,0.0,0.0,0.0,0.0
9396,-0.24768085852763047,-0.07788360857049528,-2.5107921389748715,-0.3925516928344719,0.6436303337490137,2.0008901601234,0.0,-0.0,0.0,0.0,0.0,0.0
9397,0.29608202009668116,0.4466427536615738,-2.956860843626273,-0.8031703941926288,-0.3736419987715025,2.000316602457171,0.0,-0.0,0.0,0.0,0.0,0.0
9398,0.525513458097707,-0.1160588622925042,-2.2312761142601216,-0.39380202640821954,0.024793650529458238,2.0007802931526055,0.0,-0.0,0.0,0.0,0.0,0.0
9399,-0.07607179754023266,0.6930698322691681,-3.4448797622709315,-0.8073063925104987,0.3772239021764792,1.998601256901936,0.0,-0.0,0.0,0.0,0.0,0.0
9400,-0.2153885419998398,-0.4531935422211546,-0.048165413416973536,-0.17379688798582188,0.03870901846588669,2.0018330346761886,0.0,-0.0,0.0,0.0,0.0,0.0
9401,0.4423375760924938,-0.2555863906904341,-3.2954101214790263,-0.7298587235376416,0.32912787232250046,1.9965436913683619,0.0,-0.0,0.0,0.0,0.0,0.0
9402,-0.1648578878836565,-0.6411933986671859,-2.7980161980162683,-0.3538972089955872,-0.3246370793763459,2.0010905430057817,0.0,-0.0,0.0,0.0,0.0,0.0
9403,0.9447842655040319,-0.31059106291857586,0.4645013868762665,0.3291828927335027,-0.5349706228262445,2.003642075033264,2.014835665461387e-14,4.83801353141787e-15,-2.706088918136348e-225,0.0004611601927488456,-0.00011111107542947935,0.0002966871069681769
9404,0.2771152371593039,-0.2901193124625994,-3.9823491192519076,0.6243510925891466,0.11532522825448023,2.00179936886039,0.0,-0.0,0.0,0.0,0.0,0.0
9405,-0.5915112685647439,-0.6902451720837484,-3.8031099607101186,0.12530285346736383,0.6238883183989433,1.996656939533791,0.0,-0.0,0.0,0.0,0.0,0.0
9406,-0.331649628303941,-0.17516747885945647,-1.0707079536403676,0.08543012937888855,-0.3061050049669091,1.9965068667005503,0.0,-0.0,0.0,0.0,0.0,0.0
9407,0.1527099919764893,-0.8715423266944087,-0.2458932396461482,-0.3567577909136018,-0.48716519249956036,1.9977608525592594,0.0,-0.0,0.0,0.0,0.0,0.0
9408,0.4258976617312118,-0.5657188017671845,-2.7810639735880254,0.4095937381255997,0.20787112206933106,2.001140016620617,0.0,-0.0,0.0,0.0,0.0,0.0
9409,0.6448099614443465,-0.160210170710438,-3.885978220164958,-0.5702810393414504,0.20457297890819542,1.998624774161412,0.0,-0.0,0.0,0.0,0.0,0.0
9410,0.303522904923544,0.9120181642741098,-4.505407395774405,0.4272156407518746,-0.8941140598299152,2.0010111720483295,0.0,-0.0,0.0,0.0,0.0,0.0
9411,-0.341528261488677,-0.6632687281079779,-1.4123957618554608,-0.24346510854449355,-0.886171767065341,1.9978065187108807,0.0,-0.0,0.0,0.0,0.0,0.0
9412,-0.4602168469833781,0.6608037077730156,-0.37357382212770557,-0.06166083416170599,0.44254609173514775,1.9995309042379992,0.0,-0.0,0.0,0.0,0.0,0.0
9413,0.3669430204315322,-0.8543520321143412,-4.095058674659487,0.04076944214921087,0.13324153720385143,1.9987803362223013,0.0,-0.0,0.0,0.0,0.0,0.0
9414,-0.7806982750981696,-0.3589247014423753,-1.7589123553564,-0.8305056770955008,-0.5514008096104408,1.9979957458392186,0.0,-0.0,0.0,0.0,0.0,0.0
9415,-0.2991503285988852,-0.342099554871276,-0.8786706840757678,-0.7793988367116792,-0.28410330453645516,1.9988020401218305,0.0,-0.0,0.0,0.0,0.0,0.0
9416,0.01667672043111701,0.16528874052382583,-3.0871999504616325,0.011505669185377229,0.34647451970676274,1.9994018978084123,0.0,-0.0,0.0,0.0,0.0,0.0
9417,0.3668738811578215,-0.28046546601455147,-0.2969488914185845,0.6467773059806504,0.6743233847705016,1.9987431937729179,0.0,-0.0,0.0,0.0,0.0,0.0
9418,0.4031554659134274,0.29653769159371796,-0.7301378621720674,0.25025190027575833,-0.5740857795494517,2.0013552624402693,0.0,-0.0,0.0,0.0,0.0,0.0
9419,-0.28512217911792787,-0.08387122568428756,-3.507000960167876,-0.07922869735105148,0.6564010289140995,1.999417709358534,0.0,-0.0,0.0,0.0,0.0,0.0
9420,0.15275913552218626,-0.5678050017141003,-2.717626892322128,0.08355927893893228,0.758770063072776,2.002859386247765,0.0,-0.0,0.0,0.0,0.0,0.0
9421,-0.5371778986616613,-0.07192155372189407,-1.7011295451966428,0.13660083497896797,0.8664764318549218,2.0008835174760833,0.0,-0.0,0.0,0.0,0.0,0.0
9422,-0.32161104466985135,-0.22000452141254206,-3.4751724501468346,-0.26580993529202035,0.27596129703353295,1.9994429851814346,0.0,-0.0,0.0,0.0,0.0,0.0
9423,-0.030507457921154054,-0.2935054195706464,-2.5958001093317074,-0.07211316430982141,-0.9139788573089648,2.0007656799977003,0.0,-0.0,0.0,0.0,0.0,0.0
9424,0.40422719487863484,-0.7024096299768063,-1.0180433910560052,-0.12725812700900782,-0.8846157567680506,2.0031310211297164,0.0,-0.0,0.0,0.0,0.0,0.0
9425,-0.573871091077304,-0.3636569976917246,-0.7432607060340644,0.611330623223635,-0.06928903090443495,2.0021451407742274,0.0,-0.0,0.0,0.0,0.0,0.0
9426,0.9068511944073032,0.25185643375744776,-3.812444044445291,-0.17969018966070302,-0.5361857273019589,2.0024066353904475,0.0,-0.0,0.0,0.0,0.0,0.0
9427,0.19049240889411534,-0.1465166610222121,-0.8253560386449662,-0.010985663766010107,-0.6333210252893001,2.0016222437393756,0.0,-0.0,0.0,0.0,0.0,0.0
9428,0.6598991832966076,-0.6287960186190095,-4.146795077646371,-0.8239748358690463,-0.17985059424395386,1.9978464631390123,0.0,-0.0,0.0,0.0,0.0,0.0
9429,0.7722362422288898,0.40479364207397234,-1.8515711342050964,0.6366536622930451,-0.5413097932855319,2.000379712642428,0.0,-0.0,0.0,0.0,0.0,0.0
9430,0.3494959624483973,0.7680881256059657,-2.0790048609188254,0.24555168612556993,-0.17625920043291723,2.0001125353816662,0.0,-0.0,0.0,0.0,0.0,0.0
9431,-0.33755183760620255,0.7542108597397963,-3.8075418378066384,-0.5279278779183146,-0.621437407668513,1.9999479256437895,0.0,-0.0,0.0,0.0,0.0,0.0
9432,0.5568332424968658,-0.2636551276189845,-1.4432157611844683,-0.01415441442399351,-0.35354655177565225,2.000054642632892,0.0,-0.0,0.0,0.0,0.0,0.0
9433,-0.4907201220965872,0.26265764622352056,-1.981695891294628,0.06722510346120662,-0.7207009811999966,1.9987525542974443,0.0,-0.0,0.0,0.0,0.0,0.0
9434,-0.5565516764917754,-0.17389975150650044,-3.23061715538743,-0.2027162670123672,-0.2653571433521304,1.9966423254710177,0.0,-0.0,0.0,0.0,0.0,0.0
9435,-0.5115499767598769,0.49298154265381317,0.4993642793204976,0.39184788178629415,-0.5327957119101742,1.99780477273631,-7.292299512776281e-15,-1.4235469409762592e-14,1.2667441942216206e-205,-0.00016762995548757096,0.0003266750602021362,0.0005242317595869914
9436,0.5702069911091581,-0.10508630283269704,-1.6277546398092202,0.10299861316374087,-0.5088266835126765,2.000688483026932,0.0,-0.0,0.0,0.0,0.0,0.0
9437,0.9011574946033011,0.3325223773334854,-3.5345494468699217,-0.6132584208317449,0.72042292665913,1.998620953945311,0.0,-0.0,0.0,0.0,0.0,0.0
9438,0.7160932816393825,0.629159925680042,-1.528868423284665,0.18774196933547524,-0.21081421538261086,1.997380837536415,0.0,-0.0,0.0,0.0,0.0,0.0
9439,0.5808938133203966,0.24073033016782083,-1.4979062564139238,0.17402238150880459,-0.11349171882479193,2.000077629507469,0.0,-0.0,0.0,0.0,0.0,0.0
9440,0.27610903854111246,-0.3453230831949123,-0.07648772278126029,-0.48830927207853503,0.2851841129284319,1.9993159570905936,0.0,-0.0,0.0,0.0,0.0,0.0
9441,0.28863277564486917,0.9244231579228085,-4.06360337726718,0.6620209437103151,0.2595128368421149,2.0029206810188254,0.0,-0.0,0.0,0.0,0.0,0.0
9442,-0.6384104505462276,-0.16369854971650885,-0.8853431874461011,-0.3815002422529726,0.28533723651724496,2.00202131815004,0.0,-0.0,0.0,0.0,0.0,0.0
9443,0.6972594205189057,0.08856041687454021,-1.9692962839882797,0.43569130794756483,-0.103655138524654,2.0013812655738072,0.0,-0.0,0.0,0.0,0.0,0.0
9444,-0.39127625743502986,-0.9322041824130697,0.4669759485386693,-0.897979780437291,-0.10906460708979472,1.999736416656148,-4.684055046086573e-15,2.00632390790066e-14,2.3192777980624173e-224,-0.00010688308877507168,-0.00046003959158413344,0.00043061603743893757
9445,-0.5144758932205059,-0.625010063676468,-2.2700882553472166,0.4828560954060964,-0.5324211231623542,1.998634362159542,0.0,-0.0,0.0,0.0,0.0,0.0
9446,-0.07371208394192894,0.45593279776762624,-0.051359039872771725,0.2634815060940056,-0.1384954496180631,1.9993520013220505,0.0,-0.0,0.0,0.0,0.0,0.0
9447,0.22778826378349065,-0.42215357936452874,-2.5159026385874443,0.4000656524428436,0.02780743671646098,1.9989551286803178,0.0,-0.0,0.0,0.0,0.0,0.0
9448,0.7847986952918727,-0.2645421659837871,-4.314038811645072,-0.10609984678783858,-0.20261163139216945,1.9982972137055461,0.0,-0.0,0.0,0.0,0.0,0.0
9449,-0.9560195164056968,0.26191185616947077,-3.5458686987824386,0.4433464661210725,-0.4378126689571169,2.0001899213427974,0.0,-0.0,0.0,0.0,0.0,0.0
9450,0.8254915143872504,-0.3028595462287365,-3.8424612909612748,-0.5016655333442934,0.22007998925265787,2.000288429351368,0.0,-0.0,0.0,0.0,0.0,0.0
9451,0.48653485635168475,0.7293430126219286,-0.24715735811176792,0.5259647951573607,-0.6393700279744601,2.002454479666935,0.0,-0.0,0.0,0.0,0.0,0.0
9452,0.6426858883676164,-0.4460265546840459,-2.474290263869481,0.4896733001698332,-0.015208538861392621,1.9986340778843323,0.0,-0.0,0.0,0.0,0.0,0.0
9453,0.5637187444227179,0.44575909562208066,-4.02928969953943,-0.21652942507716705,-0.6073817774736404,1.998047841623713,0.0,-0.0,0.0,0.0,0.0,0.0
9454,-0.45293486051867293,-0.4237967917005576,-2.34290816744561,0.4976597836282321,-0.18850001517116957,1.9974550089153953,0.0,-0.0,0.0,0.0,0.0,0.0
9455,0.9447320944933226,0.1542949733523502,-2.9038452258507537,-0.944715695034415,-0.3261624971647845,2.002506313203349,0.0,-0.0,0.0,0.0,0.0,0.0
9456,-0.4359983329058008,0.831932895348344,-2.21445346369245,0.1938878121389457,0.5987980039345209,2.0027523250869144,0.0,-0.0,0.0,0.0,0.0,0.0
9457,-0.01948861152904714,-0.37955305661836775,-0.6731888685326107,-0.17079759232964103,-0.34292475755968266,2.002130545266865,0.0,-0.0,0.0,0.0,0.0,0.0
9458,-0.0807243724895801,0.2693376357154792,-3.9730871280022417,0.49778627408429543,0.01908658472313171,2.0009990688604744,0.0,-0.0,0.0,0.0,0.0,0.0
9459,0.06122433910807024,-0.2907389526378968,-2.5273461016930043,-0.2364061159618265,0.8050741111865571,2.0011942921411427,0.0,-0.0,0.0,0.0,0.0,0.0
9460,-0.0082848799702593,0.7209440691064573,-0.33346868096599824,0.5408707179933838,0.02219092638927654,2.001076149064389,0.0,-0.0,0.0,0.0,0.0,0.0
9461,0.8383892452019351,0.5043153141679421,-1.0084709242436911,-0.24858090487230464,-0.13769490787394803,1.9985994060449288,0.0,-0.0,0.0,0.0,0.0,0.0
9462,0.11944332534702863,-0.8083187708923034,-3.665134088860399,-0.016771381747158018,0.7157352565443325,1.998251029992729,0.0,-0.0,0.0,0.0,0.0,0.0
9463,-0.882927415836017,-0.2876879362205512,-2.3100247612708475,-0.7566674605201608,0.02510854891530704,1.9999810705647936,0.0,-0.0,0.0,0.0,0.0,0.0
9464,0.7381779934794993,-0.5759871162445656,-0.4518002062739021,0.6527459370824616,-0.06126390104945419,1.9969911791401065,0.0,-0.0,0.0,0.0,0.0,0.0
9465,-0.45309965638819144,0.8724462103543389,-1.8531173213464833,-0.34221941296438735,0.4218012627357135,2.00113550625951,0.0,-0.0,0.0,0.0,0.0,0.0
9466,-0.727347954173927,0.18773405975266755,-2.1541896429665885,-0.4012266170996443,0.09304705391312147,2.000229467301082,0.0,-0.0,0.0,0.0,0.0,0.0
9467,0.6094765522198582,-0.20884623060988336,-4.481704845242509,-0.5313033069735253,0.8404865690888816,1.9994598892518962,0.0,-0.0,0.0,0.0,0.0,0.0
9468,-0.5700084745816347,0.32756287081179764,-1.760859529239439,-0.8148612437626432,0.17640670398204278,1.997863228736282,0.0,-0.0,0.0,0.0,0.0,0.0
9469,-0.9537379186577437,0.022579807187834942,-3.235363123668079,0.15929057879288772,0.30897273090151983,2.0023485442857503,0.0,-0.0,0.0,0.0,0.0,0.0
9470,-0.8237947808983871,0.03557783918548804,-0.7990242715881469,0.9264339596170066,-0.31231640981629377,1.9985601857390491,0.0,-0.0,0.0,0.0,0.0,0.0
9471,-0.310886018880199,0.42642981561446236,-2.4218377147570904,0.35810317925188956,-0.7870532678127744,1.9972544111594517,0.0,-0.0,0.0,0.0,0.0,0.0
9472,-0.37041008399194436,-0.25965746673557016,-1.4069920427248812,-0.1091839686746817,-0.6153191816963676,2.0022577966525184,0.0,-0.0,0.0,0.0,0.0,0.0
9473,0.8708359984985886,0.3445845228254727,-1.912339648723031,-0.2548427514767394,-0.16316772728791928,1.9965621800538318,0.0,-0.0,0.0,0.0,0.0,0.0
9474,0.05752682896478616,-0.9370125889297846,-1.094118502991373,0.34157284690831635,0.022542454524783186,1.9999393108172163,0.0,-0.0,0.0,0.0,0.0,0.0
9475,0.6863349942218488,-0.41000488090339643,-1.239755523681034,0.034526219727369835,-0.9679326967589119,1.999945374412412,0.0,-0.0,0.0,0.0,0.0,0.0
9476,-0.5453762739446689,0.2646858328307524,-0.019854330197178804,-0.4838683327210708,-0.6871625159429353,2.0029463044406737,0.0,-0.0,0.0,0.0,0.0,0.0
9477,0.571466725243714,0.3058775488027759,-3.603098020024963,-0.055177763619533915,0.46047654735480426,1.9989382234826742,0.0,-0.0,0.0,0.0,0.0,0.0
9478,0.5339134572954095,0.7677900524309329,-1.842683036479442,-0.189012812631867,0.3204292361864452,1.999704534239097,0.0,-0.0,0.0,0.0,0.0,0.0
9479,0.4908860708704606,0.8276168269338638,-3.6058574974999997,-0.8696054859514953,-0.16723251245520745,2.001014640887934,0.0,-0.0,0.0,0.0,0.0,0.0
9480,0.5970197842324977,0.3541186955704873,-2.6916305095763446,0.1578628847035163,-0.19836544360646285,2.001659477894636,0.0,-0.0,0.0,0.0,0.0,0.0
9481,-0.04804879731847114,0.494538459473418,-3.979520846866875,-0.412880124199977,0.14947771527327117,1.9985592310348255,0.0,-0.0,0.0,0.0,0.0,0.0
9482,0.2155454348949666,-0.16684442842815572,-1.4705046638595014,-0.752576233837696,0.4933447539358441,1.996990467303293,0.0,-0.0,0.0,0.0,0.0,0.0
9483,0.7853856502668896,-0.10144592426707015,-1.5758183339727363,-0.8240338239855661,0.5563365332712182,1.9968555210163237,0.0,-0.0,0.0,0.0,0.0,0.0
9484,-0.2895506386649287,0.7120098459295751,0.29411951486948096,0.07731394872398195,0.12272250269770082,2.000296330379167,-8.681668435855691e-15,-2.749251253072737e-14,-0.0,-0.0001986756042056277,0.0006303961208871177,4.663395742468503e-05
9485,0.6442429112473986,0.48571055526082957,-2.278036303872008,0.1434352439786405,-0.8145775046886174,2.0021671924552544,0.0,-0.0,0.0,0.0,0.0,0.0
9486,0.913916660308456,-0.13301266413472798,-2.5709567887350198,0.8368017452119391,-0.32020304524426885,1.998562584582434,0.0,-0.0,0.0,0.0,0.0,0.0
9487,-0.907109771091989,-0.2344522321396906,-3.7423457884033966,-0.44543980758974744,-0.5574223567850581,1.995581483591966,0.0,-0.0,0.0,0.0,0.0,0.0
9488,-0.5113879574040038,0.37238331862433754,-2.82384115259658,-0.6347855280903447,0.5612789946935113,2.0004227301940283,0.0,-0.0,0.0,0.0,0.0,0.0
9489,-0.21000856504379467,0.4734386297930034,0.47432349789714284,-0.25533792741631295,-0.3579342033931352,1.9964326699004638,-4.436531765773663e-15,-1.1753692031369327e-14,-3.0303710439319185e-220,-0.00010231499048118388,0.0002696659622962486,0.0005208740908318387
9490,-0.33975916051429855,0.13318043783517375,-2.3957946723980337,-0.5473586160492607,0.1520178086835314,1.9993255927008295,0.0,-0.0,0.0,0.0,0.0,0.0
9491,-0.5681021252442084,0.7422864722045469,-3.0715360663203897,-0.1596437811102911,-0.9401227381404273,1.9982946101656134,0.0,-0.0,0.0,0.0,0.0,0.0
9492,-0.8056650685603258,-0.14088974122123937,-2.583194678356878,-0.06651901437368109,-0.944364384371521,1.9985737152434608,0.0,-0.0,0.0,0.0,0.0,0.0
9493,-0.5077278988706815,0.03933159024819137,-0.24719357861287522,-0.296581530469289,-0.23479270149317732,1.9973780393679246,0.0,-0.0,0.0,0.0,0.0,0.0
9494,-0.13658679768255994,0.6079909202001514,-3.8744954709608153,-0.20547813058915523,0.6620981938645005,2.0003439146404864,0.0,-0.0,0.0,0.0,0.0,0.0
9495,0.31854076971881784,-0.7945191071040092,-2.990576399609572,-0.4365938647999633,-0.570024021701263,2.0024719252238943,0.0,-0.0,0.0,0.0,0.0,0.0
9496,-0.5114056711327709,0.12544076262058024,-0.7406033013480013,0.19716953446014632,0.1582613249514317,1.999323831439703,0.0,-0.0,0.0,0.0,0.0,0.0
9497,0.20049922725947836,0.4946355536530789,-1.4338858823837293,0.08257251158999415,0.1411131829158744,1.9993983940740858,0.0,-0.0,0.0,0.0,0.0,0.0
9498,-0.16034525763024784,0.4908102038566194,-1.5493928168992386,0.4327593852467972,-0.5331068695343404,2.0011813297358896,0.0,-0.0,0.0,0.0,0.0,0.0
9499,0.07258321209266548,0.6686543427259805,0.17625054531015907,0.18732412613882787,-0.3019315306387253,1.9970743895232692,-5.275949537681983e-16,-1.98407036070875e-14,-0.0,-1.2191309360144929e-05,0.0004553988270266471,-0.00012412508673616138
9500,0.1425190745716195,0.9708904970759324,-3.5137293517465564,0.8471562651146117,0.4231985119762783,2.0004552855449322,0.0,-0.0,0.0,0.0,0.0,0.0
9501,-0.1955969178915571,0.5662423779240175,-0.03575565568224205,-0.1323265808667091,0.9048738826746289,1.993860807060769,0.0,-0.0,0.0,0.0,0.0,0.0
9502,-0.020899853986027978,-0.1738838271323588,-0.2558837935719319,0.602750040743806,0.2797573377595688,1.9992645396783848,0.0,-0.0,0.0,0.0,0.0,0.0
9503,0.3970704044090891,-0.3764501496139123,-0.23940917169553605,-0.2991860549669127,-0.4155890982510791,2.0003757550601873,0.0,-0.0,0.0,0.0,0.0,0.0
9504,-0.8859357786428953,-0.4200762994229466,-0.30253248608940286,-0.5210334947141217,-0.31771706091855917,1.9985950060003357,0.0,-0.0,0.0,0.0,0.0,0.0
9505,-0.5254522270697012,0.17874763450529454,-0.7227403413703892,-0.19810300178887358,0.645253161594685,2.0000517309203927,0.0,-0.0,0.0,0.0,0.0,0.0
9506,-0.2280260012268287,-0.6311040021136823,-0.399339719084638,-0.4487207189978374,-0.35864810448817,2.002100305391538,0.0,-0.0,0.0,0.0,0.0,0.0
9507,-0.7613787581549125,-0.15644377767202447,-3.8441312235799177,-0.28686891854874996,-0.6233249841933918,1.9995023363298974,0.0,-0.0,0.0,0.0,0.0,0.0
9508,-0.29738185231803266,-0.9518968078166797,-1.9224164886505175,-0.6418838259224848,0.12703639683508114,2.001872065252617,0.0,-0.0,0.0,0.0,0.0,0.0
9509,-0.544540136768749,-0.5611971314589795,-0.6779371075597443,0.007165970155115107,0.7886539962987794,1.998788980661757,0.0,-0.0,0.0,0.0,0.0,0.0
9510,0.8566453580405299,0.23852673072987463,-1.2597724281913103,-0.7128352940044118,0.2622971858842772,2.00037088381239,0.0,-0.0,0.0,0.0,0.0,0.0
9511,0.18555221806839742,0.6871925032801136,-4.17647537633657,-0.6535164935267361,0.18709286683199475,2.001709334740766,0.0,-0.0,0.0,0.0,0.0,0.0
9512,-0.01356223695375104,-0.22932880823751073,-0.7145877032348742,-0.22567656244868678,0.5726127351768805,1.998472999222838,0.0,-0.0,0.0,0.0,0.0,0.0
9513,0.09423244118938205,-0.7541409828824536,-3.2270605019129768,-0.8436032916498705,-0.012853623913446048,1.9993810495167923,0.0,-0.0,0.0,0.0,0.0,0.0
9514,0.26229906700186933,0.9045245658297112,-2.228061202726562,-0.1823886021729209,-0.3989104946701434,1.9988648756938536,0.0,-0.0,0.0,0.0,0.0,0.0
9515,-0.3512137117742568,0.5771033777226544,-1.471906237499793,0.606588536271232,0.7427701596620647,2.0013545442074685,0.0,-0.0,0.0,0.0,0.0,0.0
9516,-0.11589330606461175,0.547558076711141,-0.06386990143243491,-0.5278563957548283,0.7736090568348285,2.001117437953784,0.0,-0.0,0.0,0.0,0.0,0.0
9517,-0.33604265894373764,0.508724629197426,0.2796379550471613,-0.144778742047239,0.11746276674830591,1.999272427354601,-1.3815888926825884e-14,-4.724246287654595e-15,0.0,-0.0003169448820120624,0.00010937878129619682,0.00014992364527253527
9518,-0.48166091743415723,0.3529431920653458,-0.06987828969417959,-0.853504559895354,0.31451229697246613,1.99919914573621,0.0,-0.0,0.0,0.0,0.0,0.0
9519,0.19322386964869626,-0.18747023226344547,-3.552773113643413,-0.39944864172727523,0.5043070797509488,2.003153558649468,0.0,-0.0,0.0,0.0,0.0,0.0
9520,-0.41623193899034777,0.8819583337500118,-2.153343617341525,-0.1375134695317128,-0.559254723638396,1.9986609435667284,0.0,-0.0,0.0,0.0,0.0,0.0
9521,0.5813361071651426,-0.4968490724611527,-0.7652846385810516,-0.7864894927028039,-0.17726861541417194,2.0019788427353595,0.0,-0.0,0.0,0.0,0.0,0.0
9522,0.10602622996401907,-0.481668044926108,-1.0398096121074427,0.7555151888085252,-0.16185577822278513,2.00351641894927,0.0,-0.0,0.0,0.0,0.0,0.0
9523,0.14654793415385514,0.1580986777809226,-3.139985055121598,0.10143524662499355,-0.027243796207118223,1.9997515409693971,0.0,-0.0,0.0,0.0,0.0,0.0
9524,-0.725629525862564,0.6249204228946531,-0.0541778749980914,0.40054530378651154,-0.6385780882680983,2.005456484360814,0.0,-0.0,0.0,0.0,0.0,0.0
9525,-0.48190734067786783,-0.2630319263584699,0.05846049430624501,-0.1504660600903215,0.22875608606132392,2.0009653189057306,-4.912866582360416e-15,-1.492270665002081e-15,-0.0,-0.00011318588931979254,3.352576674192661e-05,-0.0004452090582091574
9526,0.4383178195854258,-0.3692692800329908,-1.9558462834621373,0.042526871460572296,0.4648290101943967,1.998675991307873,0.0,-0.0,0.0,0.0,0.0,0.0
9527,0.7776729550877666,-0.5470842064734908,-4.13880660743499,-0.8822705727793815,0.1132072293050207,2.0011856232750858,0.0,-0.0,0.0,0.0,0.0,0.0
9528,0.08189137167740483,-0.4265126236020437,-0.5532710481158386,0.046911764485403046,0.8004142328025323,2.0012787624929724,0.0,-0.0,0.0,0.0,0.0,0.0
9529,0.03118134026087673,0.03766764860783935,-3.518152886195928,0.1300623792746913,-0.2655615070186157,1.9990874130557086,0.0,-0.0,0.0,0.0,0.0,0.0
9530,0.3122937219412811,-0.0026454505800138552,-1.3232531089272035,-0.3204760673347309,-0.9115255326769642,1.9991131437182768,0.0,-0.0,0.0,0.0,0.0,0.0
9531,-0.5071373141480808,-0.6200906537771604,-1.2161871634534631,-0.16628711416059916,0.007601050778503984,2.003425776258415,0.0,-0.0,0.0,0.0,0.0,0.0
9532,0.33945313504682045,-0.12869574709239576,-1.2877251570718011,0.16786319253641868,0.26740196470693217,2.0032527209673656,0.0,-0.0,0.0,0.0,0.0,0.0
9533,-0.056241871645944394,0.12545222962386798,-0.2149973327808116,0.46228385910376224,0.20053665468333248,1.999545041460771,0.0,-0.0,0.0,0.0,0.0,0.0
9534,-0.49558314667692416,-0.0516837046716931,-1.5239510570497088,-0.5544233052378178,-0.7748835916687107,1.9990782934562745,0.0,-0.0,0.0,0.0,0.0,0.0
9535,0.09870525272953064,0.37469356771923273,-0.6031169955948085,-0.2624628825532033,-0.6725518787591408,2.001319232560143,0.0,-0.0,0.0,0.0,0.0,0.0
9536,-0.25988604641512386,-0.5839257092919777,-0.7130629566546487,-0.4593540425573513,-0.5040691629396329,2.0019149688631055,0.0,-0.0,0.0,0.0,0.0,0.0
9537,0.7692796610158025,-0.5375896913661248,-2.8558919439214874,0.267479270768329,0.6989208834055289,1.9949796153168602,0.0,-0.0,0.0,0.0,0.0,0.0
9538,-0.6850410631639063,0.3406569100365023,0.39741579644657155,0.5162253683440476,0.17969528421186776,1.9980788115937003,-1.5350166072797284e-14,-6.863384601829754e-15,7.103494838225918e-264,-0.00035182686067270944,0.00015746584498612938,0.00035815806951663547
9539,0.3283783074443222,-0.49276490152583696,-4.436253331036433,-0.41586512924269875,-0.1603576577724026,1.9995292670159786,0.0,-0.0,0.0,0.0,0.0,0.0
9540,-0.4702054073139524,-0.1242001004077554,-3.376856765890386,-0.44274073783498713,0.10513266615308332,2.000705616246645,0.0,-0.0,0.0,0.0,0.0,0.0
9541,-0.8559263659048311,0.061928251654658616,-1.1859948372940408,0.3208124367640433,-0.8272369136459375,2.001273456355731,0.0,-0.0,0.0,0.0,0.0,0.0
9542,-0.9487562503588706,-0.0017558320492667193,0.057392921962159185,-0.04794916197861754,0.6573123654436742,2.002206499140979,-2.137152686852285e-14,1.117213296345156e-15,-0.0,-0.0004904417038249859,-2.5377214764463976e-05,-0.0002776658089615845
9543,0.523945104829917,-0.302895130481899,-2.7995721908622504,-0.7328249513395596,-0.23555031993587466,1.9999339979825628,0.0,-0.0,0.0,0.0,0.0,0.0
9544,-0.62514463041821,0.190454691079441,-1.4387729441740467,0.7643409678023458,0.6308239268830623,1.9985905658101542,0.0,-0.0,0.0,0.0,0.0,0.0
9545,0.14049714790177625,0.6699396275809144,-3.6735304026990123,-0.7106139242953723,-0.19867801392126203,2.003587674778585,0.0,-0.0,0.0,0.0,0.0,0.0
9546,0.2549541881971402,0.6763269193802781,-0.3124941527740771,-0.20688150047807682,0.6087885768858505,2.0006925316357154,0.0,-0.0,0.0,0.0,0.0,0.0
9547,-0.8179814624646645,-0.5692982727032091,-0.21813369204193317,0.3343344779632765,-0.7585226309189461,1.9994477488575737,0.0,-0.0,0.0,0.0,0.0,0.0
9548,-0.6390638966466287,-0.5542086651552764,0.010870453042891593,-0.15681741916718744,0.296259042540826,1.9963091891934743,-7.851414060055205e-15,1.6378592099472706e-14,-0.0,-0.00018041149557633952,-0.00037740974935601186,-0.0004527681485893249
9549,-0.37761174054494684,0.26349063375746795,-4.440571089908296,0.47145968695706053,-0.29792833051010503,2.0003717599167534,0.0,-0.0,0.0,0.0,0.0,0.0
9550,0.784479301589973,-0.3087418210500114,-3.0001921075003204,0.18161582646452396,0.7816381250751006,1.9998786691360857,0.0,-0.0,0.0,0.0,0.0,0.0
9551,0.616564602967903,0.5371235570960691,-0.29623994092045747,-0.7110736569012783,-0.001601354910164809,2.0024832925576717,0.0,-0.0,0.0,0.0,0.0,0.0
9552,0.5729921607066917,0.6388887915756186,-3.2467782131965857,-0.28609006261330727,-0.2550242182453323,2.0000083550395544,0.0,-0.0,0.0,0.0,0.0,0.0
9553,0.28070486876797585,0.37611946190636814,-2.930214824052119,-0.001955143576809819,-0.6419569647940487,2.001647006888708,0.0,-0.0,0.0,0.0,0.0,0.0
9554,-0.6253444583139105,0.5909862050760386,-4.056445567370732,-0.3739301953394007,-0.4567354049355608,2.000974897401101,0.0,-0.0,0.0,0.0,0.0,0.0
9555,-0.5863701888838067,0.2491203854785917,-4.349170636919232,-0.3289773460089305,0.09544789447658364,2.0014542221337672,0.0,-0.0,0.0,0.0,0.0,0.0
9556,0.23195509393994965,0.5810272970593346,-2.1023069063343027,-0.8347844508746284,-0.38847126428861606,1.9971153111166837,0.0,-0.0,0.0,0.0,0.0,0.0
9557,0.7631683544353723,-0.07726071477194665,-3.88817203505615,-0.1777948766636381,0.4090150100694445,1.9954372455268077,0.0,-0.0,0.0,0.0,0.0,0.0
9558,0.6910405509998353,-0.3898313657102939,0.001157646641080189,-0.6001586565285078,-0.491490090317102,1.9997816857412434,1.1348943448940747e-14,9.866746388386311e-15,-0.0,0.0,0.0,0.0
9559,0.13412088709111916,-0.6195018862306773,-3.122046489876989,0.6277223381869246,0.3431991524221814,1.9971862159184202,0.0,-0.0,0.0,0.0,0.0,0.0
9560,0.6858906122005318,0.298633766596225,-2.554675485760009,-0.17403570778815766,0.21021563284954714,2.001808054278326,0.0,-0.0,0.0,0.0,0.0,0.0
9561,0.641822403057887,0.5985850900958283,-0.26814219964356045,0.1482302292809274,-0.330158921054694,2.0021046148896864,0.0,-0.0,0.0,0.0,0.0,0.0
9562,-0.4299526048182497,-0.08477195742241316,-2.639079535101837,0.137819266924205,-0.8953580994892127,2.000399686855416,0.0,-0.0,0.0,0.0,0.0,0.0
9563,-0.06034699631567774,0.6959185496624691,-4.186419730760924,-0.558162661997624,0.5709956555517854,1.99807821356529,0.0,-0.0,0.0,0.0,0.0,0.0
9564,-0.028240180165895995,0.26242082864636856,-2.9735918373438577,-0.22359880636091142,0.7322646106157036,2.0021920356692595,0.0,-0.0,0.0,0.0,0.0,0.0
9565,-0.06292921693774098,0.2237097732397496,-3.302620655747451,-0.27365458461016534,-0.6654929412638766,2.002487807855913,0.0,-0.0,0.0,0.0,0.0,0.0
9566,0.054514721439383816,-0.3299330068680502,-4.197582524471586,0.9600395619217935,0.02831330966685395,2.0031528566148133,0.0,-0.0,0.0,0.0,0.0,0.0
9567,0.007590314902840172,0.7280305340553174,-1.166951319074443,0.38796192019433373,0.47118323736887613,2.0013913443919598,0.0,-0.0,0.0,0.0,0.0,0.0
9568,-0.13892718845129415,0.5028377698212478,-3.767515319846868,-0.26953429214736496,-0.26574972864303537,2.0002762475827836,0.0,-0.0,0.0,0.0,0.0,0.0
9569,0.6394629024472473,-0.7534920421421207,-2.4103524434843084,-0.7042387713259204,-0.30180181869266903,1.9986305425819133,0.0,-0.0,0.0,0.0,0.0,0.0
9570,0.7804847838645601,0.340364293896819,-2.7152654651897503,-0.31183474961086227,-0.22517056410631833,1.9992391955878392,0.0,-0.0,0.0,0.0,0.0,0.0
9571,-0.1808047229639046,-0.569394451220575,-0.6534284623444657,-0.3918830058323043,0.6578747154436752,1.995741483913347,0.0,-0.0,0.0,0.0,0.0,0.0
9572,0.6769794271119701,-0.4581898727051423,-3.197527251997657,-0.21578308089318676,-0.791791608184007,2.0027792367932054,0.0,-0.0,0.0,0.0,0.0,0.0
9573,0.17364141527169474,-0.22346269881390918,-2.1211770263482626,-0.47188165286312755,-0.8443604082964976,1.9957939973850487,0.0,-0.0,0.0,0.0,0.0,0.0
9574,0.7004730846309141,0.4253893149104099,-2.0441803913855985,-0.042615552881504426,-0.09425979221486629,2.0002424576947777,0.0,-0.0,0.0,0.0,0.0,0.0
9575,0.5823780953779165,-0.19152734206853894,-2.076100338251464,0.18332841108153766,0.7663853885627603,1.998635276871137,0.0,-0.0,0.0,0.0,0.0,0.0
9576,-0.7967027885815915,-0.1388671299831874,-2.103459036891925,0.008393349865355046,-0.8393199449622357,2.0040184907326637,0.0,-0.0,0.0,0.0,0.0,0.0
9577,-0.44092082395335513,-0.033471030411051345,-1.620783641664908,-0.7860132709181938,0.23348231940197892,1.9980209855194793,0.0,-0.0,0.0,0.0,0.0,0.0
9578,0.8610781876717023,-0.10659170139018091,-0.2937710184604158,-0.059443339988450694,0.4100075702274116,2.0019745092886985,0.0,-0.0,0.0,0.0,0.0,0.0
9579,0.25862587078109917,-0.4606072282755804,-0.15917363278286428,-0.7064236764357394,-0.510221573081125,2.0023518278689356,0.0,-0.0,0.0,0.0,0.0,0.0
9580,-0.6437669329355216,0.4598301071254521,-3.5768833504591098,-0.7895081793097822,0.5704089451059763,1.9984946622067863,0.0,-0.0,0.0,0.0,0.0,0.0
9581,0.297991768687553,-0.11734608868555396,-1.7314737164724563,0.07367541525802467,-0.764222461619841,2.001920832926004,0.0,-0.0,0.0,0.0,0.0,0.0
9582,-0.11586323568001916,0.5223783024943365,-4.472156796922312,-0.520802722283838,-0.1581683785919819,1.998880531339243,0.0,-0.0,0.0,0.0,0.0,0.0
9583,-0.42032316731639396,-0.9042354168073816,0.41137699581264586,0.6058126938626847,-0.37335440056004854,1.9985137909142434,-2.5395449732273565e-14,6.1458526989581946e-15,1.182833866742971e-255,-0.0005725480337685757,-0.00015253114516395168,0.00012220387420110895
9584,0.08615246431825532,-0.7386418771444359,-0.30414466419226194,-0.24757768757057425,0.23210681589485588,2.002718727588551,0.0,-0.0,0.0,0.0,0.0,0.0
9585,-0.47488665751862263,0.5421884878047651,-0.2984949979708958,0.4994974248358808,0.5351936681789158,2.0003906179246873,0.0,-0.0,0.0,0.0,0.0,0.0
9586,-0.20545191649172556,-0.5705242290904996,-1.7199612437876066,0.48803171141506796,0.3497366523280484,1.9956131858964488,0.0,-0.0,0.0,0.0,0.0,0.0
9587,-0.20571643690983246,-0.7115938913827201,-0.9439784247056432,-0.3352004416371472,-0.09875910230880434,2.000724673790198,0.0,-0.0,0.0,0.0,0.0,0.0
9588,-0.6241691971900015,0.19744272644191982,0.05950474625003338,0.9327571614061119,-0.2762126637855812,2.0016102732930943,-9.241657303398915e-15,-1.7415935111095253e-15,-0.0,-0.00021235893935274116,4.009468402762617e-05,-0.000508327375403887
9589,-0.29753534290458117,-0.8354342123212519,-0.01795465658194805,0.5066733877769954,0.7047116988944392,1.9970444776336345,0.0,-0.0,0.0,0.0,0.0,0.0
9590,0.018644671490695333,0.2537084646358047,-2.013492116451264,0.5582097013215388,0.0021350766084328354,1.9988151813769302,0.0,-0.0,0.0,0.0,0.0,0.0
9591,-0.7106032830845433,-0.6998700982795549,-1.4235423730897823,0.16756503836553807,-0.1759540925982847,1.9995654225584656,0.0,-0.0,0.0,0.0,0.0,0.0
9592,0.6686870901512054,-0.0973425507357605,-3.5547163315558072,-0.4825387152414176,-0.5130643455489897,1.997287355393809,0.0,-0.0,0.0,0.0,0.0,0.0
9593,0.5718258802831001,0.3066138311956713,-2.203017659749258,-0.31235715252418483,0.586583638964622,1.994698749859933,0.0,-0.0,0.0,0.0,0.0,0.0
9594,-0.07891786626367166,-0.6261635322946887,-2.604566157859825,-0.005012538617407314,0.7622662035405962,2.0002371172593123,0.0,-0.0,0.0,0.0,0.0,0.0
9595,-0.8661123908132853,-0.27422340373871523,-2.091892591586081,0.27306650545899375,-0.25461272314684164,2.002069756065294,0.0,-0.0,0.0,0.0,0.0,0.0
9596,-0.1399039532893524,0.16886630735811772,-2.54436543674474,-0.31463974349661794,-0.2987165359640538,2.000066738493988,0.0,-0.0,0.0,0.0,0.0,0.0
9597,-0.6474314905495834,0.23576176973952587,0.19961489361434925,0.7437138754129006,0.5928168512323161,1.9984265453047478,-5.065354212401154e-15,-1.2179464665316492e-14,-0.0,-0.00010678448144663997,0.0002826954786878718,-0.00018829816019029635
9598,-0.8658888737231006,-0.36789447051852614,-3.2576830209560677,-0.9685791119772507,-0.049259915503377265,1.996276218636151,0.0,-0.0,0.0,0.0,0.0,0.0
9599,0.3922103689213819,0.6786941798752606,0.3347759073128437,0.8129541171545288,0.1701231958694885,1.9991558218575218,4.717659090236283e-15,1.240279582966089e-14,-4.3822416979823356e-300,9.605953545804232e-05,-0.00028030890308193725,0.0007593892904880813
9600,-0.3938827911828174,0.5511023862055022,-4.29510005474899,0.6921606494753486,-0.12030527249268906,1.9995934653849852,0.0,-0.0,0.0,0.0,0.0,0.0
9601,-0.29071220216942134,0.34078501786066406,-2.978737808251276,0.17358208313552442,-0.15002445047740656,2.001127356641908,0.0,-0.0,0.0,0.0,0.0,0.0
9602,0.9063576064701632,-0.1245999123863464,-3.892895389058344,0.14354879594830336,-0.051670177799366585,2.0005509349158395,0.0,-0.0,0.0,0.0,0.0,0.0
9603,-0.5202461408842235,0.40792200654491606,-3.0342738400539173,0.5083489890458742,-0.37971036604936553,2.001842039183651,0.0,-0.0,0.0,0.0,0.0,0.0
9604,0.18417816044882315,-0.8301631378503315,-3.511283324130126,0.8043096008030768,-0.1739204927076205,1.9999777155886063,0.0,-0.0,0.0,0.0,0.0,0.0
9605,0.7334850864574669,-0.2596532096485717,-0.6780317921251754,0.33121871987252477,-0.6923860167935035,2.000761004317495,0.0,-0.0,0.0,0.0,0.0,0.0
9606,-0.4353794558507523,-0.7900245156711077,-1.4975379300708016,0.6039008377660213,0.21220046849567456,1.9986519622838148,0.0,-0.0,0.0,0.0,0.0,0.0
9607,0.2574430200336686,0.42764602112314276,-2.2326502090711897,-0.4853593778867529,-0.27980046197156966,2.002329471805126,0.0,-0.0,0.0,0.0,0.0,0.0
9608,0.6896613256558654,-0.5908060274411548,-3.2037774198109825,-0.9661312935621478,-0.11079693392170863,1.998267260837072,0.0,-0.0,0.0,0.0,0.0,0.0
9609,-0.09399815730959407,0.9131636468343611,-4.125168693380732,-0.059898509847304625,-0.08633257849236983,2.0005206824722683,0.0,-0.0,0.0,0.0,0.0,0.0
9610,-0.589829057877011,-0.6997647360553543,-2.6448154230001166,0.9533108852176798,-0.03678832220601159,1.9999663970085362,0.0,-0.0,0.0,0.0,0.0,0.0
9611,0.35232220429512995,0.3420660307412396,-4.006023867110115,-0.5698480564458777,0.19623899313041387,1.9972496003016342,0.0,-0.0,0.0,0.0,0.0,0.0
9612,-0.4343578294402159,0.729895515061841,-1.4008915169417209,0.16801667815088434,0.9621183335493806,2.00133365624988,0.0,-0.0,0.0,0.0,0.0,0.0
9613,0.17032946290824924,0.054384856522386296,-1.9773713292381454,0.6879249593753606,-0.6595152769345469,1.9992638843980903,0.0,-0.0,0.0,0.0,0.0,0.0
9614,-0.2548222937037151,-0.34384058779863774,0.3028041712842634,-0.27525251083526836,0.8349842714786011,1.9974793448122223,6.700469250580367e-15,8.577711865490522e-15,-5.21807e-319,0.00015304726757815808,-0.0002045761319339716,5.600101502865851e-05
9615,0.9390229738220008,-0.161704181924305,-0.1676493936686655,0.31687229175530063,-0.7115710288435259,2.0004104734516437,0.0,-0.0,0.0,0.0,0.0,0.0
9616,0.36669708466924295,-0.4441851808201962,-3.36262677501007,0.7001999601541264,0.07026985793896395,2.000592595274732,0.0,-0.0,0.0,0.0,0.0,0.0
9617,-0.2509637784177763,-0.7981701261320584,-2.8021332748756267,-0.40899216329014343,0.011061924524665775,2.0002946574222724,0.0,-0.0,0.0,0.0,0.0,0.0
9618,-0.5030907408710283,0.75197370633614,-1.118625631446261,0.5560171990681894,0.26733160140186046,2.0018596051688804,0.0,-0.0,0.0,0.0,0.0,0.0
9619,0.7176663769956764,-0.42371492771869096,-3.4401249884635647,0.6014963536002413,0.10599445040900236,1.9998657834373383,0.0,-0.0,0.0,0.0,0.0,0.0
9620,-0.026043730229567835,-0.8859554952671088,-1.6615490629529601,0.08628004574682221,-0.6403236582866725,2.0028109488835533,0.0,-0.0,0.0,0.0,0.0,0.0
9621,-0.6452193662301714,0.5481480965352672,-0.41237442381273737,-0.10536415852505045,-0.5644807968749768,1.9993284370790398,0.0,-0.0,0.0,0.0,0.0,0.0
9622,0.42945061225744435,0.06780744380893365,-1.841063017579406,-0.6225980876239798,0.10511961674502254,2.0005924195248013,0.0,-0.0,0.0,0.0,0.0,0.0
9623,-0.17153417270331675,0.881108821033453,-2.714560780086621,0.43804244804567155,-0.015983593607384744,1.9978107030611112,0.0,-0.0,0.0,0.0,0.0,0.0
9624,-0.8038100227725076,-0.21059471714936145,-3.0093358802954535,0.18092086012151937,0.8747271016400961,2.000766580831619,0.0,-0.0,0.0,0.0,0.0,0.0
9625,0.16928774674468827,-0.9646899195293569,-0.4762306427617481,-0.2384664208181833,-0.629074293944318,2.0040784164145404,0.0,-0.0,0.0,0.0,0.0,0.0
9626,-0.3087286100529185,0.9130778262999856,-1.3577498525239935,0.25343052584670683,-0.5108142377583009,1.9992245536437123,0.0,-0.0,0.0,0.0,0.0,0.0
9627,0.3427335366429887,0.7799779011540642,-1.2126629060582756,0.2131505200461856,-0.7361364376514499,1.9999637536181234,0.0,-0.0,0.0,0.0,0.0,0.0
9628,0.1453706622382199,0.9596755648007042,0.38271229520095645,0.631990322106988,0.3832180431602517,2.0048083293890233,7.751560457691585e-15,-1.8681791984155355e-14,-2.6390671339940403e-272,0.00017893442486800631,0.00042724161052133815,-4.426839553492423e-05
9629,-0.455017122005307,0.19740482260978637,-4.2702429410148985,-0.7193178449210784,-0.3148548027312871,1.9970795840606745,0.0,-0.0,0.0,0.0,0.0,0.0
9630,-0.5636085499051633,-0.029633568288569254,-3.537146825106266,0.1481096286488533,-0.40297166744387114,2.002980989281628,0.0,-0.0,0.0,0.0,0.0,0.0
9631,0.5830581740759908,-0.1501774868977465,-2.3245835208483645,0.49242812976474215,0.236545971527888,1.9987977774909729,0.0,-0.0,0.0,0.0,0.0,0.0
9632,0.5240269468132454,-0.5224268239867107,0.14577352207986455,0.2746097781540044,-0.29464003103268915,2.000205663066524,-2.9510696528782525e-16,1.3936776583395462e-14,-0.0,-2.0371740684554425e-06,-0.00031923838457911243,-0.0002547440289265359
9633,-0.2094259555719196,-0.46818701057053574,-0.6569414872284298,0.9319187501285147,-0.022902287177198333,2.000096435546614,0.0,-0.0,0.0,0.0,0.0,0.0
9634,-0.3542775104268962,0.15407281441614498,-1.6588943623326209,0.47398439454890295,0.7970689286664111,1.9964072648177542,0.0,-0.0,0.0,0.0,0.0,0.0
9635,-0.6911504271138013,0.1630412534782835,-3.4540868772851394,-0.32111395601865533,0.15719780375550307,1.997878411644556,0.0,-0.0,0.0,0.0,0.0,0.0
9636,0.16644322244287948,-0.2544381303145428,-2.6983591203570643,0.02014521024498871,0.9206652806189961,2.0022227811326547,0.0,-0.0,0.0,0.0,0.0,0.0
9637,0.11728414634689992,0.5793449643178497,-2.5964585755741902,-0.9412663780883066,-0.08152972398416035,1.99738309564564,0.0,-0.0,0.0,0.0,0.0,0.0
9638,-0.08139873386705812,-0.5697677234333093,-2.7369748166245995,0.466220313022036,0.1354820308278747,2.003156101052373,0.0,-0.0,0.0,0.0,0.0,0.0
9639,-0.02269719895514098,0.7351742728480146,-0.5015694861461766,0.43035938003650775,-0.3460548678320769,2.000289221531934,0.0,-0.0,0.0,0.0,0.0,0.0
9640,-0.4576456538159201,-0.5742768681171798,-3.319298579901063,0.030361044280898947,-0.7671805397672917,1.9992897290268798,0.0,-0.0,0.0,0.0,0.0,0.0
9641,0.10251879537113902,-0.1191343112910945,-3.95578105006419,0.3678753323341956,0.2601365226360604,2.000071537914736,0.0,-0.0,0.0,0.0,0.0,0.0
9642,0.16543979936753164,-0.9820390025315824,-1.6695759657000029,0.2551982044554692,-0.5040940629321683,1.9983682879005262,0.0,-0.0,0.0,0.0,0.0,0.0
9643,-0.6708608460258533,0.5430860415577706,-0.9163449029495524,0.5264611864896331,-0.3511565107714849,1.9999505474979493,0.0,-0.0,0.0,0.0,0.0,0.0
9644,-0.9834382053569437,-0.0509840123113059,-2.362933699375352,0.07949777421557742,0.7748127508412336,1.9990739653373621,0.0,-0.0,0.0,0.0,0.0,0.0
9645,-0.06601641942401876,0.5762726787211314,-1.1723631501401908,0.08392028416787715,-0.17567062530811517,1.9965802208444994,0.0,-0.0,0.0,0.0,0.0,0.0
9646,-0.09965073457248787,-0.6143378983756801,-1.5396694489135485,-0.3248759779362791,-0.30474432382843236,2.0023112049426564,0.0,-0.0,0.0,0.0,0.0,0.0
9647,0.055986207667754126,0.9161211911289912,-2.244768452035502,-0.49025460383464686,0.6314178065736143,2.0021679282068825,0.0,-0.0,0.0,0.0,0.0,0.0
9648,-0.6948758850485802,0.6765231791630435,-4.173104563786782,-0.31304243211616856,-0.33240324570405627,1.9988446946972798,0.0,-0.0,0.0,0.0,0.0,0.0
9649,0.6131161042461919,0.7507381758327273,-2.3245103813766965,-0.5387605206475391,-0.7645672612444537,2.0020207937132124,0.0,-0.0,0.0,0.0,0.0,0.0
9650,-0.9624910329707493,0.0025464644438615357,-3.618154766380914,0.10788703516654757,-0.4315909684212088,2.0015681088761736,0.0,-0.0,0.0,0.0,0.0,0.0
9651,0.1949961428034218,0.34401888781345835,-1.587351025687533,-0.7035120464359165,0.6033333752792963,1.9993967783151054,0.0,-0.0,0.0,0.0,0.0,0.0
9652,0.3627414315917641,0.6485120813857933,-1.525255952847479,-0.179439826727138,0.746170644575772,1.9965717867856203,0.0,-0.0,0.0,0.0,0.0,0.0
9653,0.39160586824767996,0.04767538778497745,-0.8658922321421934,0.7738433202171968,-0.6245516099053716,1.9977907337213296,0.0,-0.0,0.0,0.0,0.0,0.0
9654,-0.35625196906837675,0.9160107512514607,-1.9354198435038192,-0.3628849710795851,-0.5006383718627712,2.001264031350248,0.0,-0.0,0.0,0.0,0.0,0.0
9655,-0.33799364719788805,-0.23228851317679666,-0.48063837178517294,0.2940487608658316,-0.2181595414851326,1.996579147855401,0.0,-0.0,0.0,0.0,0.0,0.0
9656,-0.7014067291438464,-0.631766609630039,-2.149188914239749,-0.8204917820954681,0.06244316980813163,2.0021479383291685,0.0,-0.0,0.0,0.0,0.0,0.0
9657,0.2937708233036841,0.3913665922146503,-0.8447028685220478,-0.19430724507796526,-0.34063853008258455,1.9999284692520767,0.0,-0.0,0.0,0.0,0.0,0.0
9658,0.41836186815728044,-0.558814991777528,-1.3965329726655096,0.3007150377618943,0.7296747203252614,1.9999876806277639,0.0,-0.0,0.0,0.0,0.0,0.0
9659,0.35746795482060295,0.7505701471454326,-3.8057543494416732,-0.6801940610789508,0.2284227533396805,2.0007659929080215,0.0,-0.0,0.0,0.0,0.0,0.0
9660,-0.41354905127515706,-0.605163822743146,-1.5522575298053904,-0.5398917349461166,-0.0619628317398044,2.0034463340053295,0.0,-0.0,0.0,0.0,0.0,0.0
9661,0.17073020606061493,-0.021931316212258457,-3.6894975135520456,-0.21784921964728196,-0.7520461551097631,2.0001342614785016,0.0,-0.0,0.0,0.0,0.0,0.0
9662,0.7939814514594495,0.5677857999293398,-2.761270344985074,0.018812865802823396,0.011966984384637808,1.9987904953218354,0.0,-0.0,0.0,0.0,0.0,0.0
9663,0.6189569702721546,0.1367309565234365,-1.9659103088798617,0.7574741340003559,-0.17234071704808976,2.000526538671016,0.0,-0.0,0.0,0.0,0.0,0.0
9664,0.3008488566486038,-0.37533880278956466,-3.192652273023163,-0.14230922565969095,0.5403672850195941,2.0006746599839733,0.0,-0.0,0.0,0.0,0.0,0.0
9665,0.41799809956104717,-0.36354958296327083,-0.5575449154478819,-0.3805396991205996,0.8657445380624214,1.999069534952725,0.0,-0.0,0.0,0.0,0.0,0.0
9666,-0.7942800368215811,-0.593398192003253,-4.042872242092672,0.0750948807577903,0.35621519317620565,1.9978246272730982,0.0,-0.0,0.0,0.0,0.0,0.0
9667,-1.035089134694043,0.07392452417887656,0.2923542823887285,-0.3247081421868099,-0.43176400910562185,2.0004465855089606,-2.8147939533592427e-14,-1.8022282431833926e-15,0.0,-0.0006461361824999064,4.18090235040922e-05,6.0202245346557426e-05
9668,-0.24829466613781537,-0.5321735881143415,-1.3938332157916276,0.06678787994230244,0.4513866758388629,2.0012833601364988,0.0,-0.0,0.0,0.0,0.0,0.0
9669,0.381657611065704,0.09979354563904473,-2.2454855072265927,-0.8500533545259674,0.331158637798555,1.999983347206795,0.0,-0.0,0.0,0.0,0.0,0.0
9670,0.7104183652337008,-0.5704749104845438,-0.6753898624976196,-0.6290194618691575,-0.21283427555074255,2.0014114364831137,0.0,-0.0,0.0,0.0,0.0,0.0
9671,-0.8767728724578677,-0.40291476460286363,-2.4985134640436972,0.5166492689059811,0.5638064640778894,1.9966460513506188,0.0,-0.0,0.0,0.0,0.0,0.0
9672,0.33835601236274365,0.2863952103879979,-1.0624858658540388,0.025824300568378925,0.6298225070637837,2.000286589788721,0.0,-0.0,0.0,0.0,0.0,0.0
9673,-0.628189048459907,-0.13376564606356806,-3.3045178130658845,0.20034756952397956,-0.24083703523734057,2.0029894246947224,0.0,-0.0,0.0,0.0,0.0,0.0
9674,0.2801046254793546,0.4226416730582732,-0.5411507035166072,-0.8754921017785712,0.3752717254886171,1.9991325376824778,0.0,-0.0,0.0,0.0,0.0,0.0
9675,-0.4584180734680965,0.165191563132877,-0.8651436159128048,0.6466571270412479,-0.23436026089704975,2.0008995661256894,0.0,-0.0,0.0,0.0,0.0,0.0
9676,-0.20077347379932733,0.7915522305036181,-0.28563923577948747,-0.49288943146587366,0.03375417729659957,2.002706783466521,0.0,-0.0,0.0,0.0,0.0,0.0
9677,-0.9693619995124911,-0.017948189912255243,-0.24821403029077102,0.2931707951597808,0.18522996059219057,2.000528695064441,0.0,-0.0,0.0,0.0,0.0,0.0
9678,0.7181244530647458,-0.4844904822832602,-2.9957465826391854,-0.5828540754240804,-0.12747768690421712,2.000405924105358,0.0,-0.0,0.0,0.0,0.0,0.0
9679,0.28201925880152134,-0.6675405926178745,-1.3098379415591472,-0.12590098882724052,0.1380492762554422,1.9980451705334714,0.0,-0.0,0.0,0.0,0.0,0.0
9680,-0.5246198106687949,0.42483689961682075,-3.679749859793672,0.500982477905501,-0.6454694967327408,1.9984460351757969,0.0,-0.0,0.0,0.0,0.0,0.0
9681,0.4104653036349546,-0.6720789627643856,-0.8396412998378264,0.8159053646420149,-0.5621650630809689,2.0005272160279817,0.0,-0.0,0.0,0.0,0.0,0.0
9682,-0.950352590887466,-0.1733583038697469,-3.8814843569632056,0.24337134497366747,-0.6124098505198006,2.001802893249033,0.0,-0.0,0.0,0.0,0.0,0.0
9683,-0.5648435543802974,-0.7894919941499952,0.023449219054319997,-0.8365354286353429,-0.29553282085323407,1.9974878866734067,-1.1435477581218538e-14,1.8027836527480204e-14,-0.0,-0.0002627487508488812,-0.0004145379840965705,-0.0002800025665973427
9684,0.3697764810268002,0.24465402226437888,-2.014636182499862,0.38028946926191115,-0.041999620521704965,1.9979103700166423,0.0,-0.0,0.0,0.0,0.0,0.0
9685,-0.1975941192772815,0.397581556989042,0.20613350826710378,-0.08579127608037349,-0.5540198485095067,2.0022285794942003,-1.7072130816205303e-14,-8.947118562161577e-15,-0.0,-0.00038744874526262384,0.0002065966861042211,-0.00025119397297812177
9686,0.19844149280606402,-0.8184136910997607,0.4656234823961571,0.6772921775446694,0.7321736652273498,2.000299539563346,4.0987136287912995e-15,1.7118048674138235e-14,6.623322236528714e-225,9.46296165563981e-05,-0.0003921412648238613,0.0004618389732428332
9687,-0.7531098077794205,0.44408545449657394,-1.4943935507216968,-0.5135239517335172,-0.5548116694252205,1.998447480148482,0.0,-0.0,0.0,0.0,0.0,0.0
9688,0.7095543044999241,-0.49851561178978887,-0.6064303391285258,0.7001073658857148,-0.521721472583133,2.000634436289817,0.0,-0.0,0.0,0.0,0.0,0.0
9689,0.051084150692868854,-0.5125367774954702,-4.246116234013382,0.813871331193393,-0.4137309778364298,2.0032936296579886,0.0,-0.0,0.0,0.0,0.0,0.0
9690,0.5125067260683679,-0.30646745814835336,-3.361880494923934,0.729240896139407,-0.04093956740910127,2.002450497478176,0.0,-0.0,0.0,0.0,0.0,0.0
9691,-0.32944210787927497,0.43117785817722987,-4.237894243501345,0.4162191189330009,-0.784947265334966,2.0013901847140967,0.0,-0.0,0.0,0.0,0.0,0.0
9692,0.4732332447142084,-0.4850897258718977,-2.566804958748072,-0.602895205081609,-0.34300746575816154,1.9995774631895853,0.0,-0.0,0.0,0.0,0.0,0.0
9693,-0.07140240636894583,0.7528434767234582,-3.428435208651386,-0.004814425382088167,-0.40644577121511394,1.9988588461874701,0.0,-0.0,0.0,0.0,0.0,0.0
9694,0.6736173079342398,-0.6747066704530138,-1.0839421415252988,-0.9010659990388941,0.343807278873095,1.9996867312063789,0.0,-0.0,0.0,0.0,0.0,0.0
9695,0.09863068748518386,-0.22364456514844744,-4.164186535731518,-0.7577174285155661,0.074718510549958,1.998329208653917,0.0,-0.0,0.0,0.0,0.0,0.0
9696,0.25024222373921073,-0.006259696566447775,-0.995377366309299,0.21482573812680258,0.2421296365557428,2.003287316492785,0.0,-0.0,0.0,0.0,0.0,0.0
9697,0.34996292487817476,-0.8741931769155878,-1.8612519432181969,0.04143847086519685,-0.3859874336906465,2.000399596243627,0.0,-0.0,0.0,0.0,0.0,0.0
9698,-0.6176223496018629,0.6741192632073528,-0.6932413637543424,0.35106505068208593,0.7489627264873034,1.9985737543084647,0.0,-0.0,0.0,0.0,0.0,0.0
9699,0.38040364884552347,0.6156567508464205,-3.9613009837230795,-0.28464968609444,-0.6565397088626275,2.0003443655555886,0.0,-0.0,0.0,0.0,0.0,0.0
9700,0.5422719676065861,0.01804846725095083,-0.710579468859015,-0.04113820496559555,0.9560521597098743,1.9983502260549286,0.0,-0.0,0.0,0.0,0.0,0.0
9701,0.6159365339472245,0.2768759625491286,-2.4956361258943494,0.8348127840713684,0.4563137031160654,2.0014671599688443,0.0,-0.0,0.0,0.0,0.0,0.0
9702,-0.8815569850709094,0.07537091819753836,0.38874644813885717,0.16144331055933359,-0.9641375830109277,2.000378898909038,-7.67788680209732e-15,1.6605823783575782e-14,-4.4340210900317926e-269,-0.00014997706306096303,-0.00039629419101220903,0.00014366083652621187
9703,-0.09154856719232357,0.4768185673305173,-1.1834139222691302,0.16781922291758444,0.35611659535583334,2.000368189284767,0.0,-0.0,0.0,0.0,0.0,0.0
9704,-0.6431317090629287,0.7010195095259917,-1.3337259141807734,0.7472350049139919,0.26448104609707435,1.9977360288899628,0.0,-0.0,0.0,0.0,0.0,0.0
9705,-0.6993704742202169,0.5321700329260703,-3.743914537967634,-0.34718675374113006,-0.8826209604770224,1.9993839345872793,0.0,-0.0,0.0,0.0,0.0,0.0
9706,0.24304520187841802,-0.06820415333194199,-1.2383617596179075,-0.11776335947879339,0.386155881582524,2.0034331880504466,0.0,-0.0,0.0,0.0,0.0,0.0
9707,0.8166102978140724,-0.028609506733827714,0.33417576032130797,-0.7128607765763058,-0.651559306215622,1.9956643188350611,4.874993574464619e-15,2.007438603048127e-14,-4.945205995738187e-300,9.760905850198991e-05,-0.0004771266456981321,-7.21548278011193e-05
9708,-0.27500207210091177,-0.8654539966547996,-1.0201577492634966,-0.13238174608062203,0.014582674196942084,2.000849858644808,0.0,-0.0,0.0,0.0,0.0,0.0
9709,-0.6967396109248357,0.3953553194919693,-3.7401757809852496,0.5909915463787266,-0.5387386389889396,1.998482166828109,0.0,-0.0,0.0,0.0,0.0,0.0
9710,-0.8695553805708458,-0.21883168213739596,-0.41911043851227436,0.4124590523032285,-0.004979440450492061,1.9983694730176167,0.0,-0.0,0.0,0.0,0.0,0.0
9711,-0.23822773371918163,0.750870505114976,-1.3591934578021232,-0.5135728030061292,0.6718098691678234,1.9958043590237973,0.0,-0.0,0.0,0.0,0.0,0.0
9712,-0.7337009262676321,0.5287883843482211,-1.2996257192999086,0.27854598466974057,-0.10407044676423467,1.9984664196579274,0.0,-0.0,0.0,0.0,0.0,0.0
9713,0.6700145941321892,0.2377179339428377,0.20015138652614786,0.5814275332129422,0.10371235763979833,1.9994084625929278,1.5439654690844383e-14,-9.070637346062164e-15,-0.0,0.00035479423494093175,0.00020705422026917427,-9.893293422645158e-05
9714,0.5353384562225554,-0.4625111915416072,-4.137412731006292,0.12979211893797976,-0.2544029865866015,2.000102631531476,0.0,-0.0,0.0,0.0,0.0,0.0
9715,0.2579788412107919,-0.3212223529016227,-1.0461043739989442,-0.5325324071383523,-0.1435974589438413,2.0003759711774585,0.0,-0.0,0.0,0.0,0.0,0.0
9716,0.3474702576263767,-0.7648808395278074,-2.429153361366897,0.416117887134529,-0.8844862958412246,1.9993094141289682,0.0,-0.0,0.0,0.0,0.0,0.0
9717,-0.6244028154867599,-0.5691718017022377,-0.21846314482752824,-0.14487861425837573,-0.5601136992141035,2.0028990674654894,0.0,-0.0,0.0,0.0,0.0,0.0
9718,0.34792650196896924,0.2069404417234634,-4.139309866733912,-0.06583987794445469,0.7455140511720592,2.000896705038932,0.0,-0.0,0.0,0.0,0.0,0.0
9719,-0.7358249286078459,0.0929127540808577,-0.7447960586085995,0.41885903521286266,0.035695197329784274,2.0024705800686005,0.0,-0.0,0.0,0.0,0.0,0.0
9720,-0.5497206661141328,0.3530241324811531,-3.9535873299248645,0.5560953585755685,0.7845203685609848,1.99864096005741,0.0,-0.0,0.0,0.0,0.0,0.0
9721,0.15660167030967798,-0.5228350849343397,-1.0876133913156725,0.32097583568313764,0.20658768926040041,1.997931604418031,0.0,-0.0,0.0,0.0,0.0,0.0
9722,-0.5838186529988468,-0.7178517448326914,-0.36388722320459393,-0.2840376009632327,-0.6878421792516275,1.9988373933812325,0.0,-0.0,0.0,0.0,0.0,0.0
9723,0.7060573437882082,0.5920916946299811,-3.934621011052181,-0.41564985366213303,0.6649411879073368,1.9981349952816896,0.0,-0.0,0.0,0.0,0.0,0.0
9724,-0.8584530542836192,-0.33976572537993904,-3.6129400374114553,-0.2621775702859635,-0.9109323192789343,1.9981736586575907,0.0,-0.0,0.0,0.0,0.0,0.0
9725,0.29607231330129696,0.6534872785694376,-1.9534371704063669,0.13462915966303166,0.3610516461550436,2.0008997794719705,0.0,-0.0,0.0,0.0,0.0,0.0
9726,0.42076227813737027,-0.4223246379286366,0.1918281426045,0.46090695682661265,0.10666069528636636,2.002019884820646,8.027801067986593e-15,1.2550078366623399e-14,-0.0,0.000188060377605628,-0.0002873060132725627,-6.313265129577404e-05
9727,-0.9547286548279674,0.1313903248271363,-3.613674555332096,0.21956158631014994,-0.610640986867589,1.9996306901281822,0.0,-0.0,0.0,0.0,0.0,0.0
9728,0.06226519450339971,0.34588405352550117,-0.2143836389713136,-0.12956118520369034,-0.6146441853333364,1.9966073961936284,0.0,-0.0,0.0,0.0,0.0,0.0
9729,-0.25336688334003205,0.29346976563618893,-2.8447230856352435,-0.4024987204197708,0.75232890470347,2.0028325361059625,0.0,-0.0,0.0,0.0,0.0,0.0
9730,0.430333795376402,-0.6920511076517,0.4596356272076328,-0.8733075624425192,-0.3967564256911231,2.0005759107490766,5.956603914093413e-15,1.5839879248603934e-14,2.273003429549377e-228,0.00013710601556466448,-0.0003638424370835164,0.0003381464366298884
9731,-0.3657527535533515,0.4930997487411066,-3.19537899486349,-0.9305988825743776,0.14843385996083258,2.0058202207557683,0.0,-0.0,0.0,0.0,0.0,0.0
9732,0.47670919518380817,-0.229283739700278,-1.5895818558645147,0.49152505004757086,-0.4801437156707059,2.0015529017074427,0.0,-0.0,0.0,0.0,0.0,0.0
9733,0.14335270993634214,0.03225249074408043,-2.059173763545715,-0.19140983606430245,0.9070729383919961,2.0031393915647038,0.0,-0.0,0.0,0.0,0.0,0.0
9734,0.10693624585369664,-0.10346837611082353,-2.2670895803776308,-0.5303729398836026,0.5689471683317554,2.0014350641254173,0.0,-0.0,0.0,0.0,0.0,0.0
9735,0.5918347865509779,-0.9783088697527478,0.46987019384977574,0.09788562842736466,-0.9326240230005062,1.9984977384366567,1.1093542133267799e-14,1.892686668183685e-14,1.7691619478089443e-223,0.00025567946861826315,-0.00043472686824469025,0.0002118379548634482
9736,-0.926621607753182,-0.1284367026671999,-2.0337000000652647,0.20760071133684926,-0.28765265350531427,2.004651162390421,0.0,-0.0,0.0,0.0,0.0,0.0
9737,-0.2816473587797711,-0.21501728175241536,-2.268864706258718,0.3561009266235171,0.3906381051749732,2.000622258705037,0.0,-0.0,0.0,0.0,0.0,0.0
9738,0.0032254513429042057,0.32305147436791953,-0.0009348448415123255,-0.5653680743744272,-0.11262928416966485,1.9980318701008828,0.0,-0.0,0.0,0.0,0.0,0.0
9739,-0.41907017593549617,-0.7968226496727718,-3.2506731344429443,-0.321249443826131,-0.12198198337941725,1.998397531460964,0.0,-0.0,0.0,0.0,0.0,0.0
9740,0.6218172157362133,-0.40250640055558456,-1.446354915452555,-0.7055713384361911,0.44856285394459294,2.0001962732186898,0.0,-0.0,0.0,0.0,0.0,0.0
9741,0.6900097396330727,0.4379363813460955,-2.3317971230692347,0.3823855342360835,0.2436403727642364,1.9999465152820362,0.0,-0.0,0.0,0.0,0.0,0.0
9742,0.23619462003347386,0.40531914451179996,0.15310236290193563,-0.12482128189887723,-0.6484827858482828,1.997934456260062,-2.755394739528581e-15,-8.445046406968352e-15,-0.0,-6.517419883775283e-05,0.00019389055001822205,-0.00046584265966595825
9743,-0.3605455339695273,-0.5579859713217765,-4.403221688794129,-0.10451648046284713,0.6989919195737582,1.9992482488915586,0.0,-0.0,0.0,0.0,0.0,0.0
9744,-0.08704155168684789,-0.5153670136991906,0.21296375310627372,-0.7068052177908574,-0.07394979936221217,2.0015779973101187,-2.4566559899486017e-15,1.2493287036428319e-14,-0.0,-5.494320035855322e-05,-0.00028611356471708153,-6.133994986111895e-05
9745,-0.29136851935076785,-0.7537822815081219,-2.3437210050379957,-0.8148420925621752,-0.14686740536033024,1.9976128426044695,0.0,-0.0,0.0,0.0,0.0,0.0
9746,0.6788027898503839,0.33538805239585023,-1.0136526950837443,0.010206112341369524,-0.2102842221528211,2.001540855595699,0.0,-0.0,0.0,0.0,0.0,0.0
9747,0.5633976994382466,0.4040758485214563,-1.651752673698975,0.4771490888107229,0.8005821936239266,1.9988164082347,0.0,-0.0,0.0,0.0,0.0,0.0
9748,-0.9023487326349903,-0.6593292072106383,0.3046849110657764,-0.9317174857083168,-0.12272589811845314,1.9967335245120938,-1.61624612103716e-14,1.2503116505395347e-14,-8.4252555e-317,-0.000371782154946088,-0.0002878073513758284,3.580576712056348e-05
9749,0.1901633997531514,0.6125802203594433,0.13002812098898706,-0.4295482768577451,-0.1879549138242447,2.0026209750007613,-1.767875901393895e-15,-2.5639972907540747e-14,-0.0,-4.118281307304944e-05,0.0005912191704937291,-0.00044039920465802415
9750,-0.1327319084927477,-0.7045597178672731,-3.548552582968106,0.07712015764228315,-0.31899001895534135,1.9993332166694704,0.0,-0.0,0.0,0.0,0.0,0.0
9751,0.24980489284780708,-0.7042749288928409,-0.4929949815803863,-0.11621261573963683,-0.7628161365472935,2.0039664296229667,0.0,-0.0,0.0,0.0,0.0,0.0
9752,0.8756634225896812,-0.30882073969141566,-4.193145348572719,0.6236008634285339,0.22638631731044728,1.9985444442291107,0.0,-0.0,0.0,0.0,0.0,0.0
9753,0.23164518866757788,0.4005211004993254,-3.420467718157714,-0.2599015462897298,-0.049059841454023326,1.9974911398210695,0.0,-0.0,0.0,0.0,0.0,0.0
9754,-0.2442786573461989,0.4184432582761813,0.4979877073808957,-0.22218381865999628,0.33544295795019063,1.9996400969192918,-7.573176750510332e-15,-6.188347370097952e-15,-1.1646055048836457e-207,-0.00017341475536531618,0.00014241486902684058,0.0005914921628677968
9755,-0.6670933510225401,-0.3571279661392024,-2.963995356880538,-0.7488485674294993,-0.5103475957203851,2.0003739538644787,0.0,-0.0,0.0,0.0,0.0,0.0
9756,0.8147614522019353,-0.3324331479801484,-3.8340836441297874,-0.7006517437318899,-0.31322516262643313,1.9994619707415828,0.0,-0.0,0.0,0.0,0.0,0.0
9757,0.20634850743544825,0.5855388439454977,0.15116488770942166,0.19061781284297133,-0.824329149521442,2.0010884541031886,1.2243259446721843e-14,-5.187484904104095e-15,-0.0,0.0002821342122586552,0.00011614997437499038,-8.302060934643415e-05
9758,0.43254292648916226,-0.8151207694819148,-2.4419501451925822,0.6818708770223462,0.17710517180062066,2.001544219132853,0.0,-0.0,0.0,0.0,0.0,0.0
9759,0.026984787704842937,-0.5255163830287682,-1.6192513703977158,-0.7935656825914185,0.3769535160778816,1.9980029095895442,0.0,-0.0,0.0,0.0,0.0,0.0
9760,-0.6687649829614154,0.06321792059143883,-1.8089189633880562,0.26852044767206257,0.4031277639346749,2.0001661074285635,0.0,-0.0,0.0,0.0,0.0,0.0
9761,0.297617249320135,0.379046977670021,-0.38619982505866446,0.0816311430173492,0.9045735169616284,2.00065214052414,0.0,-0.0,0.0,0.0,0.0,0.0
9762,-0.3744082775151126,-0.2742811534146126,-2.8717500437662746,-0.6272735879404462,-0.08024334963977603,1.9997871511632108,0.0,-0.0,0.0,0.0,0.0,0.0
9763,0.5180067996977987,0.6527848658208243,-0.6656764594821389,-0.7207337012542561,-0.588998785205793,1.9986388739867016,0.0,-0.0,0.0,0.0,0.0,0.0
9764,0.05269137704489673,0.2555770606347953,-2.753343200557031,-0.3351654496715595,0.4453625673078581,2.00029959945527,0.0,-0.0,0.0,0.0,0.0,0.0
9765,0.7389875700991542,-0.26645431911676165,-0.1526778249902309,-0.6822594320359827,0.01066923793496034,1.9983012273202378,0.0,-0.0,0.0,0.0,0.0,0.0
9766,-0.4305351631556713,0.7350055395536468,-0.14328843321881324,-0.9414671197885291,-0.08263149619267639,2.000420374493652,0.0,-0.0,0.0,0.0,0.0,0.0
9767,0.036878888348175626,-0.21295324173697344,0.24571752117310527,0.4802760142364336,0.40406912784756016,1.999626680557165,2.6149066639499184e-15,3.681020540186285e-15,-0.0,6.093559566826136e-05,-8.44494807061507e-05,-1.9074352622145707e-05
9768,-0.136172645083206,0.08435400956098552,-1.1699307783064197,0.3553872164621276,-0.25519498849512845,1.9978700103335552,0.0,-0.0,0.0,0.0,0.0,0.0
9769,-0.21328088634875125,-0.6543283959525186,-4.120996779867152,-0.7669185624477236,0.18216910137964512,2.000218963843452,0.0,-0.0,0.0,0.0,0.0,0.0
9770,-0.5109273655334144,-0.7675232808153094,-0.21763122356496,-0.05733989707194782,-0.8802134502501342,2.0020034910128626,0.0,-0.0,0.0,0.0,0.0,0.0
9771,0.0865856136438961,-0.5242074458942751,-2.6077128568405366,-0.09097633615446019,0.7798566945713623,2.0013004632038314,0.0,-0.0,0.0,0.0,0.0,0.0
9772,0.07587890880896314,-0.9031592139858605,-1.168596712274914,-0.2574760771105363,0.09185417538411982,2.000826486388614,0.0,-0.0,0.0,0.0,0.0,0.0
9773,0.5354725292355319,0.6095548435008528,-1.9177088917494844,-0.029751384727654203,-0.6496398953396663,2.002438031368776,0.0,-0.0,0.0,0.0,0.0,0.0
9774,-0.7035318245217732,-0.20163295591172442,0.4672753795277695,0.3752852835196985,-0.4430744896958471,1.9945695437011137,-3.051065153297036e-15,6.442644852883892e-15,5.36409858673481e-224,-6.765682983586413e-05,-0.00014552475304083142,0.0005574695163321763
9775,0.11586826527938503,0.5041970784231559,-0.5543631879361693,0.26302379624164446,0.07739663171005397,2.0024269044812057,0.0,-0.0,0.0,0.0,0.0,0.0
9776,-0.8917760341554927,-0.23937553987068275,-2.064931265349068,0.4106764623535531,0.8683611496327052,1.998622175510853,0.0,-0.0,0.0,0.0,0.0,0.0
9777,-0.08371052309573611,0.30638649268172025,0.47265197850677076,0.5725349864432389,0.6786439978834692,2.0012532348451924,1.76828195941884e-15,2.6427004890156665e-15,-1.0424569509502246e-221,4.163380891880709e-05,-6.430606886560673e-05,0.0009991578371737588
9778,0.2233439217725477,-0.253477951758849,-3.595577693315213,0.37542692065154337,-0.24785562707646502,2.001995754844139,0.0,-0.0,0.0,0.0,0.0,0.0
9779,0.7118089628910382,-0.5347311780614517,-1.1554657988270347,-0.6517312022705416,0.005239204889481838,2.001823204239092,0.0,-0.0,0.0,0.0,0.0,0.0
9780,0.3422171433134932,-0.927589048423764,-3.545210175788294,-0.7901736414450158,0.05115920557980365,2.000609569319924,0.0,-0.0,0.0,0.0,0.0,0.0
9781,0.3198166750948613,0.24249120699027757,-4.192310609854199,0.08305956610363804,-0.9704194843252968,2.00161835261597,0.0,-0.0,0.0,0.0,0.0,0.0
9782,-0.09188357289488754,-0.7865513235493544,0.11313078868671816,-0.7212322582116648,0.665066604468771,2.0009659837362253,-1.5761594102230574e-14,4.7914930646423376e-14,-0.0,-0.0003586776552845686,-0.0010926800105024747,-0.0003880815505809842
9783,0.3297350663958403,0.15068819088038843,-3.4117264331702666,-0.13166227065802752,0.8509246048338849,2.0021254675276996,0.0,-0.0,0.0,0.0,0.0,0.0
9784,-0.03024752696742965,-0.863782563120746,-0.6651986898173299,-0.3640714086214871,-0.8566706610803682,2.0017370056008637,0.0,-0.0,0.0,0.0,0.0,0.0
9785,0.10890026531512494,0.8667028792699375,-2.785581669500823,0.891174963459841,0.05867333506680051,1.995187205500892,0.0,-0.0,0.0,0.0,0.0,0.0
9786,0.6612791699116217,-0.0747614944862068,-1.4120570542823963,0.3424698864765555,-0.25172089750934135,1.9972767568500318,0.0,-0.0,0.0,0.0,0.0,0.0
9787,0.13159001193865494,0.576137241506422,-4.364163523047595,0.49035414626758084,-0.8148830235615843,1.9981826006839933,0.0,-0.0,0.0,0.0,0.0,0.0
9788,-0.1931392460342862,0.6157666705092502,-1.454139531273586,-0.9175943341285928,0.3627773845055998,1.9992394659667514,0.0,-0.0,0.0,0.0,0.0,0.0
9789,-0.07554909817208466,0.24663967177240143,-2.8383409921879914,-0.564466621516983,-0.2313798511493626,2.0011818954145095,0.0,-0.0,0.0,0.0,0.0,0.0
9790,-0.10252742324235138,0.8198747973977216,-3.246199407466852,0.1907634424051148,-0.11517191511041315,1.9975407952807653,0.0,-0.0,0.0,0.0,0.0,0.0
9791,0.5642090277302426,-0.5524395003059246,-1.7613118656352253,0.7141040476122673,0.3925408220535073,2.001015407255026,0.0,-0.0,0.0,0.0,0.0,0.0
9792,-0.21286662780269172,-0.4869662208643889,-2.3387621029829457,-0.03436138803928023,0.5413756118226113,2.0012841023386074,0.0,-0.0,0.0,0.0,0.0,0.0
9793,0.47256809797927213,-0.3141718563410502,-0.5397591075555604,-0.6928615441243359,-0.5631141314112524,2.0035335751095533,0.0,-0.0,0.0,0.0,0.0,0.0
9794,-0.8350422490312741,-0.4519286802049682,-2.708920705977178,-0.609117569819611,-0.4864935904321731,2.003303306340654,0.0,-0.0,0.0,0.0,0.0,0.0
9795,-0.0380391649202419,-0.36061745778314847,0.22964256095027286,0.6798730212173519,-0.645705190451612,2.0000282856609877,-2.5214966407813555e-15,-6.888871545109875e-16,-0.0,-5.609413761951746e-05,1.6162601601153234e-05,-9.988185909273151e-05
9796,-0.22935901973589867,0.47908461899603466,-4.376802131727411,0.6471593763244885,0.6667366917229426,2.002866528279888,0.0,-0.0,0.0,0.0,0.0,0.0
9797,0.49194341807425496,0.30581286594542,-0.19740862072343407,0.23278894687817264,0.5503420041333926,2.0012530414815375,0.0,-0.0,0.0,0.0,0.0,0.0
9798,0.4112350201536871,-0.504629539068895,-4.401141442028051,-0.47464399431974374,0.8619513571007162,1.9998002827150165,0.0,-0.0,0.0,0.0,0.0,0.0
9799,0.3373124214927829,-0.12866300831327634,-2.9707181282130324,0.36092389917648665,-0.6596943491615548,2.0003391239967714,0.0,-0.0,0.0,0.0,0.0,0.0
9800,0.8868499169969124,-0.10200297852241991,-1.552761180865747,-0.4149646312480053,0.1540776201429347,2.0006729234174645,0.0,-0.0,0.0,0.0,0.0,0.0
9801,0.2822936614965836,-0.35614604139892303,-3.389428504554957,0.6855867466420894,0.12819467358235387,1.998080984731353,0.0,-0.0,0.0,0.0,0.0,0.0
9802,0.2093763567019257,-0.19524036687245566,-1.5763515972754822,-0.20750813139813346,-0.20959227213316628,1.9980994294074024,0.0,-0.0,0.0,0.0,0.0,0.0
9803,0.30679751133267213,-0.8392919007032115,-1.854400194084196,-0.17256958698563124,-0.0006281593281267804,2.001668240253512,0.0,-0.0,0.0,0.0,0.0,0.0
9804,-0.5994243490427543,0.4362938153645218,-2.4946527335214026,-0.0795999090771746,-0.661407178830634,2.0006567560193917,0.0,-0.0,0.0,0.0,0.0,0.0
9805,-0.649545312262531,-0.5898291274355063,-0.7965544437559406,0.07804610362145196,-0.7049644505567394,1.9978399606574786,0.0,-0.0,0.0,0.0,0.0,0.0
9806,-0.06384055999149349,0.6682003379190761,-2.8874775303501394,0.08798480924113067,0.0830516095644706,2.0020158077493457,0.0,-0.0,0.0,0.0,0.0,0.0
9807,-0.1825177990306578,0.6114442631405795,-1.1239442820683576,0.6530381852699901,0.1274016777926185,2.0001970410199967,0.0,-0.0,0.0,0.0,0.0,0.0
9808,-0.060485170061591,0.8587752429683655,-3.1354751572754758,0.73056411796255,-0.08731744636123771,2.0010902284793377,0.0,-0.0,0.0,0.0,0.0,0.0
9809,-0.13276906216242512,0.49836297898646487,-4.040504929239953,-0.354029333586771,0.7271696079810208,1.998382102877987,0.0,-0.0,0.0,0.0,0.0,0.0
9810,0.6251845875213667,-0.3855808840884961,-2.4223846254079975,-0.01738716686519641,0.3968776157989672,1.9980612559983082,0.0,-0.0,0.0,0.0,0.0,0.0
9811,-0.7827558568100265,-0.5833616739580446,-1.6682753369127874,-0.3275817698174638,-0.8047463466289795,2.000829642383336,0.0,-0.0,0.0,0.0,0.0,0.0
9812,0.6392036483113458,-0.6597282469272567,-1.260015765295185,0.5869900416606432,0.37560186186111766,2.0013220108292664,0.0,-0.0,0.0,0.0,0.0,0.0
9813,-0.5846286981933572,0.2104185349022923,-0.029228929835159973,-0.33733416660788196,0.5110519990381736,1.9998238989381658,0.0,-0.0,0.0,0.0,0.0,0.0
9814,0.032665601231942724,-0.582816943981064,-0.4118562245772718,-0.021774636274463022,-0.4668992578689555,1.9994690262635504,0.0,-0.0,0.0,0.0,0.0,0.0
9815,-0.415391573327006,-0.3013569675355091,-1.5838335042599294,0.16684561152489963,0.866061112488473,2.0018348552062784,0.0,-0.0,0.0,0.0,0.0,0.0
9816,-0.5698255897214023,0.09119098317671934,-1.3460995312483883,-0.5318709549297506,0.010571650967763456,1.9954940752967374,0.0,-0.0,0.0,0.0,0.0,0.0
9817,-0.577695670261166,0.5646758360844042,-4.367166031930963,-0.39300501935311793,0.6924399224447909,1.9986785665836937,0.0,-0.0,0.0,0.0,0.0,0.0
9818,0.16578654178440683,0.7290621731875664,-0.12427144556481876,0.08545776085289546,0.17077282036794414,2.0020727617968745,0.0,-0.0,0.0,0.0,0.0,0.0
9819,-0.7472634163678583,0.6295597192160698,-0.4762836416228023,-0.737514438651595,0.3635499044963587,2.0045630485320234,0.0,-0.0,0.0,0.0,0.0,0.0
9820,-0.049397552883508326,-0.24096115821125522,-0.5041850398069367,-0.8580301308270787,0.2548841879301883,1.9991129634743836,0.0,-0.0,0.0,0.0,0.0,0.0
9821,-0.6664854933272145,0.4713919940429894,0.4361267827922047,0.7522822648201279,0.48299132474034867,2.0018146832706587,-9.813004879921226e-15,-1.9216145164218906e-14,-8.45043632811771e-242,-0.0002240850288108273,0.00044241839703919653,0.00033528177062157154
9822,-0.654687643682669,0.40016104505667466,-4.379414206596537,-0.28839169660678593,0.5553661224184363,2.0002981915186178,0.0,-0.0,0.0,0.0,0.0,0.0
9823,0.567870986731233,-0.3996704251112439,-4.052992748355793,0.7370503509871633,0.21306907054757177,1.9966085314363384,0.0,-0.0,0.0,0.0,0.0,0.0
9824,0.3083657869348393,-0.7217133252063895,-4.443881305321167,0.3502790155141492,-0.896657650528763,1.9993991373539415,0.0,-0.0,0.0,0.0,0.0,0.0
9825,0.4043728185481372,-0.1678855074633718,-4.259622154633797,-0.430729156106654,-0.32438566246816136,1.9990287882208033,0.0,-0.0,0.0,0.0,0.0,0.0
9826,-0.8410396103820282,0.18020803563717866,-0.965913199494847,-0.5568243065483092,0.4795642174684461,1.9972975649175952,0.0,-0.0,0.0,0.0,0.0,0.0
9827,-0.09754171110203057,-0.6716370567164235,-2.127970957161004,-0.1295528065354558,0.021592932983793875,1.999827841416246,0.0,-0.0,0.0,0.0,0.0,0.0
9828,0.5992407291062681,-0.10740713159495767,-1.089892898936246,-0.6108414241233878,-0.4160107755420259,1.9998718055295686,0.0,-0.0,0.0,0.0,0.0,0.0
9829,-0.16531600348243816,-0.15662724037935502,-3.25852969240159,-0.00592114355508487,-0.5097418111623342,1.999848393278552,0.0,-0.0,0.0,0.0,0.0,0.0
9830,-0.5385668767115023,0.6366568749718448,-0.44788344699718696,0.13544699015241976,-0.4452924695563668,2.0041886179741533,0.0,-0.0,0.0,0.0,0.0,0.0
9831,0.5996874150958097,0.17646575401822212,-1.9898689758827248,0.6725676330119793,0.4695843028226195,1.9965410368494518,0.0,-0.0,0.0,0.0,0.0,0.0
9832,-0.08872108942547145,0.006354187803296991,-0.6964300146026949,-0.4101119960072132,0.4667640653413447,2.0025330416816804,0.0,-0.0,0.0,0.0,0.0,0.0
9833,-0.30059866473699504,0.7033796711561865,-2.847547738662163,-0.26985269154157543,-0.8846159937830149,1.9963879369995767,0.0,-0.0,0.0,0.0,0.0,0.0
9834,-0.023885299805506327,-0.17596929574496764,-4.005515015007262,-0.796691119755617,-0.3517115202473446,1.9994193711068682,0.0,-0.0,0.0,0.0,0.0,0.0
9835,-0.9435448217008219,-0.028606478343462523,-1.5486677958148758,-0.8045399616719753,-0.15386005328312138,1.9998594910972478,0.0,-0.0,0.0,0.0,0.0,0.0
9836,-0.511768161459991,-0.5742615494421932,-2.5203513056141347,0.3304669599171533,-0.08594292696331915,2.0010152396482104,0.0,-0.0,0.0,0.0,0.0,0.0
9837,-0.7373166871709158,-0.000867379126146442,-0.9668464876198555,-0.5926279187214116,-0.26896834364175115,1.9985887668376225,0.0,-0.0,0.0,0.0,0.0,0.0
9838,-0.30136439324077474,-0.7985316844346,-3.1871660777602955,-0.3650752493809954,-0.8237070395376483,1.9978060624682021,0.0,-0.0,0.0,0.0,0.0,0.0
9839,-0.5518206533735203,0.5572404325467831,-1.8129770479343001,-0.2514233436916885,-0.20483910839348485,1.9984484902840025,0.0,-0.0,0.0,0.0,0.0,0.0
9840,0.04318649582527936,0.05315668722259471,-0.21023212016505233,0.2594563275144465,0.7671098516079944,2.0022505424351484,0.0,-0.0,0.0,0.0,0.0,0.0
9841,-0.21845237323590758,-0.4253336358539618,-2.908135116133084,0.45729078031508025,-0.0276249466699269,2.000514740532211,0.0,-0.0,0.0,0.0,0.0,0.0
9842,-0.21735670363943743,0.08833146216976372,-0.38437723704615817,-0.7601070546684059,0.00489714579087028,1.9968061134342583,0.0,-0.0,0.0,0.0,0.0,0.0
9843,0.7698780439255684,-0.04847888377484706,0.20020256630598812,0.14336382385747987,0.49824863303641004,1.999363941051862,1.9438188777233454e-14,2.900810717419416e-15,-0.0,0.00044602193610122437,-6.909185550800823e-05,-9.951417528681188e-05
9844,0.06592820725416228,-0.5225808352246626,-0.10608290147755388,0.8417854468409083,-0.011546249555133743,1.995732392499821,0.0,-0.0,0.0,0.0,0.0,0.0
9845,0.41657820777280163,0.901911268009284,-2.5419514662722573,0.9802059203032458,-0.08822000621354088,2.003148286297908,0.0,-0.0,0.0,0.0,0.0,0.0
9846,-0.679416348909195,-0.11483085531559183,-1.2015998033178186,-0.3672951545321629,0.741493802768648,2.0007130755842493,0.0,-0.0,0.0,0.0,0.0,0.0
9847,0.4730107530039413,-0.8530870620854126,-0.9987492213014723,0.14144560215713034,-0.3515646083923831,2.0000547151615877,0.0,-0.0,0.0,0.0,0.0,0.0
9848,0.10276274409941674,-0.42895741409452254,-1.103809808689374,-0.5804166869544379,-0.34706474936161724,1.9985189058999466,0.0,-0.0,0.0,0.0,0.0,0.0
9849,0.43128862509993254,-0.5596376943720458,-2.4032211587459766,0.6074397276605339,-0.6890149237363288,1.9955411720730754,0.0,-0.0,0.0,0.0,0.0,0.0
9850,-0.27212174668878736,-0.7698676236137832,-0.3471785692453636,0.2439696234216664,-0.09142480525628,1.998986651502478,0.0,-0.0,0.0,0.0,0.0,0.0
9851,-0.03752962768620235,-0.7087274060322419,0.2767741889525681,0.5312980903502486,-0.2731151893282988,2.00193288398755,-2.2488320354370825e-15,1.028669185936727e-14,0.0,-5.2248397605443394e-05,-0.00023566727516809592,0.0001779507482996147
9852,0.2788941893536709,-0.5113798025845759,-2.5970185200148532,-0.0953096531581131,0.2736782979667401,1.999116373782994,0.0,-0.0,0.0,0.0,0.0,0.0
9853,0.10285267857865944,0.18741604510597112,-2.8252444065070184,-0.21188264820569574,-0.9253068480136816,1.9976642737528905,0.0,-0.0,0.0,0.0,0.0,0.0
9854,0.11712787801448128,-0.8419821188763269,-0.8946915225678194,0.3526995958538929,-0.679653717026351,2.0016252898473557,0.0,-0.0,0.0,0.0,0.0,0.0
9855,0.7115899583523233,0.07086878862551844,-3.8156052117171892,0.10499334277701647,0.489452589714358,2.0023336749267395,0.0,-0.0,0.0,0.0,0.0,0.0
9856,-0.5637745007919313,0.4731838598994357,-0.9239400850344666,0.15523568140348423,0.6109738677163753,2.001374792835249,0.0,-0.0,0.0,0.0,0.0,0.0
9857,0.8620555043519181,0.3475732815884229,-0.03266095727816661,-0.2228591566476442,0.07519427975957971,2.001008459466653,0.0,-0.0,0.0,0.0,0.0,0.0
9858,-0.4473798164787349,-0.6547770891947069,-3.7418564605796947,0.2787873283309429,-0.17278768534520042,1.9996619202473045,0.0,-0.0,0.0,0.0,0.0,0.0
9859,-0.19841649378368492,-0.19693267708340997,-3.7864323564023463,-0.3146453646616319,-0.05268622075313428,2.0050646177899205,0.0,-0.0,0.0,0.0,0.0,0.0
9860,0.09401570802414368,-0.9243608147837885,-3.122790229700533,-0.6108194550866359,0.6517333683767975,1.9999172216518786,0.0,-0.0,0.0,0.0,0.0,0.0
9861,-0.2852703814361409,-0.6189307744165926,-2.222130144327036,-0.8158869029777077,0.4605030235926473,1.9991937480541013,0.0,-0.0,0.0,0.0,0.0,0.0
9862,-0.04463069512684012,0.5173275967646253,-1.1759206886005897,0.8274817445010965,-0.3716844713864789,1.997872455294165,0.0,-0.0,0.0,0.0,0.0,0.0
9863,-0.3991839520284393,0.3981908248447735,-1.3191603214577563,0.5243712304509723,-0.061261917567649794,2.002282916766542,0.0,-0.0,0.0,0.0,0.0,0.0
9864,0.38063856995554235,-0.15506803242034267,-3.0850692192884424,-0.10092809524138074,-0.5174679839951255,1.9993160991080883,0.0,-0.0,0.0,0.0,0.0,0.0
9865,0.057756061838815105,0.9541919776714405,-3.3938030466041815,0.3562439286940917,-0.8138035853967411,1.9979415397310871,0.0,-0.0,0.0,0.0,0.0,0.0
9866,0.16965957929457504,0.8392442039578121,-3.5298718333874457,0.047102704445463515,-0.9118701923911238,1.9998362252651587,0.0,-0.0,0.0,0.0,0.0,0.0
9867,-0.2812976778170905,0.18316522789966166,-3.3552361763309015,-0.5500767315431978,0.805398718086634,1.9999770510289312,0.0,-0.0,0.0,0.0,0.0,0.0
9868,0.17971288358946755,0.6384902902819698,-2.8661478654398693,-0.7643207436079418,-0.13060859294114066,1.994632135683288,0.0,-0.0,0.0,0.0,0.0,0.0
9869,0.05712954591830208,-0.8259590040693331,-4.343811590434692,0.03150917591735473,0.5431166214081684,2.0009738986868033,0.0,-0.0,0.0,0.0,0.0,0.0
9870,0.7398538988411064,-0.38045815757445933,-0.6497279085819968,0.15249955338306992,-0.7848186426485247,1.996581266540889,0.0,-0.0,0.0,0.0,0.0,0.0
9871,-0.22426857486066407,-0.005965875798615881,-3.2097240128482305,0.3283230507522464,-0.5325042963793257,2.00119951224614,0.0,-0.0,0.0,0.0,0.0,0.0
9872,-0.4042259352586335,0.7501709321591892,0.3733798972589721,-0.11260508422906729,0.5367747884412905,2.0017076435957453,-1.3166906590007948e-14,-1.47937132521886e-14,1.5565284657052805e-277,-0.0003005165435479089,0.00034014586627233634,0.00024510487340384334
9873,0.938509727370068,0.04927305390095713,-1.9903816829707297,-0.33834671547408135,0.5192487676157159,2.003420753402976,0.0,-0.0,0.0,0.0,0.0,0.0
9874,0.21803172363163092,-0.5077208820206508,-3.291271768684587,-0.377332145333014,-0.4996065040713477,1.9994825791743247,0.0,-0.0,0.0,0.0,0.0,0.0
9875,0.6656630608527797,-0.6656533833287431,-1.2354166758524183,0.43031614495984766,0.4704857655030794,1.9980199877323837,0.0,-0.0,0.0,0.0,0.0,0.0
9876,0.3185705118078772,0.9234546117581428,-1.941703091120068,-0.2293310430658409,-0.06518885847480443,2.0047093756298553,0.0,-0.0,0.0,0.0,0.0,0.0
9877,0.03335500827330594,0.2597423054239749,-4.209445628826942,-0.8804534929087569,0.3100549892714786,2.000553937520178,0.0,-0.0,0.0,0.0,0.0,0.0
9878,-0.023474272442120123,0.978278245089398,-0.832599028368859,0.7607941493112118,0.4962399859749561,2.002010906186614,0.0,-0.0,0.0,0.0,0.0,0.0
9879,-0.9264454743872353,0.035204442557012126,-3.8576794758393658,0.1839521337442054,0.8587355753849408,2.003124751283437,0.0,-0.0,0.0,0.0,0.0,0.0
9880,-0.7893715172661024,-0.043899828924317666,-2.767347765950273,0.8358673997360305,-0.3788637499459877,1.9985419448805388,0.0,-0.0,0.0,0.0,0.0,0.0
9881,-0.46368636372210287,-0.5200362700188355,-0.39082486293146046,-0.4346909214626407,0.4463016869892638,2.0000133539386553,0.0,-0.0,0.0,0.0,0.0,0.0
9882,-0.7764139987986978,0.5256188456267898,-2.8815140081892063,-0.5359843110853378,0.3580343622579046,1.9997518776850611,0.0,-0.0,0.0,0.0,0.0,0.0
9883,0.49898443545910426,0.24485408667624334,-0.9744852467806754,0.7028651303346096,-0.49373751380576736,2.0025497636909986,0.0,-0.0,0.0,0.0,0.0,0.0
9884,0.5185033573869121,-0.06035428556981549,-1.8941907165790048,0.6587592122791829,0.555462550876302,2.0015363032826157,0.0,-0.0,0.0,0.0,0.0,0.0
9885,0.1122927587913781,0.8157132449952404,-1.875666510336741,0.6277214662215999,-0.28430605810345194,1.9955602938271066,0.0,-0.0,0.0,0.0,0.0,0.0
9886,-0.3626440702255642,-0.011179556357813137,-2.570035754312244,0.4125347900413708,0.34844506123382235,2.0022451847494813,0.0,-0.0,0.0,0.0,0.0,0.0
9887,0.77221061085124,-0.16608380214623972,-1.3709279955498204,-0.414007458161175,0.45651234393251433,2.0001347276901122,0.0,-0.0,0.0,0.0,0.0,0.0
9888,-0.26929978750707634,-0.15263902365598592,-2.3818461043186874,-0.017633020504152948,-0.6950504769784525,1.998268715356014,0.0,-0.0,0.0,0.0,0.0,0.0
9889,-0.7856729688497599,0.2740209069972902,-4.218467199720525,-0.7136506049198685,0.6848889746339833,2.002727812224943,0.0,-0.0,0.0,0.0,0.0,0.0
9890,0.8197630890364038,-0.4465807280733471,-0.016632018821175463,0.5723832636778359,0.19852228849157805,2.001808930722817,0.0,-0.0,0.0,0.0,0.0,0.0
9891,0.5271286187109094,0.11895434257646657,-3.32243202742381,0.7910004648491634,0.1636681914419863,1.9999307542156584,0.0,-0.0,0.0,0.0,0.0,0.0
9892,-0.14207606845745888,0.5062318264254259,0.07379150122639089,-0.13712516996061166,-0.873533060276836,1.9991377283303484,-3.2373842498144932e-15,-2.4368797641942416e-15,-0.0,-7.66008722945055e-05,5.743479430050539e-05,-0.00015623489213816336
9893,0.2094025165714231,-0.03145251024320574,-0.7356885049104768,0.3966376660937667,0.3089856965227525,1.9982872415934205,0.0,-0.0,0.0,0.0,0.0,0.0
9894,-0.6400382688089629,-0.1747533773194725,-2.0489887284049786,-0.05594442125723559,0.7904212644092725,2.0016644047641012,0.0,-0.0,0.0,0.0,0.0,0.0
9895,0.20356544283852973,-0.41269523870059566,-3.2281855883138717,0.545817061857459,0.3359981796057702,1.9996899588481192,0.0,-0.0,0.0,0.0,0.0,0.0
9896,-0.026216530728921196,-0.84941542659072,-3.5715031901879284,0.23835707865843447,0.22766726538382795,1.9991788950267497,0.0,-0.0,0.0,0.0,0.0,0.0
9897,-0.6226268038533009,-0.4884471601168337,-2.312892675781867,-0.4239326736203689,0.4507435458246693,1.996472079789833,0.0,-0.0,0.0,0.0,0.0,0.0
9898,-0.146543244918999,-0.47171379858051266,-1.1683907252517023,0.27621907372093535,0.5637921034501545,2.000220535883104,0.0,-0.0,0.0,0.0,0.0,0.0
9899,-0.5383295532293383,-0.26940715684216854,0.23268983380863706,0.5644598094316694,0.0065234381389343375,2.0001571482340332,-1.1151581559026045e-14,7.874361301750848e-15,0.0,-0.00025560533166201133,-0.00018113654958891743,7.452330791639397e-06
9900,0.5264948792626409,0.29013269471650793,-3.6131398107158716,-0.27751976014760593,0.39833663944937103,2.002420824493412,0.0,-0.0,0.0,0.0,0.0,0.0
9901,-0.7721864233108511,-0.05635272380876756,-2.777159322673101,-0.15498507273890763,0.6930360473785285,1.9992874822704974,0.0,-0.0,0.0,0.0,0.0,0.0
9902,-0.7127299679086596,0.23934189382079193,-0.5069387171074785,-0.37467963140357186,-0.19252691590841917,1.99894553892478,0.0,-0.0,0.0,0.0,0.0,0.0
9903,0.3314735780638691,0.17901782987388262,-4.4406123058936,-0.8612329365500159,0.0026194490623631336,2.0018433220089915,0.0,-0.0,0.0,0.0,0.0,0.0
9904,-0.8446722297880958,0.13544266358144338,-0.11338492129294997,-0.11810523939200628,-0.8680148188244925,1.9973616369646354,0.0,-0.0,0.0,0.0,0.0,0.0
9905,0.5852620552232466,-0.12340958725890909,-1.1720346193824276,-0.22063523958191342,-0.7571596432115668,1.9981049104538287,0.0,-0.0,0.0,0.0,0.0,0.0
9906,-0.4927296957092146,-0.8639845554977662,-4.179559695768781,-0.5301815879538853,0.6355752498575064,2.0054281447220337,0.0,-0.0,0.0,0.0,0.0,0.0
9907,-0.3937311378543537,-0.014190049694696439,-0.9516614514708788,-0.10208712737226493,-0.9657000155286802,2.002296408158788,0.0,-0.0,0.0,0.0,0.0,0.0
9908,0.5399075502508264,-0.8381710216647118,-4.241326065842305,-0.5579096387034551,-0.2374084936249068,2.0015950227193935,0.0,-0.0,0.0,0.0,0.0,0.0
9909,0.867548287472511,-0.1401885848179276,-4.30535291549719,0.10418999847478523,-0.5611240126377451,2.0009179472532916,0.0,-0.0,0.0,0.0,0.0,0.0
9910,0.2718780329094366,0.6670255795902718,-2.069794378054229,0.8169353636760422,0.5289865678785654,1.9948031760829976,0.0,-0.0,0.0,0.0,0.0,0.0
9911,0.45284271630479883,0.8132799085239385,-4.223852290069709,-0.6405943393267824,0.5395721738221468,2.001610983115114,0.0,-0.0,0.0,0.0,0.0,0.0
9912,0.3104162075966287,-0.0371314874810396,-1.9801745946688551,0.8419348301139692,-0.26364966189271855,1.9966871294637438,0.0,-0.0,0.0,0.0,0.0,0.0
9913,0.5589633317502024,-0.3217985516305473,0.06190202133005682,0.10820594358531936,-0.3508295773237837,2.004159177453226,5.90104644502109e-15,1.9050423268752697e-14,-0.0,0.0001482446696873194,-0.00044763827769135064,-0.00022904056745651663
9914,0.7789376360361572,0.17110769988127825,-0.7690333928639983,-0.051664695018144975,0.0798577818723435,2.000060057740204,0.0,-0.0,0.0,0.0,0.0,0.0
9915,0.37132742830430354,-0.3569983914786509,-3.4442924099826633,0.4261890212978081,-0.5984560870600202,2.004224891780643,0.0,-0.0,0.0,0.0,0.0,0.0
9916,-0.4257515370567145,0.8149497741760021,-2.7327295987754443,0.30611019526154615,-0.811242431468818,2.002287578590662,0.0,-0.0,0.0,0.0,0.0,0.0
9917,-0.8421266070463542,0.2732774059194413,-0.042502765940781576,-0.024963504566657597,0.5052856686582459,2.000332054198726,0.0,-0.0,0.0,0.0,0.0,0.0
9918,-0.7351024648081337,0.21974219890734975,-2.3782367631060164,0.3957756817630348,0.14669614005652346,1.996961276657987,0.0,-0.0,0.0,0.0,0.0,0.0
9919,-0.6884558992353313,-0.5033202380356366,-0.23415169950931575,0.21158693827687108,-0.9710749750344397,2.001656670061792,0.0,-0.0,0.0,0.0,0.0,0.0
9920,-0.4494167482477763,0.5102949165777378,-0.9757312896825733,0.8666958696081347,0.03142760905092763,1.9992990349772162,0.0,-0.0,0.0,0.0,0.0,0.0
9921,0.17557656747242287,0.9109286197221703,-0.8173293750229949,0.33572461547043453,-0.5319800294236909,1.99852871284073,0.0,-0.0,0.0,0.0,0.0,0.0
9922,-0.3226941805119919,0.2002628969347263,-2.0224404617018092,0.11009866496659308,-0.08814153860396423,2.0019520610811434,0.0,-0.0,0.0,0.0,0.0,0.0
9923,-0.512001856930553,0.7080097890480118,-3.4660895634248705,0.7299344064012374,-0.5237538077910999,2.0001135583668272,0.0,-0.0,0.0,0.0,0.0,0.0
9924,-0.7310704552080983,0.6116137031143312,-0.6471022641296109,0.04335026313716975,0.7688674468289777,1.9990223086288585,0.0,-0.0,0.0,0.0,0.0,0.0
9925,0.12073628964162464,0.9833661242119384,-3.612478820150439,0.3967593526456441,0.3153092980693612,2.0017850264301535,0.0,-0.0,0.0,0.0,0.0,0.0
9926,0.10576867586145211,0.28356469472481655,-0.7323262066109242,-0.6421893781961586,0.32112361114024474,1.997396894141918,0.0,-0.0,0.0,0.0,0.0,0.0
9927,0.7276066550945796,0.2670538710951167,-3.1348585770536626,0.37588179909924246,-0.1822967542333179,1.9980861479797114,0.0,-0.0,0.0,0.0,0.0,0.0
9928,-0.4013394266866781,0.10575343915241629,-2.637361453382174,0.5106255315995055,0.6114616985269073,1.9984334534841337,0.0,-0.0,0.0,0.0,0.0,0.0
9929,-0.1413552880758513,-0.6245341991731335,-1.9459659080112865,0.6178769213965571,0.6181837917089423,2.000030406401456,0.0,-0.0,0.0,0.0,0.0,0.0
9930,-0.3661887578962404,-0.8123526705866095,-0.2075998456309634,-0.1848320348266821,-0.573445841420496,2.0011394768625896,0.0,-0.0,0.0,0.0,0.0,0.0
9931,0.26227198335922675,0.9648708849373966,-0.013445403681372241,0.28400843512382234,-0.3014016707065221,1.9977258174096213,0.0,-0.0,0.0,0.0,0.0,0.0
9932,-0.15478634267210606,-0.20813457166224988,-3.8448709579671005,0.33439021025489224,0.3200924030974535,2.0015710625507097,0.0,-0.0,0.0,0.0,0.0,0.0
9933,-0.17514377810601997,-0.9117292162616275,-4.173576110970675,-0.46610277358201385,0.340480358247258,2.000624904444081,0.0,-0.0,0.0,0.0,0.0,0.0
9934,0.8478453279584677,-0.4771241275098842,0.36112088686274524,0.6402936351213736,0.2813770529006647,2.0015123240929054,-1.3049790910239864e-14,1.3964762324302093e-14,1.2759751225124891e-284,-0.0003006703104540411,-0.00031225850632902595,0.000474352173859522
9935,0.04130008660724423,-0.18722404079928773,-1.4070712991096148,0.6780351290634035,-0.1507558042938022,1.9980084451228017,0.0,-0.0,0.0,0.0,0.0,0.0
9936,0.22901853263942146,0.5196529942822881,-4.087379326386477,-0.5798622184232162,-0.3144389947293892,2.000623221608662,0.0,-0.0,0.0,0.0,0.0,0.0
9937,0.06391816029673135,0.4307044935257724,-3.910653891202261,-0.625638824956517,0.17820566097327487,1.998380481177347,0.0,-0.0,0.0,0.0,0.0,0.0
9938,0.5325439408916381,0.49034228041375333,0.07699986765309529,0.056008309196799555,0.07584786415680794,1.9991124611631133,3.1872531235745805e-15,-1.745612693730872e-14,0.0,7.336623279863162e-05,0.00040617530314109994,0.00011021946440467784
9939,-0.6435230835791892,-0.04921948882372604,-4.20659670191073,0.13083199327265602,-0.884221195718356,1.9978333588448205,0.0,-0.0,0.0,0.0,0.0,0.0
9940,-0.4947251971027252,-0.3121293822141079,-4.31674145121992,0.44058120731176026,-0.5397015921826082,2.0030174525327236,0.0,-0.0,0.0,0.0,0.0,0.0
9941,-0.849886049192205,-0.4966318392954833,-3.4615037696010806,-0.9359585486916994,0.001687589200846841,2.0010646312724525,0.0,-0.0,0.0,0.0,0.0,0.0
9942,0.42147400395187534,0.21137939402070355,-1.384978007877663,-0.0992438425059082,-0.5259894751452465,1.9987210844841086,0.0,-0.0,0.0,0.0,0.0,0.0
9943,-0.16987492089780018,0.8633298533118522,-0.27177990800097723,-0.08516874314799874,0.227615893061811,2.000963617628773,0.0,-0.0,0.0,0.0,0.0,0.0
9944,-0.05317955309624568,0.9631551656348952,-2.8322262052597154,-0.850045418424874,0.2255158996088687,1.9997404218576662,0.0,-0.0,0.0,0.0,0.0,0.0
9945,-0.4230552547790853,0.3994528738815485,-0.5829993937128352,0.09430085102300198,-0.6981357142330997,2.001143450997321,0.0,-0.0,0.0,0.0,0.0,0.0
9946,-0.6837845217433322,-0.40720275542815326,-2.764400811701808,-0.05405417029357435,-0.7087016033848317,2.001606253404569,0.0,-0.0,0.0,0.0,0.0,0.0
9947,-0.8083591474872083,0.21559914221114213,-1.6061078976538956,-0.3626045462091439,-0.46028754487251944,1.9969899167132834,0.0,-0.0,0.0,0.0,0.0,0.0
9948,-0.5692088745006715,0.6637436705534088,-2.605562392246702,-0.05075124794434727,0.20189575276595412,2.0007661514642026,0.0,-0.0,0.0,0.0,0.0,0.0
9949,0.9016347023134652,0.25021539412999794,-0.5402369525500234,0.31094983545949884,-0.4004345018717063,2.00037139415257,0.0,-0.0,0.0,0.0,0.0,0.0
9950,0.661252072645397,-0.1088019783373637,-2.6720798118576794,-0.010959133815452226,0.7105272752403354,2.001990976986274,0.0,-0.0,0.0,0.0,0.0,0.0
9951,-0.5964736060575888,-0.5247306368976107,0.42145883325215633,0.372862460541846,0.009307993411305488,1.9996533195554418,-1.3969007156174594e-14,2.181755598606079e-14,4.207321692973675e-250,-0.0003198730095232107,-0.0004979648405241608,0.00034516435576498785
9952,0.3990440735687077,0.7742571360331605,0.01072533840427692,0.4793434158163998,-0.32895822636651423,2.002717543354389,4.309622366175621e-14,-5.685964123323602e-14,-0.0,0.0009825810135883118,0.0013020805976868453,-0.0013159717897380343
9953,-0.24340802793699112,-0.10835060068393317,-4.321631009590388,0.8774842972979513,-0.22231258840053375,2.002409311157488,0.0,-0.0,0.0,0.0,0.0,0.0
9954,-0.3237044371668442,-0.4954799558448875,-2.6139223885589167,-0.5828347888240087,0.21919252124723612,1.998343224419748,0.0,-0.0,0.0,0.0,0.0,0.0
9955,-0.6797581185753447,-0.20029794193478928,-4.024072994231262,0.8141647477462245,-0.13690631195095748,1.9959992379071139,0.0,-0.0,0.0,0.0,0.0,0.0
9956,-0.027757508074371613,0.17257221752268082,-2.6461026830215073,0.7963050973031811,0.488681410787149,2.0023818240890763,0.0,-0.0,0.0,0.0,0.0,0.0
9957,-0.19591140878401422,-0.21771609761183502,-2.1159858624419083,0.875895741212102,0.1336483535026401,2.001997348512457,0.0,-0.0,0.0,0.0,0.0,0.0
9958,-0.5082541157965141,-0.8310307802326552,-2.3779875310673653,-0.4263084528591682,-0.874732226210097,2.002351377163192,0.0,-0.0,0.0,0.0,0.0,0.0
9959,-0.4612256017427399,-0.7848593202804258,-0.7505495066682176,-0.6589488319495407,-0.1352443173509203,2.0027232841781664,0.0,-0.0,0.0,0.0,0.0,0.0
9960,0.8669482345878455,0.2433797063537047,-3.0663124407621782,0.3552316498295788,0.833246287411515,1.9984768923239578,0.0,-0.0,0.0,0.0,0.0,0.0
9961,-0.07886091121449469,0.4658231612728694,-1.3893449634169037,0.03718239728690449,-0.10010078956878106,1.9979911592660775,0.0,-0.0,0.0,0.0,0.0,0.0
9962,-0.532454335885752,0.7148669086444004,-3.696936597416142,0.24357448360183487,0.13460590081134438,1.9952214226858047,0.0,-0.0,0.0,0.0,0.0,0.0
9963,0.2067701460241341,0.20418779268741774,-0.4375869410446084,0.3323998855287581,-0.5844965046779661,2.000495732640189,0.0,-0.0,0.0,0.0,0.0,0.0
9964,0.5158288558790463,0.29488547048290714,-3.212808469800322,0.12433451610787169,0.6896414040596661,1.9987364109165793,0.0,-0.0,0.0,0.0,0.0,0.0
9965,-0.6317357286689822,0.36671885456560444,-4.119854496878444,-0.4074704336964374,-0.6799667576406225,1.999800299634696,0.0,-0.0,0.0,0.0,0.0,0.0
9966,-0.7365348282008657,0.3831217141463725,-1.5468334018321475,0.6210899363285165,-0.4617571006500536,1.997770100861048,0.0,-0.0,0.0,0.0,0.0,0.0
9967,-0.13045237528409764,0.05963120324086557,-2.8439131098723025,-0.4752519717913824,-0.7050639290412286,1.999940394052503,0.0,-0.0,0.0,0.0,0.0,0.0
9968,0.3063519277781242,0.16332492637521115,-1.0974948273633494,-0.5999760028422844,-0.23451910571639753,2.0000612463262715,0.0,-0.0,0.0,0.0,0.0,0.0
9969,0.4604691629025102,0.6912759563769773,-0.3149019043465521,-0.9467626835157419,-0.19489094723487607,1.999636088502508,0.0,-0.0,0.0,0.0,0.0,0.0
9970,0.3111804753981929,0.19561338470143136,-1.8164066139179014,0.6697661000144702,0.5267679132949591,2.002031990712862,0.0,-0.0,0.0,0.0,0.0,0.0
9971,0.7490964039188859,-0.5633436345292446,-0.20352484613691765,-0.04703934266219022,-0.712747131840362,2.004071198945355,0.0,-0.0,0.0,0.0,0.0,0.0
9972,0.8274484566432857,-0.2061712620377089,-1.5155355164457538,0.0016239145100864025,0.9688644051065285,2.0033893307976047,0.0,-0.0,0.0,0.0,0.0,0.0
9973,0.3858176882646389,-0.6983860552032171,-0.6319217802788502,-0.2939873740883037,-0.6836216887133005,2.0024830329239527,0.0,-0.0,0.0,0.0,0.0,0.0
9974,0.034253698035622636,-0.6966900674112196,0.2202608312269188,0.8245984070935993,0.24877207718664193,2.0025341578167906,1.5490175602285998e-14,1.4192270779290092e-14,-0.0,0.0003544548001129106,-0.00032627187961411076,-6.614967949168325e-05
9975,-0.6000138086676922,-0.31664445496002513,-3.4000702601801414,-0.8433294538902083,0.00544649228424453,2.0004830085155594,0.0,-0.0,0.0,0.0,0.0,0.0
9976,-0.8058193765268016,0.16346148818215392,-1.7952445936789343,-0.1324983763769876,-0.9758726921083732,1.9972531282878268,0.0,-0.0,0.0,0.0,0.0,0.0
9977,0.37382707864140563,-0.021630452853146194,-1.9524736442267778,0.2535031894867288,0.6701826592895189,1.998702208067707,0.0,-0.0,0.0,0.0,0.0,0.0
9978,0.4656779439786906,0.28056683171039254,-3.020181660560623,-0.0838452320829581,-0.9782886719106602,1.9990858542559016,0.0,-0.0,0.0,0.0,0.0,0.0
9979,0.3290796014812983,-0.8373585329499037,-3.3968237231196268,0.29689903396135264,0.5648495979541813,1.9985792452897058,0.0,-0.0,0.0,0.0,0.0,0.0
9980,0.9390390022518763,0.24077494319226111,-2.272207232027952,0.36492834675382,-0.5760202470931097,2.000337758590022,0.0,-0.0,0.0,0.0,0.0,0.0
9981,-0.024621504779991282,0.12237142027382954,-3.3353237120055175,0.0583898223043766,-0.8085693049453642,1.9974739020991104,0.0,-0.0,0.0,0.0,0.0,0.0
9982,-0.4746660124652665,-0.6586022065230956,-2.570479115386198,0.5136603851337123,0.5242980700220713,2.0015034665572413,0.0,-0.0,0.0,0.0,0.0,0.0
9983,0.4410958146862517,0.5295803075956687,-2.7278718830376842,0.8111647013309582,0.4284860356812469,1.9991239947131934,0.0,-0.0,0.0,0.0,0.0,0.0
9984,-0.2727740009962467,-0.8980685679294903,-4.075480279629734,0.1645274209943948,-0.1269997045822241,2.0025056443979152,0.0,-0.0,0.0,0.0,0.0,0.0
9985,0.20685604705418303,0.6379927137622006,-1.8087641973292454,0.9702100451231936,0.13199105154539567,2.000760485792174,0.0,-0.0,0.0,0.0,0.0,0.0
9986,-0.10146627173525513,0.613719525390399,-3.120953684204818,0.9515223737133345,0.2311301240727527,1.9989797165343224,0.0,-0.0,0.0,0.0,0.0,0.0
9987,0.268371839373596,-0.0017958294254359257,-0.7170519055685793,-0.08691424181216047,-0.8292650073726385,1.9973871403424337,0.0,-0.0,0.0,0.0,0.0,0.0
9988,0.023818258960960206,-0.8738492530142677,-3.0260029498913,-0.3353061216687518,0.34700359822186555,1.9961011829377222,0.0,-0.0,0.0,0.0,0.0,0.0
9989,0.6797748812223451,0.35607777767901294,-1.0826728428743124,0.9332376319952295,-0.1744431677767792,2.0011350829235104,0.0,-0.0,0.0,0.0,0.0,0.0
9990,0.09081223562177851,-0.680788725331071,-0.0024036725640582015,0.536813597510757,-0.6231439858106882,1.9999034615179048,0.0,-0.0,0.0,0.0,0.0,0.0
9991,0.8536002153178237,0.12724369118780923,-2.7973140261895275,-0.5714462477903272,0.4168363074215627,2.002368924237463,0.0,-0.0,0.0,0.0,0.0,0.0
9992,-0.4003377053129606,-0.9050403779788266,-2.5822196052520825,0.4846509816409727,0.19970626547449458,1.9975129662804134,0.0,-0.0,0.0,0.0,0.0,0.0
9993,-0.5276881683020342,-0.36082912139764906,-2.447622416307765,-0.16492899776205058,0.26481359899468265,2.0061950581730272,0.0,-0.0,0.0,0.0,0.0,0.0
9994,-0.14586609903802783,0.29582985169945125,-2.0876526819350785,-0.3344693768447322,0.585237087976252,2.0038003116522813,0.0,-0.0,0.0,0.0,0.0,0.0
9995,0.9120631685149995,0.19320521879944527,-0.6216185215833435,-0.25528759860318256,0.12173168332515974,1.9980397561035057,0.0,-0.0,0.0,0.0,0.0,0.0
9996,-0.7548596289266383,-0.014256091411630863,0.16506115708454702,0.6215579443976696,-0.6559161897245945,1.9971653637761715,9.6767456231585e-15,-2.1461301371211626e-15,0.0,0.0001839563773332275,0.00041466797970161304,0.006220434069489624
9997,-0.12355127277689476,0.5254156393526302,0.3547274424182934,-0.8135278361381479,-0.1026117368087953,1.9979979766314786,1.9818135987981656e-15,-1.095821234949853e-14,-7.4592319066516565e-289,4.549053853931648e-05,0.0002522729032054736,0.00020699805870282517
9998,-0.7668215346546631,0.06732348179868665,-1.2169675751114934,-0.6710902596814827,0.4272437973792967,1.9999114111658003,0.0,-0.0,0.0,0.0,0.0,0.0
9999,0.32673460679384625,0.070674974642807,-2.6984780636128685,0.04316499579638877,0.9014702588880538,1.9988803510863404,0.0,-0.0,0.0,0.0,0.0,0.0
